

0
0
0
0
0
0
0
0
0
0
0
0
0
0
0
0
0
0
0
0
0
0
0
0
0
0
0
0
0
0
0
0
0
0
0
0
0
0
0
0
0
0
0
0
0
0
0
0
0
0
0
0
0
0
0
0
0
0
0
0
0
0
0
0
0
0
0
0
0
0
0
0
0
0
0
0
0
0
0
0
0
0
0
0
0
0
0
0
0
0
0
0
0
0
0
0
0
0
0
0
0
0
0
0
0
0
0
0
0
0
0
0
0
0
0
0
0
0
0
0
0
0
0
0
0
0
0
0
0
0
0
0
0
0
0
0
0
0
0
0
0
0
0
0
0
0
0
0
0
0
0
0
0
0
0
0
0
0
0
0
0
0
0
0
0
0
0
0
0
0
0
0
0
0
0
0
0
0
0
0
0
0
0
0
0
0
0
0
0
0
0
0
0
0
0
0
0
0
0
0
0
0
0
0
0
0
0
0
0
0
0
0
0
0
0
0
0
0
0
0
0
0
0
0
0
0
0
0
0
0
0
0
0
0
0
0
0
0
0
0
0
0
0
0
0
0
0
0
0
0
0
0
0
0
0
0
0
0
0
0
0
0
0
0
0
0
0
0
0
0
0
0
0
0
0
0
0
0
0
0
0
0
0
0
0
0
0
0
0
0
0
0
0
0
0
0
0
0
0
0
0
0
0
0
0
0
0
0
0
0
0
0
0
0
0
0
0
0
0
0
0
0
0
0
0
0
0
0
0
0
0
0
0
0
0
0
0
0
0
0
0
0
0
0
0
0
0
0
0
0
0
0
0
0
0
0
0
0
0
0
0
0
0
0
0
0
0
0
0
0
0
0
0
0
0
0
0
0
0
0
0
0
0
0
0
0
0
0
0
0
0
0
0
0
0
0
0
0
0
0
0
0
0
0
0
0
0
0
0
0
0
0
0
0
0
0
0
0
0
0
0
0
0
0
0
0
0
0
0
0
0
0
0
0
0
0
0
0
0
0
0
0
0
0
0
0
0
0
0
0
0
0
0
0
0
0
0
0
0
0
0
0
0
0
0
0
0
0
0
0
0
0
0
0
0
0
0
0
0
0
0
0
0
0
0
0
0
0
0
0
0
0
0
0
0
0
0
0
0
0
0
0
0
0
0
0
0
0
0
0
0
0
0
0
0
0
0
0
0
0
0
0
0
0
0
0
0
0
0
0
0
0
0
0
0
0
0
0
0
0
0
0
0
0
0
0
0
0
0
0
0
0
0
0
0
0
0
0
0
0
0
0
0
0
0
0
0
0
0
0
0
0
0
0
0
0
0
0
0
0
0
0
0
0
0
0
0
0
0
0
0
0
0
0
0
0
0
0
0
0
0
0
0
0
0
0
0
0
0
0
0
0
0
0
0
0
0
0
0
0
0
0
0
0
0
0
0
0
0
0
0
0
0
0
0
0
0
0
0
0
0
0
0
0
0
0
0
0
0
0
0
0
0
0
0
0
0
0
0
0
0
0
0
0
0
0
0
0
0
0
0
0
0
0
0
0
0
0
0
0
0
0
0
0
0
0
0
0
0
0
0
0
0
0
0
0
0
0
0
0
0
0
0
0
0
0
0
0
0
0
0
0
0
0
0
0
0
0
0
0
0
0
0
0
0
0
0
0
0
0
0
0
0
0
0
0
0
0
0
0
0
0
0
0
0
0
0
0
0
0
0
0
0
0
0
0
0
0
0
0
0
0
0
0
0
0
0
0
0
0
0
0
0
0
0
0
0
0
0
0
0
0
0
0
0
0
0
0
0
0
0
0
0
0
0
0
0
0
0
0
0
0
0
0
0
0
0
0
0
0
0
0
0
0
0
0
0
0
0
0
0
0
0
0
0
0
0
0
0
0
0
0
0
0
0
0
0
0
0
0
0
0
0
0
0
0
0
0
0
0
0
0
0
0
0
0
0
0
0
0
0
0
0
0
0
0
0
0
0
0
0
0
0
0
0
0
0
0
0
0
0
0
0
0
0
0
0
0
0
0
0
0
0
0
0
0
0
0
0
0
0
0
0
0
0
0
0
0
0
0


-83.114
1
2.031
0
-3.208
0
-5.38
1
7.72
1
4.128
1
0.24
1
-7.333
1
-8.21
1
-0.973
1
-2.273
0
7.134
1
-0.815
1
-1.1
0
4.876
0
2.8
0
2.587
1
1.446
0
0.532
0
-3.887
1
8.62
1
-4.598
1
-1.649
0
-7.458
1
-4.487
0
-2.738
1
3.142
1
0.888
0
-4.556
0
-0.84
1
5.062
0
0.577
1
0.84
1
-6.774
0
-4.642
0
4.808
1
2.807
0
-6.839
1
-1.218
1
-4.106
1
-11.915
1
-1.603
0
-3.195
1
-0.578
0
-3.16
1
-83.114
-2.639
0
2.354
0
-5.88
1
-10.283
0
-0.99
1
0.227
1
-7.16
1
0.812
0
-0.869
1
13.007
0
-1.369
1
-8.204
1
-7.582
1
5.895
0
-4.868
1
1.331
1
-0.594
1
-8.548
1
4.094
1
3.871
0
-1.229
1
-5.729
0
-3.168
1
-2.827
1
-3.253
1
3.472
1
4.401
1
-5.084
0
-3.265
1
-5.386
0
-1.314
1
0.117
0
2.506
0
1.861
1
-1.811
0
-4.337
0
6.586
0
4.326
0
0.95
1
-5.194
0
-0.185
0
-1.172
0
8.206
1
-4.639
1
4.572
1
-2.639
-0.353
0
-4.563
0
-5.917
1
-3.29
0
3.522
1
-4.716
1
-2.993
0
6.448
0
-1.636
0
4.259
0
-1.089
1
-4.325
1
-1.83
1
-3.133
1
1.218
1
-2.606
0
2.965
0
-3.521
0
-7.965
1
-5.533
0
0.675
1
-1.783
0
-4.31
1
-6.714
0
0.839
1
2.739
1
-6.791
1
9.045
0
1.201
0
1.404
1
-0.477
1
7.249
0
0.707
0
-3.797
1
-3.905
0
1.261
1
-0.339
0
5.232
0
4.473
1
-5.484
1
-9.703
0
-1.475
0
-4.118
0
-5.286
0
4.592
1
-0.353
-55.934
0
-5.094
1
-6.523
1
1.54
0
0.989
1
5.281
0
-3.181
0
-3.824
1
1.637
1
5.044
1
0.097
1
-1.857
1
-7.524
1
6.163
0
3.067
0
-5.313
1
3.121
1
-4.369
0
-3.304
0
9.745
1
5.838
0
-4.147
1
-0.149
1
-1.743
0
0.166
0
-6.751
1
3.599
0
-0.171
0
-8.259
0
2.637
0
-2.305
1
0.791
1
-1.7
1
-5.175
1
-0.0510002
0
-4.879
1
1.922
0
-4.729
0
0.139
0
-6.785
1
-2.838
1
-0.189
0
4.633
1
2.375
1
2.385
0
-55.934
-1.62
0
-3.9
0
-7.587
0
-1.79
1
1.422
0
-0.66
0
-4.539
1
-0.158
0
3.517
1
1.054
0
-0.604
1
-3.031
0
7.208
0
1.921
0
9.375
1
3.317
0
6.156
0
-1.769
0
-4.586
0
0.323
1
0.04
1
1.183
0
1.941
0
0.344
1
-3.527
0
-1.25
1
-1.948
0
-4.325
0
-0.941
1
-3.412
1
3.901
0
0.197
1
0.563
1
-1.1
0
-8.101
0
-1.271
1
-3.342
0
-3.53
0
-3.236
1
-1.179
0
3.64
1
-4.058
1
-3.787
0
-11.566
1
7.124
0
-1.62
-81.95
0
-3.096
0
1.504
1
0.378
0
-8.561
0
1.714
1
-6.091
0
9.291
0
-3.232
0
0.449
0
-0.421
1
1.688
0
0.849
0
-1.315
0
-1.741
1
10.031
0
-3.132
1
3.023
1
-8.791
1
-2.832
0
8.665
1
0.948
0
-0.393
0
-5.325
1
0.572
1
3.567
1
6.812
0
1.474
0
-3.761
0
0.499
0
2.181
1
-0.842
1
-2.47
0
-4.726
1
-0.58
1
5.297
0
-2.51
0
-2.226
0
-4.254
0
0.306
0
-7.197
0
0.967
0
-8.357
1
-2.814
0
-3.65
0
-81.95
23.245
1
-8.851
1
1.057
0
-2.046
1
1.485
0
-10.408
1
4.713
1
-11.71
0
-2.847
0
-3.46
0
-1.773
0
-2.199
1
1.556
1
7.844
0
-1.17
1
-6.41
0
0.478
0
5.687
0
0.0149999
0
-12.707
1
-6.157
0
1.725
0
0.535
1
-6.365
0
-3.32
0
-5.092
1
1.394
1
3.158
0
4.34
0
1.724
0
0.46
1
0.52
0
-2.55
0
-5.504
0
3.242
0
1.118
0
2.794
1
2.843
0
4.448
1
4.45
0
1.389
1
-0.55
0
2.516
1
0.0969999
0
-2.334
0
23.245
-53.701
0
-5.67
0
1.241
1
-7.651
0
3.92
1
-9.874
1
-6.383
1
-1.329
0
-1.695
0
-0.794
0
-6.104
0
-1.351
0
1.841
1
-2.995
0
-8.255
0
-1.2
1
-1.389
1
6.675
1
3.103
0
5.674
0
4.498
0
-4.546
0
-3.3
1
2.098
0
0.085
0
2.526
0
-0.515
1
4.777
0
6.444
1
-0.812
0
5.397
0
-6.021
1
-1.091
0
-1.733
0
9.976
0
-4.416
0
-6.419
0
-0.115
1
0.338
1
-9.211
0
-4.35
1
0.317
0
-1.596
1
5.942
1
-2.148
1
-53.701
-24.638
0
5.415
0
2.687
0
-9.611
0
1.509
1
-2.785
1
1.179
0
-4.53
0
6.905
0
-3.891
0
-2.989
0
2.239
0
2.011
1
0.106
1
1.601
1
-4.94
0
-3.58
0
-7.657
1
-8.248
0
-4.011
1
2.113
1
-4.223
1
-3.377
0
-4.753
1
-4.845
0
5.515
0
-2.537
1
-4.805
1
-6.401
1
0.244
1
8.195
1
-4.949
0
-6.421
0
-2.174
1
-0.458
1
2.12
1
4.54
1
-7.18
0
-3.006
1
-4.54
0
0.31
1
2.154
1
0.469001
1
-0.025
1
2.985
1
-24.638
-25.437
1
3.992
0
1.267
1
4.06
0
-6.117
0
8.119
0
-23.326
0
6.717
1
-0.427
0
-0.773
1
-1.848
0
6.655
1
-5.889
0
-0.714
1
-1.501
0
4.355
1
-4.951
1
0.298
1
5.275
1
-4.657
0
-0.838
1
-3.255
1
6.577
1
2.855
0
-0.996
1
-5.728
1
1.535
1
0.0880002
0
3.205
0
-3.482
0
-3.252
0
10.599
1
1.379
0
0.84
0
-4.279
1
0.961
0
1.37
1
2.985
1
-8.456
0
3.986
0
-7.785
1
-8.391
1
0.621
0
5.617
1
2.45
1
-25.437


-18.034
1
0.58
1
-0.77
0
9.357
0
1.49
1
-5.49
0
2.111
1
-6.698
0
-7.012
0
4.198
1
-8.178
1
0.185
0
-0.0809999
0
0.0939999
0
-7.14
0
3.016
1
-4.333
0
-4.037
0
0.625
0
4.193
0
1.181
0
-10.013
1
-3.037
0
5.004
1
-1.302
0
-1.528
1
-2.768
0
1.729
1
-0.083
0
-5.909
0
1.072
0
-2.613
1
-0.394
0
1.364
0
-5.139
0
0.477
0
4.272
0
5.584
0
0.762
1
-4.877
0
-0.272
1
-5.983
1
1.025
1
-4.347
1
-1.414
0
-18.034
-1.865
0
-0.0960003
1
0.176
1
1.53
0
-4.216
1
12.464
1
4.699
0
-1.012
1
-0.979
1
0.0619997
0
-0.23
0
-0.944
1
2.107
1
-1.55
0
-3.579
0
-4.563
0
1.809
0
-7.028
0
-1.742
0
2.252
0
6.611
0
4.929
0
-1.169
0
-1.71
1
0.223
0
0.718
0
0.628
0
-2.449
1
-0.19
0
-5.918
0
-1.358
0
-5.859
0
-3.42
1
-7.19
1
-2.019
0
8.752
0
-3.168
1
0.667
1
-3.637
0
0.693
0
-0.518
0
4.784
0
-10.084
0
-1.536
1
-2.948
1
-1.865
0.561
0
0.389
0
3.823
0
5.278
1
0.0910003
1
-0.448
1
1.18
0
1.394
1
-2.37
1
-2.825
0
8.614
0
4.405
1
-1.637
0
3.865
0
0.165
1
0.407
1
-0.0179999
1
3.39
0
1.811
0
-0.00899993
1
-0.218
0
-2.572
0
0.18
0
-0.502
1
1.444
0
4.714
1
7.954
1
0.18
0
5.313
0
-9.785
0
1.214
1
0.351
1
-1.095
0
-4.116
0
10.802
1
-1.264
0
-1.898
0
1.316
0
5.207
0
-3.504
0
1.277
1
0.982
1
-4.236
0
1.316
0
-0.592
0
0.561
-49.219
1
-3.878
0
2.202
1
2.061
0
5.712
1
0.345
1
1.654
0
-6.395
1
-12.451
1
-1.659
1
-7.192
0
3.18
1
-2.629
1
4.57
1
-2.303
0
-2.786
0
-2.732
1
2.095
0
-1.163
1
7.305
1
2.014
0
-9.582
0
-1.567
1
-4.845
0
3.409
1
4.513
0
4.811
0
2.069
0
0.878
0
-1.516
1
-1.207
1
-0.333
0
-3.947
1
6.003
0
4.822
0
-1.306
1
3.298
0
3.209
0
5.65
0
-1.892
0
1.679
0
-7.766
1
1.222
1
5.447
1
-0.771
1
-49.219
12.85
0
-0.0310001
0
-6.882
0
2.714
0
1.779
1
-12.44
1
-11.073
1
-3.416
1
-11.246
1
-12.664
1
-1.159
0
-4.733
0
-3.311
0
-3.756
1
-2.36
0
-0.293
0
2.593
0
3.062
0
0.491
1
-3.19
1
-1.182
1
-5.977
0
0.524
0
1.928
0
0.128
0
-2.783
0
-5.072
0
-0.62
1
-5.774
0
-1.99
1
-0.0100001
0
-0.988
0
3.496
0
7.778
0
0.635001
0
4.029
0
1.299
0
-3.663
1
-0.325
0
-1.837
1
0.794
0
-2.487
1
-6.063
1
4.56
1
-4.79
0
12.85
-106.461
0
-0.425
0
-3.357
1
0.199
0
0.894
0
1.351
0
-2.412
0
-0.23
1
-3.91
0
-0.491
0
-0.387
1
-8.203
1
1.634
0
3.085
0
-1.055
0
-1.511
1
-4.057
0
-3.085
1
-1.338
1
-0.131
0
-5.669
1
-7.558
0
-3.182
0
0.673
0
-2.49
1
7.608
1
7.663
1
-3.436
0
-3.7
1
-4.002
1
-6.752
0
-3.233
0
-6.478
1
-3.035
1
-6.416
1
0.209
0
1.978
1
-1.144
1
8.787
0
2.782
0
-0.805
0
5.394
1
-1.118
1
-1.869
1
-0.649
0
-106.461
-37.732
0
-7.032
1
-2.254
1
1.053
0
-1.779
1
-2.806
0
3.427
1
-2.153
0
-0.672
0
-8.516
0
-3.052
1
-2.801
0
-4.073
0
8.684
0
1.735
0
1.877
1
-3.673
0
-6.586
0
3.196
0
-1.545
1
-0.547
0
-0.494
1
2.807
1
-0.0190001
1
1.547
0
-3.894
1
1.008
1
1.97
0
-5.473
1
1.146
1
-2.049
0
-0.294
0
1.541
1
-7.486
0
5.441
1
2.157
1
-3.483
0
4.387
0
-11.207
1
-1.682
0
3.761
1
-2.6
0
-0.639
0
5.366
0
-5.783
0
-37.732
-62.626
0
0.614
0
2.118
0
-4.158
1
-2.393
0
-10.329
0
2.653
0
-1.41
0
-7.086
1
-2.69
0
2.747
1
0.744
0
-4.161
1
-1.555
1
0.439
0
0.03
1
-2.291
0
1.86
1
0.9
0
-11.869
0
3.668
1
0.368
0
-0.653
0
3.967
1
0.862
1
-7.688
1
-3.233
1
-4.847
1
-8.154
0
-7.67
0
4.542
0
1.673
0
-2.149
0
1.135
1
-1.773
1
-1.033
1
-7.301
1
2.559
1
1.749
0
0.863
0
-2.497
0
-7.098
0
-0.755
1
5.975
0
3.388
0
-62.626
-45.839
1
-2.098
0
-4.101
1
-3.293
0
-1.758
1
10.945
1
-8.596
0
-2.986
0
-2.245
0
6.499
1
0.256
0
2.908
1
-6.398
0
-4.109
1
-3.586
0
-5.205
0
-2.125
0
-9.496
1
8.788
1
2.673
0
-6.087
1
-6.187
1
-3.412
1
-0.114
1
2.159
1
-1.409
0
0.503
1
2.503
1
3.443
0
-2.978
0
-0.908
0
-3.071
0
-7.46
1
3.842
1
2.663
1
0.406
1
1.594
1
2.46
0
1.384
0
8.177
0
-1.168
1
-0.0320001
0
3.574
1
-5.14
0
-7.194
1
-45.839
-0.953
0
2.401
0
-3.579
0
0.717
0
-6.13
1
-1.761
1
3.785
0
4.787
0
-0.674
1
0.075
0
-10.522
0
-2.42
1
-1.661
1
-5.316
1
-2.914
0
3.992
0
-5.774
0
3.131
0
1.99
0
-2.261
0
3.388
0
-1.709
0
-1.594
0
-6.749
0
-2.233
0
-3.241
1
3.659
1
-3.45
0
-9.14
1
-1.701
1
-1.46
1
-4.463
1
-0.241
0
0.277
1
-0.764
0
1.895
0
-2.988
1
3.568
0
7.727
1
-11.085
1
-3.591
1
3.108
0
-4.3
1
-0.661
0
0.554
1
-0.953


-2.302
1
7.908
1
-1.294
0
-5.481
0
-5.49
0
2.471
0
-1.285
1
0.267
0
-3.885
1
-0.219
1
-2.936
1
-8.587
0
-1.723
0
-1.791
1
0.126
1
-5.674
1
-7.215
1
3.616
0
-5.744
1
-4.526
0
-7.291
1
-0.935
1
0.905
1
3.49
0
0.699
1
1.896
1
-6.03
0
5.864
0
0.599
0
4.922
0
3.76
0
7.981
1
1.318
0
-0.901
0
10.748
1
3.584
1
-0.496
1
-1.236
0
1.491
1
1.919
0
-3.193
0
-2.562
0
3.538
0
6.116
1
-4.254
0
-2.302
-19.141
1
-5.22
1
5.367
0
2.872
1
-1.225
1
1.833
0
-0.645
1
1.214
1
2.754
1
-4.513
1
0.308
0
-1.588
1
3.617
0
-2.535
1
9.938
1
-9.115
1
-2.445
1
-3.534
1
1.28
1
-0.289
0
-4.245
1
-3.889
1
-1.712
0
-2.263
0
-3.07
0
-2.924
1
1.749
1
4.794
1
-5.732
0
3.488
0
1.678
0
-1.387
0
-1.178
0
3.187
1
6.307
1
-4.757
0
2.529
1
1.972
1
-8.18
1
-5.624
1
-2.315
0
-1.356
0
-0.112
0
-2.032
0
-1.555
0
-19.141
-50.894
0
-9.453
1
-2.155
0
-5.607
1
-1.973
1
2.136
1
4.304
1
-7.379
1
-3.615
1
-2.964
0
0.494
0
-4.049
0
-1.52
1
2.498
1
-3.335
0
-5.234
1
8.734
0
0.218
0
2.322
1
-0.611
0
6.079
1
4.592
1
-2.464
0
-2.262
1
1.643
0
0.877
1
-6.102
1
-0.877
0
6.965
0
2.973
0
-4.883
1
-3.868
0
1.234
1
-4.583
0
2.026
1
-0.751
0
5.169
1
-3.734
1
-0.165
1
-5.279
1
-2.084
0
0.579
0
0.0729999
1
1.925
0
2.801
1
-50.894
17.491
0
-3.707
0
-2.137
0
-8.36
1
1.025
0
7.535
0
3.754
0
-2.03
1
-8.23
1
-4.269
0
2.381
1
3.078
1
1.528
0
1.632
1
-10.172
0
2.771
1
0.869
1
1.451
1
-0.294
1
-2.766
1
-0.949
1
1.508
0
-4.28
1
4.822
1
-0.373
1
-1.941
0
3.343
1
-0.234
0
-1.367
0
6.143
0
1.421
1
2.794
1
6.695
0
2.867
0
-8.57
0
0.178
1
-1.669
0
5.551
1
0.062
0
-3.495
0
-8.557
1
-0.686
1
0.53
0
3.057
1
2.98
1
17.491
14.102
1
-4.282
1
7.468
1
-7.152
0
0.37
0
-2.414
0
-1.447
0
-5.194
1
-0.51
0
2.923
0
0.052
0
0.979
1
1.627
1
6.357
1
1.341
0
3.019
0
1.703
0
-0.82
1
0.781
0
-0.501
0
7.959
0
4.264
0
3.104
1
-8.717
0
-1.104
1
10.47
0
1.496
0
0.813
0
2.193
0
-1.906
1
0.695
1
-1.727
1
1.716
0
-2.822
1
-4.203
1
-3.605
0
-1.087
0
1.225
0
0.909
1
-4.814
0
-0.739
1
-1.673
1
-0.472
1
3.462
0
2.026
0
14.102
-29.9
1
-0.0599998
0
-0.281
0
-1.193
1
-3.79
1
-0.123
1
-0.244
1
-8.473
0
-10.694
1
-4.519
1
-4.74
1
-3.538
0
-1.052
1
-0.155
0
-2.227
0
-4.167
0
1.461
1
-4.113
1
-1.205
1
-5.648
0
1.178
0
-5.225
1
-1.839
1
-4.131
0
3.524
1
1.221
0
2.662
1
-2.738
0
7.542
0
-0.127
0
-1.753
1
1.249
1
-5.892
0
-0.393
1
0.0920002
0
-4.774
1
-3.955
0
5.889
0
-1.145
0
-0.339
1
4.088
1
-7.783
1
-1.945
1
5.851
0
-5.215
0
-29.9
-2.659
1
0.955
0
-3.07
0
-5.302
1
2.238
1
-3.032
0
-4.035
0
-4.527
0
-7.089
1
-1.532
1
0.581
1
-1.298
1
5.537
1
-2.168
0
10.614
0
6.212
1
0.238
0
-1.09
1
-2.488
1
-0.262
1
1.325
0
1.044
1
-5.113
0
-2.07
0
6.319
0
-0.466
0
6.969
1
-3.967
1
-5.83
1
-2.111
1
1.833
0
-4.805
0
0.493
1
4.548
1
0.715
0
-2.505
1
-0.846
1
-0.441
1
-4.979
0
3.319
1
3.576
0
-3.43
1
1.233
1
-0.411
0
-5.844
1
-2.659
-68.942
1
4.576
0
5.529
0
-4.363
1
-2.95
0
4.311
1
3.61
0
-5.981
0
-3.611
0
-3.582
0
5.625
0
0.494
1
-8.163
0
8.82
0
6.29
1
-1.296
0
6.83
1
1.162
1
-3.677
1
-1.187
0
-3.27
0
1.388
1
-7.456
1
0.934
1
4.791
0
2.227
1
1.839
1
-1.055
0
-1.949
1
-3.647
0
-1.079
0
-5.225
0
-3.967
0
1.729
1
-8.394
0
1.465
0
-2.369
1
-1.828
1
2.448
0
4.945
1
-1.865
1
0.231
1
5.599
1
-3.229
0
-4.143
1
-68.942
-53.987
1
1.221
0
3.109
0
-5.429
1
0.385
0
-1.394
0
-2.916
0
-3.716
1
2.905
1
-2.057
0
1.607
1
-1.114
0
5.27
1
2.501
0
2.016
1
-0.83
1
5.913
0
-3.471
1
6.008
0
-1.732
1
3.622
0
-2.932
1
1.968
1
5.442
1
-2.478
0
2.649
1
7.603
1
-6.183
0
-0.187
0
-2.29
1
0.543
1
-9.473
0
-1.875
1
-2.308
0
-1.004
1
-4.344
0
4.282
1
-3.323
0
-2.109
1
-0.0869998
1
1.308
0
-4.093
0
-2.14
0
1.551
1
2.632
1
-53.987
-45.141
0
-2.87
0
3.131
1
2.225
0
-2.452
0
-8.443
0
0.657
0
3.684
1
-3.771
1
0.193
0
-1.873
0
-5.476
0
-6.08
0
-1.917
0
-4.068
1
2.26
1
-7.198
0
-1.521
0
-2.268
1
2.105
1
3.242
1
-0.726
0
6.608
0
-4.3
1
-0.671
1
-7.145
1
3.781
0
-4.781
0
4.714
0
-4.961
0
-0.241
1
1.978
0
-1.015
1
-6.722
1
6.135
0
-5.815
0
-10.73
0
-3.933
0
-1.592
0
-2.631
1
0.112
0
-3.075
0
-3.046
1
1.2
1
0.683
0
-45.141


-4.023
0
-1.425
0
3.553
0
3.884
1
0.463
1
-4.795
0
-5.672
1
-1.983
0
2.426
0
0.716
0
-1.295
1
-1.854
0
-3.33
0
-7.436
0
-3.577
0
-11.264
0
-8.861
0
-6.83
0
-0.76
0
-5.07
0
-5.208
1
0.03
0
1.872
0
0.356
0
0.565
0
1.031
0
1.973
1
0.544
0
-9.576
0
8.692
0
-4.613
0
2.101
1
-0.554
0
-1.526
0
3.391
0
0.022
0
-1.167
0
0.629
1
1.647
1
0
1
3.719
1
-0.0310001
1
-0.761
0
5.619
0
-14.394
0
-4.023
1.579
0
4.372
0
-4.205
0
-7.673
1
0
0
-1.199
1
0.124
1
1.308
0
-0.566
0
-0.903
0
-2.07
0
-1.257
1
0.642
1
-9.026
1
-1.318
0
0.0710001
0
1.247
0
-6.265
0
-10.649
0
2.468
0
-1.566
0
-4.686
0
-1.846
0
0.872
0
-7.372
0
-3.954
1
-1.56
0
-0.186
0
3.557
0
6.196
0
-4.037
0
-2.788
0
-1.415
1
-0.467
1
0.448
0
-0.367
0
5.384
0
-2.674
0
-1.671
0
-7.565
0
1.32
0
2.474
0
-2.531
0
-2.821
0
-4.458
0
1.579
1.327
0
-3.706
1
0.355
0
5.18
0
4.759
1
2.119
1
-4.445
0
-4.294
1
0.108
0
1.187
0
-3.809
1
-3.971
0
0.589
1
-3.273
0
1.916
0
-4.106
0
-3.344
1
-0.0829999
0
-1.549
0
3.326
0
2.76
0
-10.899
0
0
1
-0.00399983
0
3.591
0
-2.911
0
1.627
0
1.158
0
-3.636
0
3.204
1
-0.00400019
0
1.521
0
1.188
0
-1.725
0
1.494
0
-4.774
0
-6.237
0
4.492
1
-0.417
0
-0.62
0
-4.041
1
-0.696
0
4.023
0
0.992
1
0
1
1.327
0.866
0
0
1
-4.611
1
-0.501
0
-2.536
0
1.226
1
3.68
0
-2.227
0
5.654
0
-2.202
0
-3.015
1
-1.399
1
2.648
0
-0.47
1
0.803
0
0.45
0
-11.515
1
-0.742
0
-1.767
0
-4.264
0
1.721
0
-9.129
0
3.603
1
0
0
0.957
0
2.156
0
-8.58
1
-0.225
0
2.183
0
-3.677
0
1.354
0
2.883
0
-2.025
0
-0.69
0
6.665
1
0.768
0
-2.298
0
0.617
0
-0.621
0
-1.213
0
-7.198
0
2.134
0
-10.379
0
-1.776
0
-4.671
0
0.866
