

0
0
0
0
0
0
0
0
0
0
0
0
0
0
0
0
0
0
0
0
0
0
0
0
0
0
0
0
0
0
0
0
0
0
0
0
0
0
0
0
0
0
0
0
0
0
0
0
0
0
0
0
0
0
0
0
0
0
0
0
0
0
0
0
0
0
0
0
0
0
0
0
0
0
0
0
0
0
0
0
0
0
0
0
0
0
0
0
0
0
0
0
0
0
0
0
0
0
0
0
0
0
0
0
0
0
0
0
0
0
0
0
0
0
0
0
0
0
0
0
0
0
0
0
0
0
0
0
0
0
0
0
0
0
0
0
0
0
0
0
0
0
0
0
0
0
0
0
0
0
0
0
0
0
0
0
0
0
0
0
0
0
0
0
0
0
0
0
0
0
0
0
0
0
0
0
0
0
0
0
0
0
0
0
0
0
0
0
0
0
0
0
0
0
0
0
0
0
0
0
0
0
0
0
0
0
0
0
0
0
0
0
0
0
0
0
0
0
0
0
0
0
0
0
0
0
0
0
0
0
0
0
0
0
0
0
0
0
0
0
0
0
0
0
0
0
0
0
0
0
0
0
0
0
0
0
0
0
0
0
0
0
0
0
0
0
0
0
0
0
0
0
0
0
0
0
0
0
0
0
0
0
0
0
0
0
0
0
0
0
0
0
0
0
0
0
0
0
0
0
0
0
0
0
0
0
0
0
0
0
0
0
0
0
0
0
0
0
0
0
0
0
0
0
0
0
0
0
0
0
0
0
0
0
0
0
0
0
0
0
0
0
0
0
0
0
0
0
0
0
0
0
0
0
0
0
0
0
0
0
0
0
0
0
0
0
0
0
0
0
0
0
0
0
0
0
0
0
0
0
0
0
0
0
0
0
0
0
0
0
0
0
0
0
0
0
0
0
0
0
0
0
0
0
0
0
0
0
0
0
0
0
0
0
0
0
0
0
0
0
0
0
0
0
0
0
0
0
0
0
0
0
0
0
0
0
0
0
0
0
0
0
0
0
0
0
0
0
0
0
0
0
0
0
0
0
0
0
0
0
0
0
0
0
0
0
0
0
0
0
0
0
0
0
0
0
0
0
0
0
0
0
0
0
0
0
0
0
0
0
0
0
0
0
0
0
0
0
0
0
0
0
0
0
0
0
0
0
0
0
0
0
0
0
0
0
0
0
0
0
0
0
0
0
0
0
0
0
0
0
0
0
0
0
0
0
0
0
0
0
0
0
0
0
0
0
0
0
0
0
0
0
0
0
0
0
0
0
0
0
0
0
0
0
0
0
0
0
0
0
0
0
0
0
0
0
0
0
0
0
0
0
0
0
0
0
0
0
0
0
0
0
0
0
0
0
0
0
0
0
0
0
0
0
0
0
0
0
0
0
0
0
0
0
0
0
0
0
0
0
0
0
0
0
0
0
0
0
0
0
0
0
0
0
0
0
0
0
0
0
0
0
0
0
0
0
0
0
0
0
0
0
0
0
0
0
0
0
0
0
0
0
0
0
0
0
0
0
0
0
0
0
0
0
0
0
0
0
0
0
0
0
0
0
0
0
0
0
0
0
0
0
0
0
0
0
0
0
0
0
0
0
0
0
0
0
0
0
0
0
0
0
0
0
0
0
0
0
0
0
0
0
0
0
0
0
0
0
0
0
0
0
0
0
0
0
0
0
0
0
0
0
0
0
0
0
0
0
0
0
0
0
0
0
0
0
0
0
0
0
0
0
0
0
0
0
0
0
0
0
0
0
0
0
0
0
0
0
0
0
0
0
0
0
0
0
0
0
0
0
0
0
0
0
0
0
0
0
0
0
0
0
0
0
0
0
0
0
0
0
0
0
0
0
0
0
0
0
0
0
0
0
0
0
0
0
0
0
0
0
0
0
0
0
0
0
0
0
0
0
0
0
0
0
0
0
0
0
0
0
0
0
0
0
0
0
0
0
0
0
0
0
0
0
0
0
0
0
0
0
0
0
0
0
0
0
0
0
0
0
0
0
0
0
0
0
0
0
0
0
0
0
0
0
0
0
0
0
0
0
0
0
0
0
0
0
0
0
0
0


-0.196
0
1.212
0
-4.573
0
3.139
1
0
1
-2.404
0
5.879
0
-9.111
0
-1.346
0
0.682001
0
-3.141
0
-0.223
0
1.665
0
-1.831
0
1.517
0
0.462001
0
2.367
0
-4.599
0
-4.312
0
1.595
0
3.063
0
1.875
1
0.751
1
-9.66
0
1.778
0
4.829
1
-8.982
1
1.561
1
1.205
1
-0.632
0
0.241
0
-3.755
0
3.074
1
-8.241
0
-7.509
0
-0.847
1
-7.145
0
-3.406
1
-3.254
1
-2.728
0
-4.983
0
-1.912
0
2.773
0
-2.884
1
3.282
1
-0.196
-1.335
0
-1.154
0
-2.344
1
-1.638
0
-1.914
1
0.22
0
-4.56
0
-4.585
0
-10.929
0
-3.933
0
9.059
0
2.336
0
-3.551
1
1.722
1
-4.345
1
-4.329
1
-1.245
0
-1.293
0
0.744
1
5.919
1
1.164
0
3.055
0
3.743
1
-6.505
0
2.165
0
-3.781
0
-15.131
0
9.529
0
3.054
0
-1.696
1
-2.421
1
3.865
1
-0.915
0
-6.632
1
0.488
1
-3.344
0
-7.506
0
-5.655
0
-10.477
1
2.705
1
-4.931
1
-2.412
0
1.147
1
3.925
0
2.89
0
-1.335
13.688
1
6.221
0
-29.142
1
-17.701
1
5.541
0
-1.591
0
-0.991
1
1.596
0
2.908
1
-39.65
1
-30.233
1
0.396
0
-0.186
1
0.853
1
-5.438
1
-7.813
1
-3.698
1
3.037
0
-4.902
1
7.435
1
8.225
1
4.727
1
5.24
0
-1.028
1
-9.639
0
2.827
1
-4.083
0
-0.963
0
-0.784
0
-1.865
1
-1.139
0
1.231
0
-4.208
1
0.815
0
-1.293
1
4.969
1
3.315
1
1.785
0
2.737
0
-1.175
1
-0.881
0
-0.151
0
-1.755
0
5.588
1
4.806
1
13.688
-20.652
1
0.0849999
1
2.647
1
1.998
1
1.379
0
-7.828
1
-0.996
0
-2.6
0
0.448
0
-0.359
1
1.976
0
-3.951
1
-0.887
1
-0.755
0
-3.311
0
-7.274
0
-0.768
1
-9.617
1
-4.511
0
-3.117
1
-0.897
0
1.407
0
-4.388
0
-0.464
0
-1.719
1
-5.426
0
1.287
0
-3.284
0
-1.451
1
-6.061
1
1.267
0
-3.769
1
-2.921
1
-4.864
1
-5.542
1
3.215
0
-3.137
0
6.11
0
-0.331
1
-6.319
0
-1.029
1
-7.272
1
-6.219
0
-5.636
1
0.662999
0
-20.652
-0.479999
0
0.586
1
10.852
1
0.367
1
0.0149999
0
4.223
1
0.294
0
-1.037
1
-0.344
1
3.316
0
-0.558
1
-6.043
0
-2.709
0
6.724
1
0.253
0
1.789
0
4.653
1
-4.965
1
-1.927
0
-7.121
0
-0.313
1
2.495
1
-2.431
0
-1.541
0
-2.543
0
0.844
0
-4.001
1
-1.225
0
1.22
0
-4.261
1
-6.589
0
-15.715
0
5.339
1
2.398
0
-4.166
0
-2.178
1
-8.118
0
-9.014
1
-9.504
1
-8.429
0
-0.0929997
1
-1.951
1
1.359
1
2.222
1
-4.387
0
-0.479999
13.082
1
-2.872
0
4.897
0
-10.238
1
2.912
1
-1.739
0
-16.524
0
-4.036
1
-1.901
0
0.614
0
-2.955
0
-4.592
1
2.617
0
-4.795
0
-0.676
0
8.647
1
2.339
1
0.95
1
-8.384
0
-1.768
0
4.067
0
-1.639
1
8.614
1
-5.474
1
1.631
1
1.508
0
1.08
0
2.555
0
-2.43
0
-9.841
1
0.909
1
-0.298
0
-0.34
1
-6.042
0
1.189
1
1.483
0
10.512
1
2.763
1
2.021
1
-2.376
1
0.149
0
-3.167
1
0.551
0
-0.626
0
2.002
1
13.082
-53.823
0
5.512
1
3.16
0
0.461
0
-6.21
0
5.159
1
-4.69
1
-0.529
0
-0.774
1
-5.651
0
2.338
1
-3.688
1
1.876
1
1.825
1
-6.668
0
-0.0779997
1
-3.456
1
-3.887
1
-3.437
0
-0.847
0
-3.058
1
-0.391
0
-4.434
0
-0.386
1
-0.342
0
2.502
1
-2.025
0
4.754
1
2.012
1
3.37
1
4.127
0
-6.025
0
-1.119
0
3.115
1
-3.615
1
2.636
0
-3.868
1
-0.619
0
2.185
1
-0.519
1
0.594
1
-1.878
1
3.426
0
0.999
1
-1.725
1
-53.823
-65.668
1
-3.446
0
1.967
1
-13.671
0
-7.538
0
-2.015
1
2.732
1
0.049
1
-2.707
0
-8.184
1
-5.339
0
-6.784
1
-1.75
0
-8.352
1
-2.527
1
-3.357
0
3.529
1
-3.028
1
-1.68
0
6.707
0
-4.919
0
6.914
0
-3.934
0
0.95
0
2.083
0
9.481
1
-2.334
0
-3.612
0
-6.859
0
-1.094
1
0.683
0
-1.522
0
-10.15
0
-4.489
0
5.801
0
3.219
0
-5.857
0
0.028
0
-1.883
0
8.735
1
1.847
1
-8.197
1
-2.438
1
1.388
0
2.35
0
-65.668
-4.397
0
-0.865
0
-0.145
1
-1.83
0
-4.367
0
-1.113
0
1.57
1
-4.586
0
-2.804
0
0.702
1
-3.461
0
-8.305
1
0.719
1
3.01
0
0.0860001
1
-1.638
0
-3.303
1
5.124
0
-2.331
0
5.192
1
-2.45
0
3.013
1
-3.465
1
-6.083
0
0.185999
1
7.187
0
0.221
1
3.214
0
-6.015
1
-11.408
0
-6.095
0
-2.662
1
-1.144
1
2.687
0
-0.898
0
1.359
0
5.8
0
-4.342
1
-6.382
1
-11.066
0
6.023
1
1.535
1
-3.195
1
-2.67
0
-3.882
0
-4.397
-6.994
1
-0.258
0
3.393
1
6.457
0
-5.665
0
-10.255
0
-9.497
0
-2.757
0
1.383
1
-1.758
1
7.979
1
-3.653
1
-7.741
1
-3.856
1
3.028
0
-2.729
1
1.301
1
1.64
1
-6.103
1
5.347
1
1.772
1
-4.378
1
-1.31
0
-5.299
0
0.368
0
-1.423
0
-3.382
0
-0.388
0
-0.72
0
1.203
0
-1.208
1
-2.257
1
-6.23
1
3.194
1
0.947
1
5.112
1
-1.361
1
0.387
1
-10.719
1
0.401
0
-0.425
1
-1.916
1
1.974
1
-2.011
1
3.825
1
-6.994


-0.278
0
2.361
1
-0.158
0
-6.543
0
-2.391
0
0.466
0
-3.192
0
-1.632
0
-0.793
1
3.373
0
-5.225
1
3.009
0
-0.482
1
5.365
0
1.184
1
1.139
0
-7.033
0
4.212
0
-0.829
0
-8.74
0
-3.626
0
2.714
0
-1.104
0
-3.939
0
-5.669
0
-6.396
1
6.083
1
-3.399
0
-1.177
0
-1.25
0
1.665
0
-3.568
1
-4.364
0
3
1
-3.017
0
-0.207
1
-5.902
0
-4.767
0
-1.012
1
-4.04
0
-5.493
0
-1.657
0
1.874
0
1.547
1
-2.939
0
-0.278
-18.604
0
-2.188
0
-1.36
1
-1.303
1
-0.765
1
3.392
1
-3.559
1
-7.394
1
-0.193
0
-1.895
0
2.698
1
-4.005
1
8.482
1
-8.724
0
-3.022
1
0.398
1
-0.854
1
-4.196
0
0.342
1
-5.376
1
-1.049
1
-0.787
1
-7.356
0
5.423
0
-4.107
0
-0.355
0
6.944
0
-1.102
0
-6.37
0
-2.284
1
-9.395
1
-9.068
0
-2.77
1
1.35
1
-4.095
0
-0.545
0
-4.796
1
-4.916
1
2.698
0
-2.532
0
-3.154
1
-5.397
0
1.985
0
2.473
0
-1.573
0
-18.604
7.624
1
2.706
1
0.224
0
-1.621
0
-0.823
0
-0.725
0
0.0600001
1
0.0770001
0
-1.749
1
0.419
1
1.163
0
-0.916
1
-3.107
0
4.084
0
3.294
0
4.687
0
0.911
1
-0.126
1
5.239
1
1.431
0
-3.894
0
1.499
0
7.955
0
-5.42
0
-1.164
1
-7.141
1
5.54
1
1.411
0
-4.806
1
3.519
0
3.712
0
-1.483
1
-2.535
1
3.96
1
4.73
0
5.868
0
2.279
1
-2.734
0
-0.182
0
-5.386
0
2.102
0
-3.278
1
-1.083
1
0.277
1
5.717
1
7.624
-10.411
0
2.705
0
3.125
1
2.957
0
-10.468
0
0.945
0
-9.299
0
-0.604
1
-7.558
0
-3.04
1
-4.073
1
-1.923
1
-3.08
0
3.333
1
-9.645
1
0.634
0
0.864
1
7.351
0
2.434
1
2.833
1
3.682
0
4.803
1
-4.959
0
1.697
1
-1.688
1
-2.262
0
1.9
1
-0.542
1
-14.063
1
0.502
0
-7.005
1
-4.408
1
-13.272
1
-0.447
0
-1.232
1
0.998
0
-2.266
1
2.312
0
-0.923
0
5.273
0
1.815
1
1.041
0
-1.371
0
-1.634
0
-4.556
0
-10.411
-51.933
0
6.321
1
-1.511
0
-2.013
0
0.242
1
3.504
1
0.93
1
-6.499
0
-0.935
1
0.916
0
-3.612
0
-2.485
1
-13.881
1
-8.946
1
6.42
0
3.083
0
4.021
1
-4.519
1
3.194
1
-2.442
1
-2.27
0
3.274
0
6.161
1
-0.0669999
1
6.165
0
-4.229
0
-3.659
1
0.576
1
-5.795
1
-2.287
0
-0.629
1
-4.568
0
-0.406
1
-2.543
1
-3.941
0
-2.764
0
-10.075
0
3.723
0
1.589
0
2.786
1
-1.149
1
0.478
0
-0.916
1
4.968
0
-2.12
0
-51.933
-8.711
0
9.126
0
0.836
0
-5.278
0
1.709
1
-3.827
1
-3.346
0
-3.267
1
-8.232
0
-5.457
0
3.481
0
2.45
1
-3.486
1
-2.106
1
3.486
0
-1.503
0
2.557
0
-2.649
1
-0.0620002
1
-5.821
0
1.064
0
2.374
1
-5.985
0
3.866
1
3.367
0
-2.952
1
2.015
1
-12.945
1
0.362
1
-0.318
0
5.742
1
-4.023
0
-5.896
1
2.9
0
-2.502
1
5.156
1
-1.494
0
-3.545
1
-4.582
1
-3.036
0
-3.406
0
-1.876
1
0.605
1
-0.372
1
-1.133
1
-8.711
7.297
0
0.085
0
4.151
1
1.136
0
0.217
0
3.477
0
0.626
0
4.969
1
1.298
1
-3.567
1
2.528
0
-7.1
0
-3.36
0
1.267
1
0.461
1
-3.856
0
-1.72
1
1.27
1
-1.949
0
0.118
1
2.619
0
0.689
1
-1.926
1
-3.408
0
0.0189999
0
-1.535
0
-5.251
0
1.446
1
3.427
1
2.568
0
-6.835
0
2.224
0
2.809
1
2.999
1
-6.067
1
-0.193
0
-1.535
1
-0.00199974
0
4.64
1
-3.12
1
1.049
0
-1.878
1
-3.731
1
-4.662
1
-1.852
1
7.297
0.321999
0
-1.841
0
-0.0210001
0
-3.36
0
-7.826
0
2.642
1
-0.681
0
5.898
0
-4.25
1
4.18
0
-0.567
0
9.034
1
3.292
0
-1.651
0
3.156
1
4.848
1
-1.375
0
-1.319
1
2.558
1
-1.574
1
5.648
0
-2.023
0
-1.539
0
2.766
1
-3.244
0
-1.217
0
3.659
1
-2.029
1
-3.145
1
0.99
0
-1.805
0
0.182
1
2.42
0
-6.74
0
2.549
1
0.387
0
-0.676
0
-1.172
1
0.131
1
-8.098
1
1.792
1
-6.682
1
-5.234
0
-9.201
1
0.877
0
0.321999
0.557001
0
-0.778
0
-1.513
0
-2.763
0
-4.634
0
1.146
1
-8.29
1
-0.611
0
-7.884
1
-0.592
0
1.581
0
6.683
1
4.155
1
-1.483
1
1.241
1
-1.495
1
6.923
0
1.886
1
2.437
0
-4.166
0
-3.812
1
0.676
1
-2.056
0
-6.234
0
4.182
1
3.328
0
10.226
0
-1.627
1
2.114
1
8.413
1
-11.551
1
-0.342
1
-2.309
1
-1.358
0
2.422
0
-2.158
0
9.157
1
0.102
0
5.527
1
-3.76
0
3.168
0
-5.05
0
-5.481
1
-2.796
1
-4.585
1
0.557001
-44.23
0
5.21
0
-2.507
0
-4.064
1
-2.954
1
-0.797
1
2.127
1
2.663
1
-4.384
1
-2.914
0
-0.966
0
7.74
1
-7.251
0
-4.335
0
1.768
1
8.201
0
-0.113
0
-2.867
1
-8.004
1
1.82
1
0.885
0
3.957
1
-1.076
1
-1.351
0
-9.763
1
0.442
0
-2.602
1
5.311
0
-0.598
0
-0.564
1
-2.615
1
4.596
0
6.489
0
-2.903
0
-5.9
1
-7.159
1
-4.689
0
4.42
0
3.821
1
3.597
1
3.608
1
3.112
1
-2.36
0
-0.117
1
-0.822
0
-44.23


-2.186
1
-7.701
1
-3.292
0
4.311
1
2.69
0
-2.743
1
1.84
1
2.04
1
4.143
0
2.073
0
5.392
0
-0.448
1
-5.75
1
-0.725
1
1.179
0
-1.699
1
-1.857
0
-3.69
1
3.924
1
5.454
1
-1.352
0
-4.605
0
-3.786
1
-5.763
0
-3.817
0
3.412
0
-2.979
1
-2.115
1
-3.031
1
-0.275
0
-0.181
1
0.158999
0
1.85
0
-1.652
1
10.358
0
2.737
0
-2.265
1
-0.531
1
1.737
1
-0.805
0
-3.509
0
-2.526
1
-7.624
0
-9.803
0
0.365
0
-2.186
-3.68
0
-0.854
1
-2.5
1
7.412
1
0.172
0
-5.121
1
-2.108
1
-3.118
0
-3.598
1
-2.616
1
-4.408
1
-4.063
1
-2.414
0
-1.113
1
0.092
0
2.963
0
-0.593
1
-0.881
1
-3.58
1
4.649
0
0.0210001
1
-7.283
1
-4.737
1
1.55
0
7.039
0
5.013
0
-1.811
0
-1.343
1
-4.62
0
-1.665
1
2.345
0
6.446
0
-7.853
0
2.982
0
-5.402
0
-2.528
1
5.227
0
-5.901
1
1.627
1
2.928
0
4.102
0
2.887
0
-0.0170002
0
-6.391
1
-7.533
1
-3.68
-16.419
1
-12.649
0
0.086
0
-4.984
0
-5.627
0
2.898
1
-1.904
1
1.525
1
-2.188
1
-6.406
0
2.98
0
-0.775
1
-5.253
0
-0.17
0
-3.182
1
6.736
0
1.81
1
2.625
1
2.994
0
1.536
1
1.95
0
-1.787
1
1.682
1
-3.011
0
4.824
1
-2.023
0
-5.905
1
-5.863
0
0.0109996
1
-2.031
1
-5.744
0
-6.012
0
-4.618
0
-7.288
1
3.458
1
-5.339
0
-1.992
0
-2.299
0
-1.699
0
-5.273
0
6.986
1
4.399
0
-9.735
0
1.131
1
-6.658
1
-16.419
-12.765
0
-0.85
1
4.208
1
-3.476
0
2.375
0
9.356
0
1.688
0
-1.161
0
-3.067
1
-0.711
0
-0.469
1
-1.03
1
-2.533
0
1.082
0
-5.009
1
-2.456
0
1.01
0
-0.988
1
-2.266
0
-7.653
1
-0.879
1
-2.241
0
-4.902
0
1.883
0
0.938
1
-5.379
1
-4.402
1
-1.668
0
1.424
1
8.09
0
-1.62
0
-6.532
1
2.164
0
-1.14
0
-2.13
0
-0.25
1
-3.685
0
-1.341
0
4.671
0
-3.609
1
0.902
0
0.574
0
0.839
0
-0.735
1
2.28
1
-12.765
-31.477
1
-2.203
0
11.356
0
-2.24
0
-2.249
0
5.308
1
2.031
0
-11.112
1
1.579
0
-5.571
0
-1.503
1
-0.907
1
-0.772
0
-0.219
1
-1.386
1
-6.565
0
1.732
1
1.575
1
3.874
0
0.714
1
2.111
1
-3.917
0
-3.837
0
-1.311
1
-4.002
0
2.434
0
-3.714
0
0.0839999
0
0.478
0
4.608
1
1.328
1
-2.594
1
9.369
0
3.241
1
-2.368
1
1.932
0
-1.677
0
2
0
0.863
1
-0.0929998
1
3.487
1
2.188
1
-1.896
0
1.765
0
5.76
1
-31.477
-6.762
0
3.558
1
-0.275
0
11.025
1
0.601
0
-4.562
0
6.971
0
-2.522
1
2.496
0
-3.012
0
-6.639
0
-3.114
0
3.058
0
-1.571
1
-2.508
1
0.983
1
-1.252
1
0.845
0
2.861
0
-2.437
1
-0.701
0
3.748
0
-5.367
1
-0.196
0
-4.802
1
-10.455
1
-1.428
0
0
0
-8.549
1
-0.253
0
1.454
1
-2.306
0
-3.423
1
-4.603
1
-0.957
1
1.986
0
2.562
1
1.427
0
1.612
1
-6.557
1
-1.213
0
3.103
0
0.884
0
-2.271
0
0.0200001
1
-6.762
-74.879
1
-2.663
1
0.854
1
1.879
1
0.925
0
1.5
0
13.526
1
-3.463
1
9.572
0
3.486
0
-2.422
0
-7.789
1
-3.234
1
-3.531
0
7.938
0
-6.569
1
1.924
0
1.239
1
0.122
0
6.438
1
-1.343
0
-6.099
0
-2.207
1
0.0630001
0
-3.908
0
-4.126
0
0.254
0
9.938
0
-11.113
0
4.955
0
4.296
0
-3.175
0
-2.407
1
-5.336
0
3.626
0
2.924
0
2.553
0
-9.084
1
-2.014
1
-2.887
0
-2.473
0
-1.651
0
1.782
1
4.146
0
-3.206
1
-74.879
-10.489
1
-0.249
0
1.838
0
-3.052
0
-5.9
0
-5.794
0
0.714
1
1.826
1
-0.123
1
12.737
0
0.125
0
-2.091
1
-0.447
1
2.571
0
5.351
0
1.089
0
0.746
0
2.097
0
-2.234
1
8.753
0
-6.463
0
2.385
1
0.546
1
-6.237
1
-2.439
0
-2.163
0
-2.171
0
-2.449
1
-6.761
0
-4.905
1
-12.055
0
1.814
0
7.291
0
6.583
1
0.588
1
1.924
0
1.805
1
5.32
0
-1.352
1
2.544
0
-0.304
1
-3.743
1
4.37
1
1.066
0
-2.742
1
-10.489
-47.688
1
-8.222
0
2.029
0
-1.541
1
-7.239
1
-2.9
1
-1.24
1
-2.711
1
-0.623
0
-4.251
0
3.472
1
-1.822
0
-5.198
1
-3.915
0
-3.836
0
-3.367
1
-9.932
1
-1.201
1
-2.44
0
-3.056
1
-3.863
0
1.619
0
-3.503
1
4.857
0
3.541
0
2.903
1
-1.076
1
-0.755
0
-5.003
1
0.453
1
-3.683
0
0.382
0
0.341
1
0.316
0
2.092
0
-7.157
0
3.451
1
2.448
1
-0.996
1
-6.988
0
6.151
0
1.103
0
0.438
1
-5.482
0
-2.908
1
-47.688
-19.131
1
-5.621
1
-0.371
1
-3.312
1
-6.256
0
-5.703
0
-0.978
0
-1.237
1
4.77
0
-1.082
0
0.305
0
6.987
1
0.443
0
-5.915
1
-2.171
0
7.887
0
7.391
0
-0.404
0
-1.399
1
5.122
1
-4.164
1
-3.637
1
-1.423
0
-4.16
1
-2.8
1
6.996
1
-7.035
0
-3.287
1
4.561
1
3.313
1
-3.197
1
-0.107
1
-4.212
1
6.761
0
4.522
1
-1.733
0
-2.177
1
-4.291
0
1.149
0
0.416
0
0.218
0
-3.16
0
-3.567
0
-0.82
0
-3.157
0
-19.131


-2.455
0
0.131
1
0.02
0
-2.617
0
4.27
0
0.0159999
0
0.328
1
-2.621
0
-1.093
0
-6.248
0
-7.593
1
-9.071
1
-7.398
1
-3.579
0
3.057
0
1.182
0
-4.533
0
-1.162
0
4.034
0
4.669
0
-6.694
0
-2.431
0
2.454
0
2.794
0
1.152
0
12.959
0
-2.377
1
-2.063
0
-3.78
0
1.688
0
-3.914
0
0
0
0.854
0
-4.343
0
-3.12
0
4.683
0
-5.917
0
-3.45
0
0.221
0
-4.165
0
-8.228
0
1.459
1
-0.00699997
0
-1.451
0
-2.417
0
-2.455
-3.327
0
3.232
0
-4.513
0
5.924
0
-11.541
0
-5.776
0
-3.848
0
-4.687
1
0
0
5.029
0
3.028
1
-3.746
1
3.984
0
2.747
0
-4.617
0
-1.919
1
-2.189
0
-4.876
0
-0.764
0
0.989
0
2.27
0
2.462
0
3.869
1
0.59
0
0.853
0
-1.973
0
-3.516
0
-2.614
0
-2.654
0
-6.085
0
3.405
0
4.705
0
-1.989
0
-0.475
0
-5.455
0
-4.815
0
2.156
0
-1.235
0
-1.892
0
1.162
0
3.565
0
-6.502
0
-17.856
0
0.00899982
0
5.458
1
-3.327
0.449001
0
1.412
1
-0.429
0
-0.897
0
4.319
0
2.782
0
0.382
0
-1.843
1
2.224
0
3.906
0
2.405
0
2.899
0
-6.281
1
0.962
0
-3.132
0
-5.298
0
-0.0129997
0
-5.476
0
0.481
0
2.522
0
0.738
0
-0.557
0
-5.717
0
-4.478
0
0.519
0
-5.216
0
-0.635
0
-7.757
0
-2.456
0
2.687
0
-7.089
0
4.891
0
-4.174
0
9.034
0
-0.769
0
9.284
0
-0.842
0
2.441
0
-3.519
0
-5.602
1
-0.0569999
0
-6.075
0
-8.688
0
-6.111
0
-1.134
1
0.449001
1.982
0
-2.829
0
-0.48
0
2.224
1
2.815
0
-2.274
1
0.769
0
-4.664
0
1.418
0
1.178
0
5.784
0
3.761
1
-1.59
1
-5.103
1
4.787
1
0
0
-3.581
0
0.92
0
-3.151
1
0.036
0
-3.191
0
6.794
0
-0.505
0
1.665
1
0.04
1
0.163
0
-5.532
0
-1.823
0
-5.451
0
0.326
0
-0.604001
0
-12.531
0
6.892
1
0
0
-2.932
0
-1.372
0
1.236
0
-0.965
0
2.688
0
-2.785
0
-0.039
0
4.127
0
0.531
0
1.994
0
-1.156
0
1.982
