

0
0
0
0
0
0
0
0
0
0
0
0
0
0
0
0
0
0
0
0
0
0
0
0
0
0
0
0
0
0
0
0
0
0
0
0
0
0
0
0
0
0
0
0
0
0
0
0
0
0
0
0
0
0
0
0
0
0
0
0
0
0
0
0
0
0
0
0
0
0
0
0
0
0
0
0
0
0
0
0
0
0
0
0
0
0
0
0
0
0
0
0
0
0
0
0
0
0
0
0
0
0
0
0
0
0
0
0
0
0
0
0
0
0
0
0
0
0
0
0
0
0
0
0
0
0
0
0
0
0
0
0
0
0
0
0
0
0
0
0
0
0
0
0
0
0
0
0
0
0
0
0
0
0
0
0
0
0
0
0
0
0
0
0
0
0
0
0
0
0
0
0
0
0
0
0
0
0
0
0
0
0
0
0
0
0
0
0
0
0
0
0
0
0
0
0
0
0
0
0
0
0
0
0
0
0
0
0
0
0
0
0
0
0
0
0
0
0
0
0
0
0
0
0
0
0
0
0
0
0
0
0
0
0
0
0
0
0
0
0
0
0
0
0
0
0
0
0
0
0
0
0
0
0
0
0
0
0
0
0
0
0
0
0
0
0
0
0
0
0
0
0
0
0
0
0
0
0
0
0
0
0
0
0
0
0
0
0
0
0
0
0
0
0
0
0
0
0
0
0
0
0
0
0
0
0
0
0
0
0
0
0
0
0
0
0
0
0
0
0
0
0
0
0
0
0
0
0
0
0
0
0
0
0
0
0
0
0
0
0
0
0
0
0
0
0
0
0
0
0
0
0
0
0
0
0
0
0
0
0
0
0
0
0
0
0
0
0
0
0
0
0
0
0
0
0
0
0
0
0
0
0
0
0
0
0
0
0
0
0
0
0
0
0
0
0
0
0
0
0
0
0
0
0
0
0
0
0
0
0
0
0
0
0
0
0
0
0
0
0
0
0
0
0
0
0
0
0
0
0
0
0
0
0
0
0
0
0
0
0
0
0
0
0
0
0
0
0
0
0
0
0
0
0
0
0
0
0
0
0
0
0
0
0
0
0
0
0
0
0
0
0
0
0
0
0
0
0
0
0
0
0
0
0
0
0
0
0
0
0
0
0
0
0
0
0
0
0
0
0
0
0
0
0
0
0
0
0
0
0
0
0
0
0
0
0
0
0
0
0
0
0
0
0
0
0
0
0
0
0
0
0
0
0
0
0
0
0
0
0
0
0
0
0
0
0
0
0
0
0
0
0
0
0
0
0
0
0
0
0
0
0
0
0
0
0
0
0
0
0
0
0
0
0
0
0
0
0
0
0
0
0
0
0
0
0
0
0
0
0
0
0
0
0
0
0
0
0
0
0
0
0
0
0
0
0
0
0
0
0
0
0
0
0
0
0
0
0
0
0
0
0
0
0
0
0
0
0
0
0
0
0
0
0
0
0
0
0
0
0
0
0
0
0
0
0
0
0
0
0
0
0
0
0
0
0
0
0
0
0
0
0
0
0
0
0
0
0
0
0
0
0
0
0
0
0
0
0
0
0
0
0
0
0
0
0
0
0
0
0
0
0
0
0
0
0
0
0
0
0
0
0
0
0
0
0
0
0
0
0
0
0
0
0
0
0
0
0
0
0
0
0
0
0
0
0
0
0
0
0
0
0
0
0
0
0
0
0
0
0
0
0
0
0
0
0
0
0
0
0
0
0
0
0
0
0
0
0
0
0
0
0
0
0
0
0
0
0
0
0
0
0
0
0
0
0
0
0
0
0
0
0
0
0
0
0
0
0
0
0
0
0
0
0
0
0
0
0
0
0
0
0
0
0
0
0
0
0
0
0
0
0
0
0
0
0
0
0
0
0
0
0
0
0
0
0
0
0
0
0
0
0
0
0
0
0
0
0
0
0
0
0
0
0
0
0
0
0
0
0
0
0
0
0
0
0
0
0
0
0
0
0
0
0
0
0
0
0
0
0
0
0
0
0
0
0
0
0
0
0
0
0
0
0
0
0
0
0
0
0
0
0
0
0
0
0
0
0
0
0
0
0
0
0
0
0
0
0
0
0


-0.196
0
-0.805
0
-3.585
0
3.1
1
0
1
-2.386
0
5.879
0
-5.217
0
-1.346
0
4.104
0
-1.373
1
0.362
1
2.346
1
0.178
1
-0.99
1
2.163
0
5.298
1
-1.256
1
-2.836
1
-2.076
1
2.226
0
-0.0239997
1
-2.258
1
-7.653
0
2.091
1
2.049
1
-5.227
1
-0.833
1
0.475
0
0.895
0
1.811
0
-2.897
1
3.903
0
-1.496
1
-5.102
0
-3.356
1
-0.768
0
-3.069
1
-3.781
0
0.545
1
-5.793
0
-4.289
1
-2.617
1
1.081
1
0.879
1
-0.196
-1.363
0
1.947
0
1.882
1
-1.638
0
2.561
1
0.22
0
0
1
0
0
-7.49
0
-0.852
0
5.965
1
1.337
0
-2.179
0
1.759
0
-4.908
0
-0.355
0
1.018
1
-3.381
0
0.397
0
1.024
1
-0.067
0
2.134
1
-0.289
1
-4.872
0
1.911
1
-6.541
0
-6.803
1
6.214
0
4.553
1
0.305
1
-0.111
0
4.07
1
1.045
1
-5.554
1
1.294
1
-4.303
0
-3.007
1
-3.528
1
-8.445
0
2.593
0
-1.11
0
-1.963
1
2.002
1
5.039
1
5.441
1
-1.363
7.279
1
4.319
1
-9.869
1
-20.565
0
2.365
0
0.585
1
-0.991
1
1.661
0
2.908
1
-12.571
1
-11.646
1
0.594
0
0.894
1
-2.427
1
-5.157
1
-6.931
0
-2.619
1
0.656
0
-3.651
1
-2.315
1
5.63
0
0.896
1
4.442
1
-1.028
0
-4.536
1
1.824
1
0.837
0
-0.736
1
-0.89
0
-0.309
1
-1.853
1
-0.842
1
-0.296
0
0.815
0
-2.387
0
1.726
1
2.368
1
-2.824
1
2.744
1
-0.228
1
0.207
0
1.175
0
-1.755
0
4.309
0
1.898
0
7.279
-21.262
0
1.161
1
2.647
1
1.998
1
1.416
0
-5.589
1
-0.996
0
-4.284
0
1.918
0
1.118
1
1.976
1
1.501
0
-1.806
0
0.67
1
-0.727
0
-5.012
0
4.002
1
-6.374
1
-2.801
0
-2.929
1
-2.54
1
0.253
1
-5.054
0
-3.697
1
-1.459
1
-3.36
1
-0.403
1
-2.495
0
-5.48
0
-3.947
1
4.445
0
-4.84
0
-1.272
1
-6.327
0
-7.015
1
3.03
0
-3.137
1
4.756
0
2.543
0
-5.064
0
-3.035
1
-4.85
0
-2.029
1
-4.002
0
0.0609996
0
-21.262
-0.416999
0
2.381
1
8.199
1
0.367
0
1.856
0
3.624
1
0.212
0
-2.272
1
-0.344
1
3.062
0
-0.0910002
1
-1.57
1
-1.638
1
-0.4
1
0.277
1
-1.72
0
1.668
1
-2.561
1
-1.488
0
-5.105
1
3.049
0
-0.049
1
-2.18
1
-2.48
1
-3.383
1
1.364
1
0.0379999
1
3.216
1
2.503
0
0.559
1
0.081
1
-3.351
0
8.589
0
2.513
0
-2.551
1
-4.457
1
-6.021
1
-9.133
1
-5.272
0
-4.925
0
-1.439
1
-0.812
0
1.359
0
-0.632
1
-4.182
0
-0.416999
-13.349
0
3.197
0
4.897
1
-5.849
1
0.494
0
0.144
0
-15.007
0
-2.271
1
-2.153
1
0.5
1
-4.336
0
-2.378
0
-0.537
0
-2.859
1
-0.693
1
8.134
0
1.796
0
0.499
1
-3.128
1
0.977
0
4.628
0
-0.225
1
1.681
0
0.969
0
1.412
1
-2.898
1
0.147
1
1.31
1
-0.746
0
-10.246
1
-1.15
1
1.427
1
-2.09
0
-4.953
1
-1.129
0
-1.508
1
6.588
1
1.167
1
0.23
1
-1.475
1
0.734
1
-0.984
1
-1.093
0
-2.571
0
3.79
1
-13.349
-48.303
0
0.49
0
1.618
1
2.553
1
-6.296
1
1.806
0
-3.763
1
3.638
1
-3.613
1
-5.195
1
1.249
1
-2.741
0
-0.874
0
-1.577
1
-6.755
1
-0.82
1
-0.098
0
-2.748
0
-1.074
1
1.16
0
-3.058
1
-0.472
1
-4.833
0
-3.797
1
-4.533
1
2.568
1
1.131
1
4.796
1
3.166
1
-1.83
0
0.553
1
0.74
1
1.021
0
1.687
0
0.968
0
-0.139
0
-5.865
1
1.801
0
-0.0699997
1
2.634
0
-2.786
0
-1.878
1
3.073
0
1.667
0
-5.204
0
-48.303
-58.334
1
0.541
1
3.286
0
-4.446
1
-0.0919998
0
0.376
0
1.389
0
0.049
1
-2.854
1
-5.215
1
-3.035
1
-2.977
1
-2.832
1
-2.306
1
-0.825
1
-0.0969999
1
2.923
1
-3.728
1
0.563
0
2.496
1
-4.919
1
3.57
0
-2.564
1
0.539
0
-0.561
1
5.552
1
-1.002
1
-0.964
0
-4.734
1
-2.097
1
0.955
0
0.791
0
-5.039
0
0.925
0
1.988
0
0.711
1
-2.378
0
2.511
1
-4.636
1
5.07
0
0.812
1
-4.39
1
0.46
1
-0.287
1
-1.814
1
-58.334
-4.295
0
1.059
0
1.738
1
-1.83
0
-5.325
0
-1.039
0
0.234
1
-4.586
0
-6.241
1
-0.189
1
-3.461
1
-4.733
1
0.075
1
1.128
0
0.0580001
1
-2.717
0
-0.834
0
3.651
1
-1.153
1
7.38
1
-1.656
1
1.081
0
-0.757
0
-4.492
0
0.442
0
6.352
1
1.282
1
3.746
0
0.229
0
-5.688
1
-4.601
0
-2.662
0
-0.53
1
2.687
0
-1.253
1
0.655
0
3.93
0
-3.358
0
-5.848
0
-5.158
0
5.653
0
3.612
1
-2.787
1
0.08
1
-1.948
1
-4.295
-6.361
0
2.505
1
1.636
1
4.437
1
-7.989
0
-6.927
0
-8.621
0
-3.91
1
0.872
0
-3.434
1
9.072
1
-4.841
0
-5.196
1
-2.064
1
5.899
0
-2.112
1
2.676
1
0.353
1
-4.109
0
5.221
1
1.371
1
-3.1
1
-0.798
1
-3.329
1
0.237
1
-1.988
1
-4.904
0
1.352
0
-1.601
1
1.203
1
-4.669
0
-3.523
0
-6.378
1
5.096
1
1.444
0
3.144
0
0.437
1
2.746
0
-10.241
0
0.0920002
0
0.276
0
-2.292
1
1.187
0
3.437
0
-1.417
0
-6.361


-0.278
0
0
1
-0.158
0
-1.853
0
-0.194
0
0.466
0
-2.912
0
0.062
0
-0.793
1
3.373
0
-2.975
0
3.132
0
1.187
1
1.091
1
-0.145
1
1.139
0
-5.104
1
0
0
-1.202
0
-8.132
1
0
0
4.801
0
2.188
0
-3.162
0
0
0
-3.698
1
3.41
1
-1.598
0
-3.194
0
-2.374
0
1.485
0
0.461
1
-1.265
1
2.693
1
-3.017
0
-0.809
0
-4.355
0
-5.943
1
1.043
1
-1.544
1
-2.707
0
-0.417
0
3.246
0
-1.486
1
-0.567
1
-0.278
-20.692
0
0.315
1
-2.183
1
1.471
0
1.318
0
3.025
1
-0.504
1
-1.628
1
-0.469
1
0.875
1
4.964
1
-4.021
1
2.613
0
-4.721
1
-0.483
0
-1.836
1
-2.323
0
-2.24
1
-2.187
0
-2.672
0
-1.049
1
-1.368
1
-0.455
1
4.79
0
-5.436
0
-2.288
0
6.16
0
3.364
1
-8.214
1
-3.004
0
-5.789
0
-9.119
1
-0.52
0
0.384
1
-4.095
0
1.622
0
-2.46
0
-2.636
0
2.217
1
-2.532
1
-4.242
0
-0.683
1
1.985
0
4.761
0
0.144
0
-20.692
7.662
1
2.706
1
0.224
0
0.0879999
0
-0.726
0
-2.521
0
-0.29
1
0.0770001
0
-1.915
1
0.419
1
1.163
0
-0.63
0
-2.624
0
2.319
1
-2.207
0
2.884
1
0
1
-0.126
1
5.239
1
1.431
0
-1.21
0
1.499
0
3.445
0
-2.223
0
-3.447
1
-5.027
0
4.563
1
-0.00800025
0
-3.365
1
2.647
1
3.051
0
0.628
1
-4.6
0
1.706
0
2.545
1
2.939
1
2.325
1
2.986
0
-1.958
1
-1.501
1
-0.942
1
-0.424
1
-2.4
1
-2.029
1
2.352
0
7.662
-18.779
0
1.078
1
2.503
1
-2.645
1
-5.915
1
3.262
0
-6.842
1
4.02
0
-7.881
0
-3.04
0
0.495
1
0.198
1
1.828
1
1.769
0
-5.416
0
-1.28
0
0.185
1
0.424
0
-1.329
1
-0.424
1
0.576
0
0.377
0
-2.932
1
1.545
1
-7.679
0
3.384
0
2.646
0
-1.105
0
-9.547
1
0.943
1
-0.927
0
-2.657
0
-13.014
0
1.744
0
-0.395
0
3.553
0
-1.408
1
0.1
0
-0.869
0
2.909
0
-0.296
1
-1.627
0
0.783
0
-0.649
0
-0.63
0
-18.779
-24.033
0
1.893
1
1.243
0
-0.795
0
-0.224
0
-2.062
0
2.47
1
-7.209
1
2.279
1
0.677
1
-4.052
1
-1.184
0
-8.726
1
-8.128
0
4.896
0
1.921
1
0.0279996
0
0
0
0.424
0
-1.024
0
1.508
1
-1.27
1
4.208
1
-1.363
1
5.975
1
-3.108
1
-2.279
0
0.00999999
0
-0.489
0
-0.983
0
1.126
1
-6.698
0
0.754
0
-3.323
1
-5.024
0
-3.052
0
-4.457
1
7.846
1
-0.023
1
5.571
0
-3.385
0
-1.698
0
-0.806
1
2.764
1
-2.12
0
-24.033
-4.332
0
6.071
0
0.0599999
1
-3.96
1
3.292
1
-4.436
1
1.308
0
-2.054
1
-4.508
1
-0.553
0
1.995
1
3.841
1
-5.532
1
-2.011
1
-0.207
1
0.396
0
2.929
0
0.0630002
1
-0.72
1
-3.476
0
-1.754
0
-1.575
1
-3.983
0
4.09
1
3.523
1
-2.726
1
3.002
1
-4.444
1
-0.606
1
1.158
1
4.102
1
-1.991
1
-2.996
1
2.226
1
-1.223
0
1.982
1
-1.217
1
-3.089
0
1.156
1
-2.554
1
-1.857
0
1.507
0
-1.454
1
-0.372
0
-2.086
0
-4.332
21.719
1
3.018
1
-2.906
0
4.748
1
0.975
1
4.637
1
-1.376
0
1.595
0
1.298
1
-5.386
1
1.814
1
-4.439
1
-6.345
0
0
0
-0.0339999
1
-3.711
0
3.712
0
3.417
1
-0.0819999
1
0.118
0
0.045
0
1.473
0
1.245
1
1.33
1
0.348
0
-1.361
1
-2.532
0
3.496
0
1.45
1
4.309
1
-6.835
1
0.277
0
-2.006
0
-1.497
0
-6.909
1
-1.399
1
0.507
1
1.294
0
-1.367
0
-4.841
1
-2.029
0
0.168
1
-1.717
0
-1.068
0
2.871
0
21.719
1.573
0
-0.326
1
-0.0210001
1
-4.686
1
-7.565
0
2.387
0
-1.27
0
6.246
1
-3.697
1
1.099
0
0.16
0
9.128
1
-2.343
0
-1.739
0
3.631
1
1.462
0
-0.283
1
-1.489
1
1.021
0
0.709
0
6.58
1
0.414
0
-1.584
0
2.75
1
-4.195
0
-3.128
1
1.414
1
-2.029
0
-4.288
1
2.239
1
-1.167
1
3.466
1
1.793
0
-1.585
1
3.969
0
0.381
0
-0.981
1
-0.648
0
-2.215
0
0.342
0
0.544
1
-4.8
0
-1.042
0
-0.83
1
1.079
1
1.573
-0.181
1
0.416
0
-0.987
1
-2.076
1
-5.901
0
2.179
1
-5.016
0
-3.112
0
-0.939
0
-1.07
0
1.791
1
-1.118
1
-1.07
1
-1.017
1
3.98
1
0.376
0
2.972
0
1.613
0
-3.023
0
-3.327
0
-1.229
1
-0.887
1
0.849
0
-3.939
1
4.184
0
3.421
1
5.899
1
-1.627
0
1.269
1
3.865
1
-7.945
0
-2.112
0
-1.796
1
-1.547
1
5.523
1
-5.049
1
6.585
0
0.102
0
0.781
1
-0.969
0
1.325
1
-4.236
0
-4.961
1
-2.115
1
-1.46
1
-0.181
-35.924
1
5.069
0
-2.489
1
-3
1
-2.738
0
-1.594
1
2.479
1
1.429
1
-1.622
1
-1.18
0
-0.966
0
7.536
1
-5.08
0
-4.468
1
2.811
0
4.697
1
-2.198
1
0.384
0
-1.682
0
2.548
1
0.893
1
-1.439
0
1.48
0
-0.784
1
-3.234
0
1.551
1
-1.634
1
1.518
0
1.898
0
1.662
0
1.014
0
-2.041
0
-0.11
0
2.015
0
-1.04
1
2.209
0
-2.375
1
1.557
1
2.358
0
1.499
1
2.904
0
0.335
0
-2.019
0
0
0
2.972
0
-35.924


-12.08
1
-9.51
0
-3.292
1
4.471
1
2.438
0
0.985
1
3.555
1
-0.863
1
-0.828
0
-0.68
0
3.142
1
-0.448
1
-5.253
1
0.218
1
0.726
0
1.784
0
-0.426
0
-2.591
0
4.652
1
-1.61
1
-1.417
0
-4.099
1
-1.177
1
-3.379
0
0.565
0
0.0669999
0
-0.824
1
0.284
1
1.021
1
-2.827
1
-3.097
1
2.347
0
-2.041
0
-1.187
1
5.838
0
-1.095
1
-3.097
1
2.189
1
2.131
0
4.353
0
-0.566
0
0.0669998
0
-6.63
1
-6.679
0
-2.822
0
-12.08
2.704
1
0
1
-1.718
0
2.816
1
0.322
1
-2.833
0
0.751
0
-0.0590004
0
-3.007
0
0.0319998
0
-4.792
1
-4.484
0
0.386
1
-1.929
0
0.092
0
-1.377
1
-3.438
1
0.725
0
-4.259
1
2.677
1
0.444
0
-4.809
0
-5.983
1
-1.948
1
9.756
1
0.713
0
-3.416
1
-2.832
0
-1.868
0
0.608
0
-1.63
1
-0.975
0
-8.768
1
1.623
1
-4.566
0
-3.108
1
5.967
0
-4.981
1
2.465
1
2.432
1
-0.391
0
-4.261
1
-0.0170002
1
-2.942
0
-3.357
1
2.704
9.698
1
-9.776
0
0.31
1
-3.404
1
-4.915
0
3.399
1
0.0970001
0
-1.174
0
4.332
0
-1.997
0
0.58
0
2.289
0
-4.165
1
1.096
0
-5.594
0
1.42
1
3.811
1
4.548
0
0.694
1
3.213
0
3.353
0
-3.448
0
0.919
0
-1.964
1
0.237
0
-2.314
1
-3.066
0
-2.805
1
1.424
0
0.0579997
0
-5.582
0
-1.9
0
-0.603
0
-4.281
0
1.044
0
1.664
1
0
0
-3.319
1
-0.59
1
-0.256
1
2.878
0
1.138
1
-10.962
1
-0.376
1
-5.388
1
9.698
22.224
1
-0.00300014
1
-0.375
1
-3.476
0
2.254
0
8.597
0
1.416
0
-3.306
0
2.995
1
-2.111
1
-0.737
0
-4.479
1
-1.3
1
4.374
1
-2.96
0
0.00699997
0
1.988
1
-1.009
1
-2.176
0
-5.277
0
-0.768
1
-1.495
1
-3.137
0
4.049
0
-0.376
1
-0.796
0
-2.474
1
1.771
1
1.217
1
7.092
0
-2.035
1
-3.051
1
1.158
1
1.034
1
-0.0759997
1
-1.197
0
-4.041
0
-5.079
1
2.885
0
-1.955
0
-2.113
1
-4.926
0
3.389
1
-0.735
1
1.737
0
22.224
-12.573
1
-3.788
1
8.421
1
1.162
0
-2.73
1
1.857
0
3.356
1
-7.136
0
-0.587
0
-4.867
0
-1.683
1
-2.956
0
3.264
1
0.603
0
-2.2
0
-5.763
0
0.829
1
0.299
1
1.748
1
0.104
0
4.211
1
-1.943
1
-6.164
1
-1.176
0
-3.887
1
-0.718
1
-5.527
0
0.48
1
-0.372
0
4.803
1
2.169
0
-3.408
1
6.456
1
2.103
1
-2.694
1
3.943
1
-0.0989997
1
2.722
0
2.33
1
-0.306
1
0.925
1
1.881
1
-1.35
1
0.793
0
5.771
0
-12.573
-2.894
0
4.333
1
-1.511
0
5.412
0
1.187
0
-3.46
1
5.814
1
0
0
1.381
0
-2.108
0
0
1
0.805
1
2.776
0
-1.571
1
-3.363
0
3.684
1
-1.252
0
0.845
0
-0.354
0
-1.552
1
2.114
1
0
0
-2.935
1
0
0
-2.4
0
-7.076
0
-1.685
1
0
0
-1.989
0
-1.212
0
2.263
1
-1.6
0
-3.107
1
-1.109
1
0.255
1
1.986
1
1.253
0
1.53
1
1.119
0
-1.641
1
-2.064
1
0.835
0
0.635
0
1.673
1
-1.349
1
-2.894
-53.296
0
-1.341
1
0.854
1
1.499
0
-1.547
1
1.47
0
8.156
1
-5.291
1
5.059
0
1.168
0
3.005
1
-6.09
1
-0.761
1
-1.626
1
4.309
0
-2.401
1
4.442
1
1.617
1
0.786
1
7.159
0
-1.417
0
-3.61
0
-7.386
0
1.654
0
-3.099
0
1.296
1
4.178
0
2.37
0
-1.601
1
-1.412
1
5.481
1
-2.5
0
-2.407
0
-6.043
1
2.869
1
-0.764
0
2.793
1
-2.744
1
-3.449
1
-5.267
1
2.28
0
0.159
0
2.372
1
1.891
0
-2.171
0
-53.296
-7.867
0
0.069
1
1.282
0
0.542
1
-4.595
1
-5.179
0
-0.427
0
0.787
1
1.188
1
4.298
1
-0.0929999
1
-3.311
0
-0.447
0
-1.21
0
-0.169
0
3.079
1
-0.948
0
4.076
1
-0.079
1
6.268
1
-6.351
1
2.907
1
-0.848
1
-4.858
0
-2.911
0
-5.873
0
0.349
0
-4.762
1
-0.878
0
-1.418
1
-6.065
1
0.629
0
10.813
1
7.078
1
1.751
0
3.944
0
0.176
0
2.992
0
-0.761
0
1.411
1
-2.092
0
-0.0389998
0
0.427
0
-1.176
1
-0.234
1
-7.867
-35.395
1
-2.742
1
1.008
1
-5.507
1
-3.975
1
3.24
1
0.518
0
-1.127
0
1.105
1
-0.571
0
1.799
0
-0.635
1
-5.596
1
-2.597
0
0
0
0.0010004
0
-2.684
0
-1.851
1
-2.963
1
-4.242
1
-3.865
1
5.655
1
-3.239
1
0.764
1
2.262
1
1.886
0
3.573
1
-4.544
0
-2.749
0
2.81
1
-1.311
0
-2.345
0
2.785
1
3.926
0
3.318
1
-3.822
0
3.55
0
1.269
1
-1.546
1
-4.74
0
2.736
0
3.927
0
4.01
0
-3.974
1
-1.632
0
-35.395
-10.258
1
-5.021
1
0.837
0
-1.481
1
-3.47
1
-5.703
1
-2.334
0
-0.93
0
5.914
0
0.22
1
-3.608
0
2.534
1
1.612
1
-5.104
0
-0.82
0
5.6
0
6.697
0
-2.187
0
-1.034
1
-0.188999
1
-3.371
0
-0.321
0
-3.493
0
-5.544
1
-0.893
1
2.165
1
-2.707
0
-4.106
1
2.011
1
4.601
0
-0.382
0
-1.317
1
-5.826
1
3.263
1
2.084
1
-0.396
0
0.365
1
1.322
0
3.377
1
-4.959
1
-1.52
0
-3.363
0
-6.612
1
1.655
1
-4.464
0
-10.258


-2.455
0
2.903
1
0.02
0
-4.417
0
3.123
0
4.459
0
0.623
1
-2.621
1
-0.0179999
0
0
0
-2.805
1
-5.954
1
-5.81
0
-3.425
1
0.882
1
0
0
-4.275
1
0
0
1.021
0
1.413
0
-4.084
0
-0.48
0
0.029
0
1.431
0
0.28
0
5.473
0
-6.765
1
-2.063
0
-0.923
0
1.463
0
-2.978
1
0
0
1.345
0
-0.0550003
0
-4.245
0
7.788
0
-1.096
0
-4.076
0
1.343
0
-4.745
0
-1.358
0
-1.705
1
-0.00699997
0
-0.547
0
1.696
1
-2.455
-3.327
0
5.798
0
-3.864
0
5.139
0
-4.879
0
-2.846
0
-2.055
0
-1.475
1
0
0
2.463
0
2.365
1
-2.251
0
1.537
0
2.542
1
0.789
0
-3.975
1
-2.189
0
-2.374
0
0.234
0
-3.537
0
0
0
2.863
0
2.607
1
0.59
0
-0.44
0
-0.287
0
0
0
2.849
0
-1.209
0
-2.517
0
5.392
0
2.288
0
-1.989
0
-1.588
0
-2.157
0
0.405
0
0.0960004
0
-2.537
0
-0.35
0
1.316
0
2.85
0
-1.061
0
-11.566
0
0.61
0
3.496
0
-3.327
0.449001
0
2.89
1
-0.429
0
0.537
1
0
0
0.334
0
-0.383
0
0.0350002
1
2.224
0
0.821
0
5.838
1
5.03
1
-4.967
1
1.412
1
0.244
0
-0.384
0
-0.459
0
-2.776
0
-1.089
0
2.274
0
-0.131
0
-4.937
0
0.246
0
0
0
1.706
0
-4.338
0
-1.449
0
-6.938
0
-0.796
0
-0.122
0
-3.913
0
4.965
0
1.281
0
0.125
0
0
0
7.168
0
0.412
0
6.026
0
-3.087
0
-6.682
1
-0.0569999
0
0.422
0
-4.139
0
0.0870001
0
0.747
1
0.449001
1.982
0
-0.68
0
-1.16
0
0.454
1
2.815
0
-6.655
1
0.769
0
0.439
0
0.558
0
1.642
0
1.569
0
7.967
0
-2.171
1
-3.189
0
2.298
1
0
0
-2.003
0
4.574
0
-3.363
1
0.036
0
1.894
0
4.69
0
0.118
0
3.06
1
0.04
1
0.163
0
-2.82
0
-0.347
0
-5.049
0
-0.963
0
-0.162
0
-3.339
0
0.198
1
0
0
-6.486
1
0
0
-0.19
0
-2.872
0
1.675
0
-0.148
0
1.192
0
-0.586
0
3.396
0
2.16
0
-0.0119998
0
1.982
