

0
0
0
0
0
0
0
0
0
0
0
0
0
0
0
0
0
0
0
0
0
0
0
0
0
0
0
0
0
0
0
0
0
0
0
0
0
0
0
0
0
0
0
0
0
0
0
0
0
0
0
0
0
0
0
0
0
0
0
0
0
0
0
0
0
0
0
0
0
0
0
0
0
0
0
0
0
0
0
0
0
0
0
0
0
0
0
0
0
0
0
0
0
0
0
0
0
0
0
0
0
0
0
0
0
0
0
0
0
0
0
0
0
0
0
0
0
0
0
0
0
0
0
0
0
0
0
0
0
0
0
0
0
0
0
0
0
0
0
0
0
0
0
0
0
0
0
0
0
0
0
0
0
0
0
0
0
0
0
0
0
0
0
0
0
0
0
0
0
0
0
0
0
0
0
0
0
0
0
0
0
0
0
0
0
0
0
0
0
0
0
0
0
0
0
0
0
0
0
0
0
0
0
0
0
0
0
0
0
0
0
0
0
0
0
0
0
0
0
0
0
0
0
0
0
0
0
0
0
0
0
0
0
0
0
0
0
0
0
0
0
0
0
0
0
0
0
0
0
0
0
0
0
0
0
0
0
0
0
0
0
0
0
0
0
0
0
0
0
0
0
0
0
0
0
0
0
0
0
0
0
0
0
0
0
0
0
0
0
0
0
0
0
0
0
0
0
0
0
0
0
0
0
0
0
0
0
0
0
0
0
0
0
0
0
0
0
0
0
0
0
0
0
0
0
0
0
0
0
0
0
0
0
0
0
0
0
0
0
0
0
0
0
0
0
0
0
0
0
0
0
0
0
0
0
0
0
0
0
0
0
0
0
0
0
0
0
0
0
0
0
0
0
0
0
0
0
0
0
0
0
0
0
0
0
0
0
0
0
0
0
0
0
0
0
0
0
0
0
0
0
0
0
0
0
0
0
0
0
0
0
0
0
0
0
0
0
0
0
0
0
0
0
0
0
0
0
0
0
0
0
0
0
0
0
0
0
0
0
0
0
0
0
0
0
0
0
0
0
0
0
0
0
0
0
0
0
0
0
0
0
0
0
0
0
0
0
0
0
0
0
0
0
0
0
0
0
0
0
0
0
0
0
0
0
0
0
0
0
0
0
0
0
0
0
0
0
0
0
0
0
0
0
0
0
0
0
0
0
0
0
0
0
0
0
0
0
0
0
0
0
0
0
0
0
0
0
0
0
0
0
0
0
0
0
0
0
0
0
0
0
0
0
0
0
0
0
0
0
0
0
0
0
0
0
0
0
0
0
0
0
0
0
0
0
0
0
0
0
0
0
0
0
0
0
0
0
0
0
0
0
0
0
0
0
0
0
0
0
0
0
0
0
0
0
0
0
0
0
0
0
0
0
0
0
0
0
0
0
0
0
0
0
0
0
0
0
0
0
0
0
0
0
0
0
0
0
0
0
0
0
0
0
0
0
0
0
0
0
0
0
0
0
0
0
0
0
0
0
0
0
0
0
0
0
0
0
0
0
0
0
0
0
0
0
0
0
0
0
0
0
0
0
0
0
0
0
0
0
0
0
0
0
0
0
0
0
0
0
0
0
0
0
0
0
0
0
0
0
0
0
0
0
0
0
0
0
0
0
0
0
0
0
0
0
0
0
0
0
0
0
0
0
0
0
0
0
0
0
0
0
0
0
0
0
0
0
0
0
0
0
0
0
0
0
0
0
0
0
0
0
0
0
0
0
0
0
0
0
0
0
0
0
0
0
0
0
0
0
0
0
0
0
0
0
0
0
0
0
0
0
0
0
0
0
0
0
0
0
0
0
0
0
0
0
0
0
0
0
0
0
0
0
0
0
0
0
0
0
0
0
0
0
0
0
0
0
0
0
0
0
0
0
0
0
0
0
0
0
0
0
0
0
0
0
0
0
0
0
0
0
0
0
0
0
0
0
0
0
0
0
0
0
0
0
0
0
0
0
0
0
0
0
0
0
0
0
0
0
0
0
0
0
0
0
0
0
0
0
0
0
0
0
0
0
0
0
0
0
0
0
0
0
0
0
0
0
0
0
0
0
0
0
0
0
0
0
0
0
0


-0.196
0
-0.877
0
-6.09
0
3.139
0
0
1
-2.404
0
3.256
0
-9.065
0
1.34
0
-1.736
0
0.423
0
-1.195
0
1.665
0
-5.727
0
1.517
0
0.462001
0
3.805
1
-4.285
0
-6.357
0
0.669
0
3.751
1
0.295001
1
-4.229
1
-9.66
0
2.16
0
3.482
0
-12.451
1
1.561
0
1.846
1
-0.467
0
-2.202
0
-4.609
0
3.574
0
-9.151
0
-6.295
0
-0.847
1
-9.273
0
-2.762
0
-3.254
1
-3.286
0
-4.414
1
-1.912
0
2.773
1
-5.094
1
3.403
1
-0.196
-1.391
0
-1.576
0
-6.074
1
-1.638
0
-2.021
1
0.22
0
-4.635
0
-4.451
0
-8.587
0
-4.908
0
9.334
0
3.943
1
-3.551
0
0.294
1
-3.734
0
-3.745
0
-2.646
0
-4.756
0
2.474
1
3.136
0
1.533
1
1.114
0
3.743
0
-6.505
1
1.791
0
-3.612
0
-15.856
0
6.765
0
0.919
0
-1.696
0
-1.73
0
2.074
1
-2.7
0
-8.372
0
-1.875
1
-2.652
0
-7.324
0
-4.426
0
-7.188
0
4.109
1
-4.708
1
-5.797
0
5.784
1
0.863
0
6.097
0
-1.391
20.473
1
12.86
0
-29.658
1
-19.154
0
0.977
1
-1.533
0
-1.754
1
1.654
0
2.84
1
-55.195
1
-41.319
1
2.252
0
-0.186
0
1.089
1
-7.462
1
-7.813
0
-8.189
1
3.037
1
-8.693
0
7.274
1
8.225
1
4.902
1
4.701
1
-1.951
0
-8.334
0
1.784
1
-3.491
1
0.223001
0
-2.214
0
-4.602
0
4.498
0
-2.365
0
-4.952
0
-6.071
0
-5.41
1
5.786
1
1.622
1
4.129
0
1.058
1
-1.311
0
-4.109
0
2.032
0
-0.257
0
12.189
1
6.059
0
20.473
-20.64
1
0.0849999
1
2.647
1
1.998
1
1.379
0
-9.309
1
-0.965
0
-2.6
0
0.448
0
-0.359
1
1.976
1
-1.818
0
-1.086
0
-2.035
1
-4.856
0
-5.199
1
-1.323
1
-11.084
0
-2.671
1
-3.117
0
-3.603
0
1.011
0
-4.388
0
-1.533
1
-3.05
1
-3.77
0
0.313
1
-1.974
1
-2.315
1
-6.061
0
0.934
0
1.404
1
-2.494
0
-3.084
1
-5.679
0
6.098
0
-1.766
1
6.027
0
0.313
0
-4.06
0
-2.047
1
-7.289
0
-4.038
1
-5.889
0
0.409999
1
-20.64
-0.496999
0
0.586
1
11.438
1
0.367
1
0.0179999
0
2.72
1
0.346
0
-1.037
1
-0.344
1
4.262
0
-2.699
0
-3.964
1
-5.726
0
2.098
1
-3.218
0
1.95
0
5.614
1
-6.195
0
-1.927
0
-9.224
0
-3.171
1
5.741
1
0.911
1
-1.349
0
-3.792
1
1.833
1
-4.001
1
-1.183
0
-1.308
0
-7.29
1
-5.265
1
-18.228
0
5.339
0
3.43
0
-4.166
0
-2.178
0
-11.555
1
-13.816
1
-10.606
0
-9.544
0
1.991
1
-6.499
1
6.072
1
5.6
1
-2.977
0
-0.496999
-4.732
1
-1.861
0
-0.0339997
1
-11.277
0
1.225
1
-3.002
0
-16.127
0
-2.476
1
-2.114
0
1.311
0
-8.179
0
-5.975
0
1.486
0
-6.451
1
-0.93
0
11.531
1
1.03
0
2.36
0
-8.296
0
-6.476
0
0.687
0
-3.822
0
8.614
1
-4.61
1
-2.053
0
-0.918
0
-5.149
0
2.555
0
-1.221
0
-9.759
1
-0.815
1
-0.298
0
3.051
1
-7.874
1
-1.846
1
0.546
1
13.707
1
-0.821
0
4.228
1
-1.453
0
-2.069
1
-0.573
0
0.654
0
-0.768
0
2.671
1
-4.732
-36.729
0
5.512
0
2.397
1
2.724
1
-6.15
0
5.159
0
-4.69
1
-3.632
0
2.271
1
-4.798
0
2.596
1
-2.819
1
1.876
1
0.204
0
-7.123
0
0.834
0
-3.456
0
-3.329
0
-6.322
1
-2.903
0
-8.121
1
0.278
0
-3.373
0
1.986
1
-2.406
1
-2.969
0
-4.789
1
3.714
1
5.177
1
5.809
0
5.341
0
-4.576
0
-1.119
0
-0.201
0
-2.626
1
-5.6
1
-3.868
1
-1.765
1
2.185
1
3.607
0
0.594
0
-1.553
0
2.602
0
0.999
1
0.0869999
0
-36.729
-66.414
1
-1.607
0
7.081
1
-13.671
0
-6.892
0
-0.821
1
3.763
1
-0.999
0
-5.879
1
-5.922
1
-4.802
1
-7.96
1
0.33
1
-9.874
1
-0.994
1
-6.87
1
3.71
0
-0.461
0
0.202
0
6.707
0
-4.919
0
5.498
0
-3.934
0
0.95
1
0.511
0
11.742
1
-1.735
1
0.559
1
-5.78
1
-1.094
1
1.8
0
-2.176
0
-11.189
0
-1.644
0
5.801
0
3.219
0
-5.857
1
-1.536
1
-1.883
0
8.735
0
0.719
1
-8.212
1
-1.976
0
1.451
0
1.78
0
-66.414
-4.514
0
0.614
0
-5.402
1
-1.83
0
-5.127
0
-1.301
0
1.694
1
-4.586
0
-4.594
0
0.702
1
-3.461
0
-9.253
0
0.157
0
1.162
1
3.522
0
-2.461
1
-0.407
1
5.248
0
-3.042
0
3.942
0
-3.113
0
3.013
1
-3.465
1
-7.898
0
0.185999
1
7.752
0
-0.646
1
3.009
0
-5.614
1
-12.691
0
-4.424
0
-5.325
1
-2.929
1
1.187
0
-1.486
1
3.4
1
5.8
0
-6.231
0
-6.751
1
-11.415
0
6.657
1
5.703
0
-2.061
0
-3.562
0
-4.375
1
-4.514
-3.973
0
-0.854
0
3.777
1
5.869
1
-3.315
0
-10.255
0
-7.954
0
-3.949
0
3.803
1
-3.556
1
6.533
1
-6.197
1
-6.676
0
-2.456
0
1.982
0
-2.729
0
-1.091
0
1.695
1
-7.982
0
6.975
1
2.268
1
-2.895
0
-0.406
0
-4.477
0
0.368
1
-0.351
0
-7.016
0
-1.114
1
0.1
0
1.203
1
0.394
0
-2.257
0
-4.681
1
1.542
1
0.947
0
7.592
0
-4.587
1
2.868
1
-12.003
1
-1.172
1
-0.425
0
-2.974
0
2.369
1
-1.402
1
0.498
0
-3.973


-0.278
0
6.318
1
-0.158
0
-8.274
0
-2.534
0
-2.233
0
-1.643
0
-2.194
0
0.0820001
1
3.373
0
-5.225
0
0.516
0
-0.482
0
7.107
0
0.737
1
1.139
0
-7.033
0
0.138
0
-1.932
0
-6.276
0
-5.211
0
2.714
0
-0.519
0
-2.326
0
-5.669
1
-8.581
1
7.53
0
-3.755
0
-1.177
0
-2.611
0
-2.003
0
-4.272
0
-1.993
0
4.404
1
-2.934
0
-2.376
0
-8.774
1
-4.767
0
-1.276
0
-4.04
1
-6.924
1
-0.307
0
1.874
0
2.239
0
-7.528
1
-0.278
-11.658
1
-1.97
0
-4.927
1
-3.331
1
-2.427
1
3.392
0
-4.522
0
-6.306
0
0.326
0
0.414
0
2.698
1
-3.628
1
8.482
0
-6.941
1
-7.539
1
0.398
1
-0.854
0
-1.85
0
0.342
1
-5.376
1
1.555
0
-4.579
0
-6.705
1
5.552
1
-1.614
0
0.533
1
8.505
0
1.264
1
-7.057
0
-2.284
1
-10.957
0
-9.068
0
-1.213
0
-0.168
1
3.213
0
-1.784
1
-7.144
1
-4.916
1
6.495
1
-1.89
1
-2.546
1
-5.397
0
2.743
0
2.687
1
-0.972
1
-11.658
7.61
1
2.706
1
0.224
0
0.847
0
-5.142
0
-0.987
0
-2.347
1
0.0770001
0
-3.829
1
0.419
1
1.163
1
-1.729
1
-6.737
0
3.045
0
3.294
0
3.038
0
1.506
1
-0.126
1
5.239
1
1.431
0
-4.587
0
1.859
0
9.388
0
-0.963
0
-0.684
1
-9.133
1
5.011
1
1.411
1
-4.83
0
4.365
1
2.885
1
-0.557
1
-1.889
0
2.8
1
4.958
0
7.104
1
0.408
1
-2.787
0
0.406
1
-6.464
1
3.244
1
-4.75
0
0.764
0
-1.758
1
4.086
0
7.61
-5.227
1
2.705
1
8.303
0
-2.263
1
-8.394
0
0.945
0
-10.965
1
-1.379
0
-9.835
1
-2.708
0
-4.073
1
-1.137
0
-3.764
0
2.638
1
-11.905
0
5.324
0
1.261
1
10.946
0
0.401
1
1.664
0
3.567
0
5.185
0
-5.447
1
1.697
1
-3.72
0
1.947
0
-0.457
1
-2.071
1
-14.063
1
1.216
1
-6.09
1
-6.125
1
-13.581
1
-0.447
0
1.83
1
-0.838
0
-2.266
1
4.899
1
1.781
1
7.383
1
4.061
0
1.18
1
-2.929
1
1.597
0
-6.209
1
-5.227
-66.96
1
6.321
1
-3.198
0
-0.536
0
2.786
1
4.657
1
1.86
1
-7.442
1
-0.935
0
-1.128
1
-6.382
0
1.665
1
-16.313
1
-8.946
1
6.42
0
0.89
0
6.307
1
-4.519
1
-0.563
0
-4.143
0
-5.628
0
3.159
0
6.098
1
-3.35
0
4.217
0
-4.229
1
-5.612
0
0.628
0
-5.795
0
-2.16
0
-0.194
1
-2.25
0
-3.832
1
-2.543
1
-5.941
1
-3.582
0
-8.411
0
7.701
0
5.349
1
-0.0689999
1
-0.791
0
2.067
1
1.391
1
3.097
0
-0.152
0
-66.96
-5.163
1
9.126
0
-0.472
1
-7.757
0
2.142
1
-5.66
1
-1.038
0
-5.931
0
-4.769
1
-5.361
1
3.598
0
2.255
1
-6.585
1
-2.699
0
0.442
1
-3.55
1
1.726
0
-4.15
1
-2.667
1
-8.095
1
1.847
1
3.763
1
-3.671
0
5.112
1
1.414
1
-2.952
1
-2.35
1
-12.945
1
-2.575
0
-4.346
1
5.411
1
-4.094
0
-5.493
1
-1.5
1
-2.502
0
6.519
1
-5.49
0
0.915
0
-4.582
1
-2.815
0
-3.406
0
-4.117
0
0.27
0
-0.372
1
-1.312
0
-5.163
-0.559003
0
-1.287
1
5.399
0
1.136
0
0.217
0
5.48
1
0.538
0
4.969
0
2.967
0
-2.578
1
0.462
1
-5.193
0
-0.924
1
-0.677
1
1.991
0
-4.7
1
-0.18
0
2.296
1
0.477
0
-1.449
0
2.619
1
2.704
0
-1.926
0
-3.412
0
1.144
0
-1.535
1
-7.07
1
1.43
1
5.586
1
2.891
0
-1.038
1
3.539
0
3.555
1
4.51
0
-8.484
1
-1.412
1
-2.764
0
1.091
1
4.194
1
-4.649
0
0.775
1
-1.072
0
-7.071
0
-3.899
1
-5.504
1
-0.559003
6.55
1
-0.946
0
-3.582
1
-3.57
1
-6.478
0
2.642
0
-3.053
0
5.898
1
-4.438
1
4.18
0
-0.567
0
9.034
0
0.712
1
-1.651
0
2.634
0
5.426
0
-0.452
0
-2.696
0
2.558
0
-2.589
0
7.432
0
-5.727
1
-1.548
0
4.983
0
-3.244
1
0.191
1
7.323
1
-10.602
0
-3.91
0
-0.0609998
1
-1.805
1
-0.485
1
0.862
1
-6.74
1
2.228
1
1.614
0
-0.676
0
-1.454
0
-0.0539999
0
-5.71
0
1.792
1
-6.682
1
-4.273
1
-10.858
1
4.288
1
6.55
-1.568
0
-2.845
1
1.326
0
-2.763
0
-4.823
0
2.404
1
-10.155
1
-0.104
1
-7.889
1
-2.783
0
-2.611
0
6.683
1
1.455
1
0.37
1
-0.738
0
0.248
1
6.292
0
3.826
1
0.103
0
-8.994
0
-5.592
1
2.005
0
-2.056
0
-8.309
0
4.795
1
2.042
0
10.226
1
0.491
0
0.332
1
9.637
1
-11.551
1
-0.342
1
-6.117
0
2.24
1
1.094
1
-3.876
0
9.157
0
-0.436
1
3.41
0
-2.168
0
3.929
0
-3.555
0
-7.129
1
-2.079
0
-9.765
0
-1.568
-74.986
0
6.013
0
-2.915
0
0.176
0
-4.975
0
-0.797
0
3.92
1
2.614
1
-4.384
0
-4.148
0
-0.966
1
9.867
0
-6.554
1
-2.594
0
4.755
0
7.83
0
1.152
1
-0.378999
0
-8.004
0
3.102
0
-2.068
1
2.436
0
0.694
1
0.921
0
-11.365
1
0.658
0
-0.477
1
11.608
1
-0.598
1
-2.881
0
-3.702
0
4.705
0
7.635
0
-2.903
0
-7.474
0
-7.612
0
-9.21
1
8.675
1
0.919
0
3.597
0
5.036
1
4.775
0
-2.502
0
1.884
0
-3.084
1
-74.986


-12.467
1
-7.701
0
-0.673
1
4.311
1
3.99
0
-1.531
1
2.41
0
1.717
0
5.214
1
1.573
0
4.309
1
-0.799
1
-1.079
1
-4.388
0
-0.347
1
-0.752
1
-2.639
0
-3.69
1
4.802
0
1.032
0
-1.594
1
-6.297
0
-3.67
1
-5.763
0
-2.687
0
7.862
1
-2.831
1
-1.703
0
-5.202
0
-2.624
0
-2.263
1
0.158999
1
0.0760002
1
-1.012
0
10.358
0
1.765
0
-2.599
1
-2.971
1
0.871
1
-3.268
1
-5.828
0
-2.51
1
-9.808
0
-8.929
0
-1.696
1
-12.467
-21.482
1
-1.247
1
-0.0429997
0
7.712
0
0.172
0
-7.663
1
-1.723
1
-1.352
0
-3.786
1
-2.616
1
-4.262
1
-5.459
0
-5.051
0
-0.804
1
1.351
1
1.585
1
0.436
1
-0.28
1
-3.58
1
3.158
0
-2.951
1
-8.585
0
-4.64
1
1.55
0
10.349
0
3.489
1
-2.11
0
-1.251
1
-3.444
1
-1.929
1
2.345
1
6.713
1
-6.31
0
3.54
1
-5.402
1
-2.528
1
2.798
1
-5.499
0
4.57
0
0.585
0
-0.131
0
4.265
1
-1.66
0
-10.002
0
-8.556
1
-21.482
-15.348
0
-18.463
1
-1.963
0
-5.618
0
-5.782
1
2.045
0
-3.922
0
-0.543
0
2.288
1
-5.63
1
6.661
1
-2.008
1
-5.253
0
-1.989
0
-2.777
1
4.477
1
0.165
0
3.323
1
3.998
1
1.536
0
-0.492
0
-4.213
1
2.789
1
0.934
1
7.719
1
-0.00899994
0
-3.45
1
-3.549
1
-2.713
1
-2.031
1
-5.744
0
-6.012
1
-5.168
0
-3.813
0
2.103
0
-2.107
1
0.347
1
-4.588
0
-2.597
0
-5.273
0
5.443
1
4.671
0
-9.994
0
0.775
1
-6.658
0
-15.348
-22.912
1
-0.388
1
1.318
1
-6.295
1
0.574
1
10.921
1
2.119
0
0.316
0
-3.429
1
-0.711
1
-1.089
1
1.341
0
-2.533
0
1.082
0
-4.753
1
-0.744
1
2.816
0
-0.556
1
-0.491
1
-8.132
0
-3.102
0
-3.886
0
-5.285
0
0.766
0
0.691
0
-2.311
1
-3.713
0
-0.355
1
1.424
1
8.09
0
-1.62
0
-4.824
1
4.375
1
-0.752
1
-0.239
0
1.123
1
-3.685
1
-1.202
0
3.262
1
-3.038
0
-2.866
1
1.758
1
3.013
0
0.886
0
-0.102
0
-22.912
-40.455
0
-1.952
0
9.371
1
-2.24
0
-1.545
0
5.316
1
2.031
0
-10.982
1
0.0820004
0
-6.91
1
3.44
1
0.0739998
1
0.625
0
-1.283
1
2.162
0
-7.934
0
-0.756
0
-0.11
0
3.55
1
1.437
0
1.367
1
-4.887
1
-5.677
0
-0.463
0
-3.798
0
-1.245
1
-5.61
1
0.357
1
-1.824
1
2.45
1
-0.887
0
-0.576
1
9.369
0
2.137
0
-1.779
0
2.463
0
-2.128
1
2.49
0
-1.365
1
1.23
1
2.934
1
2.564
0
-4.283
1
11.586
1
7.357
1
-40.455
-7.327
0
2.206
0
1.915
0
9.733
1
-1.18
1
-1.672
0
5.752
0
-3.52
1
2.692
1
-0.445
0
-6.639
1
-7.24
0
3.799
1
-1.571
1
-0.163
1
0.983
1
-2.041
0
0.283
0
2.392
0
-4.285
0
-1.314
0
1.395
0
-8.277
1
-0.544
0
-1.079
1
-12.988
1
-1.428
1
0.94
0
-5.027
0
-0.637
0
2.625
1
-2.456
0
-1.549
1
-3.799
0
-1.728
1
2.279
1
3.024
0
3.552
0
-0.56
1
-3.215
1
-1.213
0
7.106
0
-0.748
1
-2.271
0
0.25
0
-7.327
-62.98
0
-4.429
0
0.854
0
1.879
1
2.016
0
1.101
1
13.699
0
-5.613
1
10.297
0
5.121
1
-1.651
1
-6.339
1
-8.631
0
-3.387
0
7.938
0
-7.995
1
-0.714
0
-0.506
1
-0.49
0
6.091
1
-5.159
1
-6.297
0
-4.32
1
1.675
0
-2.801
0
-4.126
0
2.335
1
11.971
1
-12.839
0
4.955
1
4.879
0
-4.487
0
-4.945
1
-7.083
0
1.844
0
3.085
0
2.553
0
-8.895
1
-2.014
1
-2.887
0
-1.319
0
-3.867
1
2.791
0
3.619
1
-3.206
0
-62.98
-11.706
1
-4.049
0
1.614
1
-4.32
1
-4.895
0
-7.813
0
2.415
1
3.542
1
-0.123
1
14.753
0
-0.294
1
-5.783
1
1.294
0
0.164
0
4.339
0
-3.088
0
4.321
1
-0.941
0
-0.144
1
5.622
0
-7.969
0
3.445
1
-0.111
1
-7.608
1
-2.873
1
-6.769
1
-4.424
0
-4.725
1
-7.534
0
-3.787
1
-11.242
0
1.026
0
11.58
0
8.075
0
-0.0960003
1
3.147
0
3.978
0
2.11
0
-1.352
1
1.425
1
-0.304
1
-3.743
1
2.438
0
-1.145
0
-4.664
1
-11.706
-52.769
0
-7.34
1
3.015
0
-1.541
0
-6.823
0
-6.001
0
-2.406
0
-3.217
1
-0.874
1
-6.455
1
3.486
0
-2.019
0
-5.643
1
-2.816
0
-2.606
1
-4.825
1
-9.922
1
-2.916
0
-2.625
1
-1.016
1
-3.799
0
1.684
1
-5.071
0
4.254
0
-0.0669998
0
3.839
0
0.363
0
-4.608
1
-2.976
1
-1.258
1
-1.502
0
-1.363
1
-3.527
1
0.789
1
3.645
0
-5.532
0
5.295
1
0.133
1
-2.833
0
-6.988
1
6.151
1
-2.378
1
0.438
1
-6.535
0
-2.908
0
-52.769
-33.295
0
-10.045
1
-0.148
1
-4.443
1
-3.908
0
-9.324
1
-0.978
1
-2.2
0
4.028
1
-1.989
1
2.141
0
6.548
0
-1.108
1
-4.683
0
-4.53
0
5.533
0
5.388
0
-2.098
0
2.033
0
6.04
0
-3.996
1
-3.637
1
-4.38
1
-5.392
0
-2.078
0
4.877
1
-7.153
0
-2.697
0
1.293
0
3.313
1
-2.125
1
0.582
0
-4.212
1
5.66
1
6.766
1
-1.044
0
-0.199999
0
-4.291
0
2.512
0
0.84
1
2.116
0
-3.16
1
-1.862
0
-1.106
0
-2.503
0
-33.295


-2.455
0
1.48
1
0.02
0
-2.247
0
3.223
0
-0.255
0
-0.135
1
-2.621
0
-2.503
0
-7.826
0
-9.641
1
-12.042
0
-7.06
1
-3.579
1
2.486
0
0.101
0
-4.12
0
-1.149
0
4.519
0
5.179
0
-6.694
0
-2.324
0
3.877
0
1.002
0
-0.767
0
16.399
0
-3.308
1
-2.063
0
-3.911
0
1.688
0
-2.714
1
0
0
-2.345
0
-1.148
0
-1.465
0
5.939
0
-3.781
0
-4.461
0
-2.177
0
-4.39
0
-3.576
0
1.166
1
-0.00699997
0
-1.087
0
-2.417
0
-2.455
-3.327
0
2.895
0
-4.513
0
5.006
0
-13.518
0
-12.642
0
-4.726
0
-4.687
0
0
0
5.853
0
0.158
1
-2.842
1
3.984
1
1.169
1
-4.617
0
-1.919
1
-2.189
0
-5.097
0
-1.527
0
-0.264
0
1.579
0
1.133
0
4.572
1
0.59
0
-1.704
0
-1.727
0
-5.107
0
0.31
0
-0.759
0
-6.085
0
1.256
0
10.755
0
0.409
0
-0.315
0
-5.455
0
-4.414
0
3.387
0
-0.817
0
-1.892
0
-0.84
0
6
0
-8.141
0
-16.813
0
0.00899982
0
9.602
1
-3.327
0.449001
0
-2.656
1
-0.429
0
4.341
0
4.633
0
3.767
0
1.772
0
-2.288
1
2.224
0
3.906
0
3.076
0
2.899
1
-6.281
1
0.684
0
-4.315
0
-5.272
0
0.468001
0
-2.314
0
2.621
0
3.039
0
1.738
0
-0.308
0
-5.717
0
-4.8
0
-2.909
0
-6.512
0
1.834
0
-8.091
0
-2.456
0
2.518
0
-8.897
0
8.218
0
-7.663
0
9.034
0
2.745
0
11.45
0
1.392
0
2.727
0
-3.519
0
-6.913
1
-0.0569999
0
-5.344
0
-8.278
0
-9.431
0
-0.308
1
0.449001
1.982
0
-3.109
0
-4.588
0
2.073
1
2.815
0
-5.516
1
0.769
0
-6.79
0
0.366
0
2.815
0
2.447
0
4.816
0
-2.661
1
-5.348
0
5.318
1
0
0
-3.581
0
-0.775
0
-2.947
1
0.036
0
-3.191
0
8.935
0
1.03
0
1.655
1
0.04
1
0.163
0
-3.938
0
-1.65
0
-5.925
0
1.244
0
-0.577001
0
-13.427
0
4.698
0
0
0
-2.932
0
-1.372
0
-0.224
0
-2.951
0
3.278
0
-3.504
0
-2.586
0
5.938
0
0.531
0
2.575
0
-1.398
0
1.982
