

0
0
0
0
0
0
0
0
0
0
0
0
0
0
0
0
0
0
0
0
0
0
0
0
0
0
0
0
0
0
0
0
0
0
0
0
0
0
0
0
0
0
0
0
0
0
0
0
0
0
0
0
0
0
0
0
0
0
0
0
0
0
0
0
0
0
0
0
0
0
0
0
0
0
0
0
0
0
0
0
0
0
0
0
0
0
0
0
0
0
0
0
0
0
0
0
0
0
0
0
0
0
0
0
0
0
0
0
0
0
0
0
0
0
0
0
0
0
0
0
0
0
0
0
0
0
0
0
0
0
0
0
0
0
0
0
0
0
0
0
0
0
0
0
0
0
0
0
0
0
0
0
0
0
0
0
0
0
0
0
0
0
0
0
0
0
0
0
0
0
0
0
0
0
0
0
0
0
0
0
0
0
0
0
0
0
0
0
0
0
0
0
0
0
0
0
0
0
0
0
0
0
0
0
0
0
0
0
0
0
0
0
0
0
0
0
0
0
0
0
0
0
0
0
0
0
0
0
0
0
0
0
0
0
0
0
0
0
0
0
0
0
0
0
0
0
0
0
0
0
0
0
0
0
0
0
0
0
0
0
0
0
0
0
0
0
0
0
0
0
0
0
0
0
0
0
0
0
0
0
0
0
0
0
0
0
0
0
0
0
0
0
0
0
0
0
0
0
0
0
0
0
0
0
0
0
0
0
0
0
0
0
0
0
0
0
0
0
0
0
0
0
0
0
0
0
0
0
0
0
0
0
0
0
0
0
0
0
0
0
0
0
0
0
0
0
0
0
0
0
0
0
0
0
0
0
0
0
0
0
0
0
0
0
0
0
0
0
0
0
0
0
0
0
0
0
0
0
0
0
0
0
0
0
0
0
0
0
0
0
0
0
0
0
0
0
0
0
0
0
0
0
0
0
0
0
0
0
0
0
0
0
0
0
0
0
0
0
0
0
0
0
0
0
0
0
0
0
0
0
0
0
0
0
0
0
0
0
0
0
0
0
0
0
0
0
0
0
0
0
0
0
0
0
0
0
0
0
0
0
0
0
0
0
0
0
0
0
0
0
0
0
0
0
0
0
0
0
0
0
0
0
0
0
0
0
0
0
0
0
0
0
0
0
0
0
0
0
0
0
0
0
0
0
0
0
0
0
0
0
0
0
0
0
0
0
0
0
0
0
0
0
0
0
0
0
0
0
0
0
0
0
0
0
0
0
0
0
0
0
0
0
0
0
0
0
0
0
0
0
0
0
0
0
0
0
0
0
0
0
0
0
0
0
0
0
0
0
0
0
0
0
0
0
0
0
0
0
0
0
0
0
0
0
0
0
0
0
0
0
0
0
0
0
0
0
0
0
0
0
0
0
0
0
0
0
0
0
0
0
0
0
0
0
0
0
0
0
0
0
0
0
0
0
0
0
0
0
0
0
0
0
0
0
0
0
0
0
0
0
0
0
0
0
0
0
0
0
0
0
0
0
0
0
0
0
0
0
0
0
0
0
0
0
0
0
0
0
0
0
0
0
0
0
0
0
0
0
0
0
0
0
0
0
0
0
0
0
0
0
0
0
0
0
0
0
0
0
0
0
0
0
0
0
0
0
0
0
0
0
0
0
0
0
0
0
0
0
0
0
0
0
0
0
0
0
0
0
0
0
0
0
0
0
0
0
0
0
0
0
0
0
0
0
0
0
0
0
0
0
0
0
0
0
0
0
0
0
0
0
0
0
0
0
0
0
0
0
0
0
0
0
0
0
0
0
0
0
0
0
0
0
0
0
0
0
0
0
0
0
0
0
0
0
0
0
0
0
0
0
0
0
0
0
0
0
0
0
0
0
0
0
0
0
0
0
0
0
0
0
0
0
0
0
0
0
0
0
0
0
0
0
0
0
0
0
0
0
0
0
0
0
0
0
0
0
0
0
0
0
0
0
0
0
0
0
0
0
0
0
0
0
0
0
0
0
0
0
0
0
0
0
0
0
0
0
0
0
0
0
0
0
0
0
0
0
0
0
0
0
0
0
0
0
0
0
0
0
0
0
0
0
0
0
0
0
0
0
0
0


-97.641
1
-0.57
0
-3.208
0
-3.939
1
6.952
0
-0.864
0
5.301
0
-9.997
0
-8.21
1
-2.722
1
-2.028
0
7.134
1
2.872
0
-3.086
1
6.7
0
4.945
1
2.587
1
2.758
0
-0.609
0
-2.584
0
10.451
1
-4.598
1
-1.649
0
-7.458
1
-6.435
0
-1.404
1
5.29
1
0.888
1
-4.556
1
-2.933
1
2.635
1
0.577
0
0.84
0
-7.823
1
-3.162
0
4.808
1
0.581
0
-6.64
1
-1.218
1
-5.881
0
-11.915
1
-0.434
0
-3.195
0
-2.96
0
-0.293
0
-97.641
-1.492
0
2.469
1
-7.721
1
-10.283
1
2.85
0
-0.401
1
-7.16
1
0.812
0
-2.907
1
10.917
0
-2.901
1
-9.765
1
-10.023
1
8.12
1
-4.868
1
4.27
0
-0.594
1
-7.954
0
3.244
0
3.871
1
-1.229
1
-6.078
0
-1.645
0
-2.827
0
-4.854
1
0.373
0
6.925
1
-3.84
0
-3.265
0
-8.848
0
-3.042
1
1.196
0
2.506
0
1.861
0
-1.811
0
-4.337
0
6.586
0
3.63
1
0.95
1
-3.443
1
-0.185
0
-3.431
0
8.024
1
-4.639
1
10.093
1
-1.492
1.225
0
-4.563
0
-8.283
1
-3.29
0
0.968
0
-3.098
1
-2.993
0
6.331
0
-2.143
0
4.259
0
-1.089
1
-4.325
1
-1.83
0
-3.133
1
0.751
0
-4.284
1
3.813
1
-5.518
1
-8.746
0
-3.837
0
0.675
1
-1.783
0
-8.017
0
-10.57
0
-2.944
1
0.257
0
-6.791
1
9.045
0
1.201
1
2.511
1
-0.278
1
7.249
1
0.0850001
0
-3.797
1
-3.47
0
1.261
1
1.907
0
2.448
0
4.473
1
-5.484
1
-9.703
1
-1.475
0
-4.118
0
-5.286
1
4.592
1
1.225
-72.05
0
-7.835
0
-8.245
1
1.54
0
3.46
0
5.281
0
-5.422
0
-3.05
1
1.637
1
5.049
1
-1.219
1
-4.537
1
-7.695
0
6.746
1
3.922
0
-7.544
0
2.428
0
-1.89
1
-3.494
0
11.349
0
5.553
0
-5.528
0
-0.149
1
-0.443
1
-1.077
0
-7.531
1
4.858
0
-2.177
1
-8.044
0
0.459
1
-2.305
1
0.791
0
-0.247
0
-5.985
1
-1.23
1
-6.527
1
1.922
0
-4.729
0
-1.422
0
-3.189
1
-0.977
1
-2.381
0
2.829
1
2.375
1
1.631
1
-72.05
-4.782
0
-3.343
0
-5.504
1
-1.468
0
1.422
0
-1.17
0
-7.36
0
-0.608
1
3.517
1
3.321
0
-0.604
0
-4.977
0
7.208
0
0.536
0
11.719
0
3.645
0
8.159
1
-2.086
0
-4.586
0
0.856
1
0.0709999
1
3.201
1
0.802
1
0.344
0
-1.575
1
-1.25
0
-1.306
0
-5.494
0
-0.941
1
-5.889
1
3.901
0
3.238
1
0.563
1
-2.937
0
-10.037
0
-1.629
1
-4.316
0
-2.352
0
-3.149
0
-5.249
0
3.092
1
-4.058
1
-1.727
1
-12.234
1
9.468
1
-4.782
-64.392
0
-4.125
1
0.772
1
-1.528
0
-8.108
0
1.714
1
-6.091
1
9.291
1
-3.232
0
-0.377
1
-0.421
0
1.688
1
1.661
0
-0.671
0
-1.754
1
9.685
1
-3.132
0
3.023
0
-8.17
1
-2.832
0
8.665
1
4.027
0
2.003
1
-5.325
0
0.572
1
4.95
0
8.158
0
1.517
1
-3.761
0
0.499
1
2.181
1
-2.168
1
-2.47
1
-3.433
1
-1.316
1
5.297
0
-2.838
0
-2.226
0
-2.939
0
2.386
0
-7.546
0
0.967
1
-8.357
1
-2.814
0
-3.65
0
-64.392
27.884
1
-7.962
0
1.017
0
-0.369
1
0.976
1
-11.483
1
4.713
1
-13.344
0
-3.251
0
-5.803
1
-4.101
0
-4.06
0
0.638
1
9.648
0
0.605
1
-6.41
0
-2.034
1
5.687
0
-1.254
0
-12.707
0
-7.266
0
2
1
0.704
0
-6.365
0
-2.788
0
-7.477
1
3.875
0
2.925
0
7.67
0
1.442
0
-1.391
0
-1.518
0
-2.55
1
-5.504
0
5.252
1
-0.487
1
3.407
0
8.073
0
4.448
1
5.066
0
1.389
1
-2.125
0
2.516
1
-0.238
0
-2.334
0
27.884
-60.284
1
-4.963
0
1.241
0
-7.651
0
4.455
1
-9.159
0
-6.383
1
0.0940001
0
0.0309998
0
-2.405
1
-6.104
1
-1.351
1
3.11
1
-2.995
0
-6.816
0
-1.2
1
-2.33
0
6.675
1
3.103
0
6.481
0
1.903
0
-4.546
0
4.862
1
3.502
1
2.377
0
1.834
0
-2.689
1
4.777
0
8.82
1
1.493
1
6.462
1
-6.021
1
-1.053
1
-2.116
0
11.28
0
-3.188
0
-8.662
0
-0.115
0
0.338
0
-10.965
1
-4.35
1
0.317
1
-1.596
0
4.393
1
-4.213
0
-60.284
-40.053
0
4.07
1
3.732
1
-9.611
0
1.509
1
-5.812
0
1.179
0
-6.567
1
4.784
0
-3.891
0
-2.989
0
2.239
1
0.516
1
1.308
1
1.181
0
-7.064
1
-3.381
0
-7.507
0
-9.428
0
-4.011
1
0.795
1
-4.223
0
-5.874
1
-4.528
1
-4.845
0
9.196
0
-2.537
1
-6.058
1
-7.789
0
-0.132
0
7.695
0
-4.723
1
-6.421
1
-2.174
0
-0.458
1
2.12
0
9.274
1
-8.844
1
-1.076
0
-4.54
0
0.863
1
2.154
0
-0.280999
1
-0.025
1
3.434
1
-40.053
-35.57
1
3.61
0
1.267
1
6.646
0
-7.922
0
5.802
0
-23.326
0
5.048
0
-2.283
1
0.496
1
-1.848
1
5.346
1
-5.375
0
-1.717
1
2.174
0
4.355
0
-7.057
1
0.298
1
5.275
1
-4.657
1
-2.441
1
-3.255
0
8.267
0
5.062
1
-0.996
1
-5.064
1
1.535
1
0.0880002
0
1.389
1
-9.278
0
-3.252
0
10.599
1
-0.381
0
3.11
0
-5.207
1
0.961
1
2.256
0
2.985
1
-10.663
0
3.136
1
-7.418
0
-8.695
1
0.621
0
3.741
1
2.372
0
-35.57


-15.008
1
1.516
1
1.873
0
8.267
0
1.509
1
-5.49
0
4.327
0
-4.988
0
-6.997
1
2.395
1
-6.237
0
0.185
0
-1.411
1
-3.256
0
-8.043
0
1.376
0
-2.224
1
-6.337
0
0.625
0
1.795
1
-1.183
0
-12.752
1
-3.037
0
5.004
1
-1.302
1
-0.408
1
-2.638
0
1.215
1
-0.083
0
-5.909
0
1.072
0
-2.613
1
-0.394
0
-0.749
0
-7.688
1
-0.988
1
4.272
0
5.172
0
-0.00399991
0
-5.238
1
-1.026
1
-4.759
1
-1.257
1
-1.419
0
-0.569
1
-15.008
-12.376
0
-0.0960003
1
-0.389
1
3.863
1
-6.548
0
11.242
1
4.699
0
-2.889
1
-3.613
0
-0.949
0
-0.23
1
-0.944
1
2.107
0
-4.267
1
-3.579
0
-7.446
0
2.302
0
-7.028
0
-1.742
0
-0.118
0
6.611
0
4.032
0
-1.169
1
-1.71
1
0.223
1
-3.158
1
0.628
0
-1.502
0
-3.651
0
-8.659
1
0.69
0
-5.859
1
-3.42
1
-6.525
1
0.0640004
0
6.245
0
-3.168
0
0.677
1
-3.718
0
5.058
0
-0.518
1
4.621
0
-8.48
0
-1.984
1
-5.057
1
-12.376
4.26
0
0.123
0
3.823
0
5.278
1
-1.895
1
-0.72
1
-0.00700004
0
1.045
1
-1.686
1
-2.814
0
7.816
0
5.301
1
-2.978
0
3.865
0
0.18
1
0.407
1
-0.0179999
1
3.39
0
2.247
1
-2.183
1
-0.218
0
0.935
1
-0.14
0
-0.759
1
0.601
0
2.752
1
7.954
1
-0.769
0
3.314
0
-10.955
1
1.214
1
-1.073
1
-1.095
1
-3.672
0
8.589
1
-3.023
0
-1.898
0
1.316
1
3.858
0
-3.504
0
2.972
1
-2.28
0
-4.236
0
1.316
0
-0.917
0
4.26
-46.518
1
-3.878
1
1.656
0
2.061
0
7.308
1
2.754
0
2.155
1
-5.394
1
-11.353
1
-1.659
0
-3.222
0
3.18
1
-4.155
1
4.57
1
-2.674
1
-2.786
0
-2.732
1
1.273
0
-1.163
1
9.443
1
2.014
1
-7.524
0
-0.614
1
-10.192
0
3.409
1
4.782
1
2.816
1
4.23
0
-3.88
1
-1.516
1
-0.376
1
-0.333
0
-6.168
0
7.205
0
4.822
1
-0.829
0
3.298
0
0.786
1
5.65
0
-0.989
0
1.679
0
-7.766
0
-1.916
0
4.48
1
0.718
1
-46.518
-4.499
1
0.973
0
-7.376
0
2.714
0
1.301
1
-14.36
1
-10.159
1
-4.134
1
-11.033
1
-13.703
1
-1.159
1
-5.518
1
-4.812
1
-0.831
1
-2.36
0
-2.087
0
3.843
1
3.062
0
0.491
1
-6.972
0
-3.219
1
-10.38
1
0.524
0
-0.151
1
0.023
1
-2.714
0
-2.006
1
1.272
1
-4.087
1
-3.226
0
1.999
0
-0.804
1
3.496
0
7.775
0
1.938
0
4.029
1
2.473
0
-4.804
1
-0.409
1
-3.756
1
0.794
0
-4.453
0
-5.967
1
4.56
1
-4.514
0
-4.499
-113.36
1
-4.04
1
-3.531
0
-0.665
0
-1.316
0
1.351
1
-2.412
0
-3.381
0
-5.944
0
0.804
0
-0.387
1
-10.279
0
2.839
0
3.683
0
-1.276
0
-2.567
0
-2.1
1
-2.941
1
2.669
1
0.921
0
-5.15
1
-7.317
0
-3.182
0
-1.678
1
-4.509
1
7.608
1
8.046
1
-3.125
0
-3.838
1
-4.002
1
-4.29
0
-5.287
1
-7.437
1
-3.035
1
-5.072
1
0.209
0
1.978
0
-1.144
1
8.787
0
0.98
0
-1.555
0
5.394
1
-1.118
0
-0.998
1
0.0620002
1
-113.36
-28.133
1
-7.318
1
-2.539
1
-2.832
0
-1.779
1
-1.887
0
4.056
0
-4.043
1
-0.672
0
-8.484
1
-2.962
1
-4.297
0
-5.847
1
9.226
0
-0.0159999
0
-0.067
1
-3.384
1
-6.586
0
5.622
1
-0.804
0
-1.236
0
-0.494
1
2.807
1
0.623
1
1.547
0
-2.631
0
1.008
1
3.134
0
-7.681
1
1.156
1
-3.972
0
-0.609
0
1.541
1
-7.486
0
5.441
0
-0.0490001
1
-4.054
1
6.697
0
-11.67
1
-0.947
1
1.732
0
-2.6
0
3.944
0
5.366
0
-5.783
1
-28.133
-74.216
0
-0.564
1
2.118
0
-4.158
1
-1
1
-11.712
0
1.124
0
-0.129
0
-7.086
1
-2.69
0
2.747
0
0.744
1
-6.141
0
-3.09
1
-1.558
1
0.03
1
-5.352
0
1.86
1
0.237
0
-8.751
0
4.521
1
-1.791
0
1.468
0
3.967
1
0.862
1
-6.801
0
-1.889
0
-9.075
0
-8.154
0
-10.618
0
5.788
0
2.318
0
-2.969
1
1.135
0
-1.773
1
0.998
1
-7.191
1
2.559
1
1.749
1
2.391
0
-1.071
1
-9.293
0
-2.748
1
5.975
1
0.835
0
-74.216
-65.173
0
-2.58
1
-3.926
1
-3.293
1
-1.758
0
10.945
1
-8.596
1
-4.236
1
-2.116
1
6.499
0
0.256
1
5.087
1
-7.184
0
-2.69
1
-3.586
1
-2.871
0
-2.125
0
-10.243
1
8.48
1
4.316
1
-6.832
0
-4.928
1
-0.261
0
-2.838
1
1.903
1
0.849
1
0.411
1
2.503
0
3.443
0
-1.39
0
0.243
0
-3.071
0
-7.46
1
1.763
0
3.525
1
0.406
1
2.807
0
2.46
1
2.772
1
8.177
0
-1.168
1
-2.192
0
3.949
0
-3.406
0
-7.194
0
-65.173
-19.298
0
-0.949
1
-4.138
0
-0.526
1
-6.13
0
-1.761
1
3.785
0
4.787
0
1.43
1
-0.0729996
0
-8.32
0
-2.42
0
-0.941
1
-5.316
1
-2.914
0
2.58
0
-3.602
0
5.519
1
3.681
1
0.129
0
2.777
0
-1.709
0
0.35
0
-4.896
0
-0.645
1
-3.241
0
3.659
0
-2.776
0
-11.564
0
0.605
0
-0.606
0
-4.463
0
-0.241
1
0.277
0
-0.764
0
3.351
1
-0.581
0
3.568
0
5.231
1
-14.184
1
-4.423
1
3.108
1
-4.3
0
-0.661
0
5.243
0
-19.298


1.538
0
8.98
0
-1.098
0
-11.527
0
-7.009
0
-0.845
0
1.029
1
1.582
1
-4.888
0
-0.219
0
-5.477
1
-8.587
0
-0.346
0
-1.791
1
0.126
1
-4.35
0
-7.303
1
3.616
1
-5.658
1
-7.022
0
-7.291
1
-0.935
1
-1.48
1
5.567
0
-0.741
0
2.09
0
-6.03
1
5.864
0
-1.48
0
4.163
0
3.76
1
7.981
1
-0.58
0
-0.792
0
10.748
1
3.584
1
-1.17
1
-0.393
0
1.491
1
1.994
1
-4.588
0
-2.562
0
3.538
0
6.478
0
-7.233
1
1.538
-10.537
0
-2.88
1
3.013
0
2.872
1
-1.225
1
2.04
0
-0.447
0
1.836
0
2.754
1
-4.513
0
0.308
0
-1.588
0
4.685
0
-2.535
1
10.342
1
-9.115
1
-4.389
1
-5.807
1
1.983
0
-0.289
1
-5.609
1
-3.046
1
-1.078
0
0.114
0
-1.153
0
-3.088
0
1.782
1
2.848
1
-7.313
0
3.299
0
1.678
0
-0.255
0
-1.214
0
2.635
1
6.307
1
-5.631
0
-0.819
0
1.595
1
-8.18
1
-5.849
1
-3.516
0
0.374
0
-0.112
0
-2.032
0
-1.555
1
-10.537
-41.02
0
-7.281
1
-3.597
0
-6.503
1
-4.317
1
3.561
1
0.69
0
-7.379
1
-2.107
1
-1.381
0
-0.894
1
-6.343
1
-1.868
1
2.403
0
-5.77
0
-5.234
1
8.734
0
1.555
0
2.322
0
1.445
1
8.272
1
4.592
1
-2.775
1
-0.102
1
1.643
0
-0.54
0
-6.102
1
0.944
0
6.965
0
2.973
1
-5.149
1
-1.528
1
-0.462
1
-4.583
0
-1.819
1
-2.9
1
5.169
0
-2.409
0
1.657
1
-2.961
1
-4.271
0
-2.147
0
-1.473
1
1.925
0
3.268
0
-41.02
17.097
0
-3.187
0
-2.137
0
-5.391
1
-1.983
0
6.829
1
2.49
0
-2.03
1
-8.23
1
-4.269
0
-0.686
1
4.713
1
1.294
1
1.632
0
-8.618
0
1.867
1
0.869
1
1.451
1
-0.294
1
-0.539
1
-3.058
0
0.721
0
-4.395
1
4.822
0
-1.056
1
-1.941
1
1.396
0
0.209
0
-2.786
0
6.143
0
1.232
0
2.794
1
6.695
0
-0.255
1
-8.731
0
4.987
1
1.48773e-07
1
5.551
1
-2.857
0
-2.253
0
-9.426
1
-0.906
0
0.53
1
1.944
1
3.916
1
17.097
11.095
1
-2.026
1
6.743
1
-2.563
1
4.326
0
-2.414
0
-1.447
1
-4.372
1
-0.25
1
2.923
0
-1.639
0
2.377
1
1.627
1
6.357
1
2.474
0
1.585
0
1.703
0
1.63
1
0.868
0
1.982
0
7.959
0
2.978
0
1.363
0
-8.222
0
-1.104
1
9.407
0
1.496
1
1.667
1
1.268
0
-1.906
1
-0.487
1
-2.109
1
3.572
1
-1.233
0
-5.159
0
-2.481
1
-1.087
0
1.225
0
1.884
1
-4.814
0
-0.924
1
-1.673
1
1.379
1
5.23
0
2.026
0
11.095
-5.87
1
-2.161
1
-1.885
0
-2.755
0
-1.741
0
-0.556
1
-0.616
0
-9.451
1
-10.694
0
-4.519
1
-2.329
1
-0.0950002
0
0.371
0
0.045
0
-4.093
1
-4.167
1
-0.309
1
-2.406
0
-3.259
1
-3.618
1
-0.783
1
-5.225
1
-3.938
1
-6.416
0
4.901
1
1.221
1
2.662
0
-1.755
0
6.544
0
-0.215
0
-1.753
1
3.601
1
-5.892
0
-0.185
1
0.0920002
1
-4.774
0
-6.262
0
5.889
0
-0.91
1
1.119
0
3.404
0
-7.992
0
-1.945
1
5.851
0
-6.873
1
-5.87
-13.135
1
0.955
0
-5.508
0
-7.127
1
2.238
1
-4.802
0
-4.035
0
-4.75
1
-7.089
1
-2.487
1
0.581
1
-1.298
1
5.537
1
-0.341
1
11.202
1
6.212
1
0.0479999
0
0.112
1
-2.488
0
-0.262
1
2.332
0
1.044
1
-5.313
0
-2.07
0
6.126
0
-2.077
0
7.058
1
-4.8
1
-5.83
0
-3.531
1
0.984
0
-4.805
0
-1.455
1
4.871
0
0.715
0
-1.105
0
-1.929
0
-5.369
1
-4.979
0
3.319
1
3.576
1
-0.377
1
-0.645
1
-0.411
1
-5.844
0
-13.135
-41.657
0
5.555
0
5.529
1
-5.72
0
-2.851
1
4.311
1
5.559
1
-6.991
1
-3.611
1
-3.582
0
5.625
0
-1.46
1
-8.163
1
8.82
0
6.067
1
0.893
0
5.477
1
1.162
1
-4.659
1
0.761
0
-1.805
1
1.273
0
-9.92
0
0.763
0
4.791
1
3.507
0
1.839
1
0.545
1
-0.4
1
-3.647
1
-0.793
1
-5.882
0
-3.967
1
-1.488
1
-9.274
0
1.465
0
-0.408
0
-4.049
0
2.341
1
4.945
1
-1.865
1
0.231
1
5.599
1
-4.905
1
-4.143
1
-41.657
-70.089
1
-1.002
1
3.215
0
-7.715
0
1.732
0
-1.394
0
-1.389
1
-3.716
1
2.833
1
-2.057
0
1.802
1
-1.571
1
4.249
1
-1.304
1
3.99
1
-2.282
1
6.758
0
-1.156
0
6.836
0
-1.732
1
0.678
0
-3.082
1
4.418
0
5.442
0
-2.478
0
2.846
1
7.333
0
-6.183
0
-0.187
0
-3.903
1
0.354
0
-9.473
0
-1.875
1
-1.041
0
2.903
0
-4.344
1
0.431
0
-3.323
0
-2.109
1
5.671
0
-0.22
0
-4.093
1
-2.912
1
3.175
1
2.632
1
-70.089
-49.038
0
-2.87
0
1.049
1
2.225
0
-2.452
0
-10.665
1
0.656
0
3.595
0
-5.406
0
0.193
0
-1.873
0
-6.735
0
-7.607
0
-1.917
1
-6.648
0
4.146
1
-3.389
0
0.579
0
-2.268
0
2.105
0
7.542
0
-3.175
0
6.608
1
-4.3
1
-0.671
1
-7.145
1
5.398
1
-7.723
0
4.714
0
-5.735
1
0.172
1
1.978
0
-1.015
1
-6.722
1
8.116
0
-5.84
0
-11.851
1
-3.933
1
-3.623
1
-4.357
1
0.112
1
-3.451
0
-3.046
0
1.2
1
0.683
1
-49.038


2.49
0
-1.425
0
3.553
0
5.998
1
0.463
0
-3.862
1
-7.703
1
-1.983
0
2.936
0
0.433
0
-0.126
1
-2.689
0
-3.33
1
-5.306
1
-3.577
0
-15.173
0
-10.814
0
-6.166
1
-0.76
0
-3.477
0
-5.208
1
2.759
0
1.872
0
0.356
0
0.565
0
1.031
0
2.035
1
1.194
0
-9.576
0
8.692
0
-3.272
1
1.093
1
-0.554
0
-1.526
0
3.391
0
-1.405
1
-1.167
1
0.629
1
1.7
1
0
1
3.719
1
-0.0310001
1
-0.761
0
5.3
0
-12.278
0
2.49
-4.09
0
4.372
0
-4.205
0
-3.765
1
-0.451
0
-1.199
0
-2.712
0
1.308
1
0.075
0
-0.903
0
-2.18
1
-1.257
1
-1.427
1
-9.17
1
-3.015
0
-1.274
0
1.247
0
-7.626
0
-10.649
0
2.468
0
-2.171
0
-4.686
0
-3.02
0
0.872
0
-7.372
0
-3.954
1
-1.56
0
-0.186
0
3.596
0
6.196
0
-5.838
0
0.541
0
-0.642
1
-1.79
1
0.448
0
-2
0
7.147
0
-3.193
0
-0.266
0
-7.565
0
3.044
0
2.125
0
-2.531
0
-4.018
0
-4.458
0
-4.09
-1.363
0
-2.821
0
0.175
0
3.347
1
4.759
1
2.119
1
-4.445
0
-4.294
1
-3.817
1
4.933
0
-6.379
1
-6.114
0
0.589
1
-5.041
1
-0.908
0
-4.106
0
-1.104
1
1.851
0
-2.661
0
3.326
0
3.944
0
-11.589
0
0
0
2.179
0
3.591
0
-0.759
0
-0.285
1
1.158
0
-5.252
0
3.204
0
-0.00400019
0
1.3
0
0.814
0
-4.188
1
1.619
0
-8.241
0
-6.237
0
5.511
1
1.351
0
-0.441
0
-0.28
0
-0.372
0
4.069
0
2.333
1
0
0
-1.363
1.333
0
-4.429
0
-4.611
1
-0.501
0
-1.496
1
1.143
1
1.138
0
-0.466
1
8.887
0
-4.34
0
-5.671
0
-1.399
1
2.648
0
4.391
1
0.624
0
1.313
0
-13.24
1
-2.844
0
1.03
0
-4.264
0
1.929
0
-9.579
1
1.7
1
0
0
0.957
1
2.156
0
-8.58
1
-0.225
0
2.321
0
-3.677
0
1.354
0
3.612
0
-0.686
0
-0.69
0
4.377
1
2.935
0
-4.017
0
0.617
0
-1.12
0
-3.997
0
-9.36
0
2.134
0
-11.07
0
-4.128
0
-4.628
0
1.333
