

0
0
0
0
0
0
0
0
0
0
0
0
0
0
0
0
0
0
0
0
0
0
0
0
0
0
0
0
0
0
0
0
0
0
0
0
0
0
0
0
0
0
0
0
0
0
0
0
0
0
0
0
0
0
0
0
0
0
0
0
0
0
0
0
0
0
0
0
0
0
0
0
0
0
0
0
0
0
0
0
0
0
0
0
0
0
0
0
0
0
0
0
0
0
0
0
0
0
0
0
0
0
0
0
0
0
0
0
0
0
0
0
0
0
0
0
0
0
0
0
0
0
0
0
0
0
0
0
0
0
0
0
0
0
0
0
0
0
0
0
0
0
0
0
0
0
0
0
0
0
0
0
0
0
0
0
0
0
0
0
0
0
0
0
0
0
0
0
0
0
0
0
0
0
0
0
0
0
0
0
0
0
0
0
0
0
0
0
0
0
0
0
0
0
0
0
0
0
0
0
0
0
0
0
0
0
0
0
0
0
0
0
0
0
0
0
0
0
0
0
0
0
0
0
0
0
0
0
0
0
0
0
0
0
0
0
0
0
0
0
0
0
0
0
0
0
0
0
0
0
0
0
0
0
0
0
0
0
0
0
0
0
0
0
0
0
0
0
0
0
0
0
0
0
0
0
0
0
0
0
0
0
0
0
0
0
0
0
0
0
0
0
0
0
0
0
0
0
0
0
0
0
0
0
0
0
0
0
0
0
0
0
0
0
0
0
0
0
0
0
0
0
0
0
0
0
0
0
0
0
0
0
0
0
0
0
0
0
0
0
0
0
0
0
0
0
0
0
0
0
0
0
0
0
0
0
0
0
0
0
0
0
0
0
0
0
0
0
0
0
0
0
0
0
0
0
0
0
0
0
0
0
0
0
0
0
0
0
0
0
0
0
0
0
0
0
0
0
0
0
0
0
0
0
0
0
0
0
0
0
0
0
0
0
0
0
0
0
0
0
0
0
0
0
0
0
0
0
0
0
0
0
0
0
0
0
0
0
0
0
0
0
0
0
0
0
0
0
0
0
0
0
0
0
0
0
0
0
0
0
0
0
0
0
0
0
0
0
0
0
0
0
0
0
0
0
0
0
0
0
0
0
0
0
0
0
0
0
0
0
0
0
0
0
0
0
0
0
0
0
0
0
0
0
0
0
0
0
0
0
0
0
0
0
0
0
0
0
0
0
0
0
0
0
0
0
0
0
0
0
0
0
0
0
0
0
0
0
0
0
0
0
0
0
0
0
0
0
0
0
0
0
0
0
0
0
0
0
0
0
0
0
0
0
0
0
0
0
0
0
0
0
0
0
0
0
0
0
0
0
0
0
0
0
0
0
0
0
0
0
0
0
0
0
0
0
0
0
0
0
0
0
0
0
0
0
0
0
0
0
0
0
0
0
0
0
0
0
0
0
0
0
0
0
0
0
0
0
0
0
0
0
0
0
0
0
0
0
0
0
0
0
0
0
0
0
0
0
0
0
0
0
0
0
0
0
0
0
0
0
0
0
0
0
0
0
0
0
0
0
0
0
0
0
0
0
0
0
0
0
0
0
0
0
0
0
0
0
0
0
0
0
0
0
0
0
0
0
0
0
0
0
0
0
0
0
0
0
0
0
0
0
0
0
0
0
0
0
0
0
0
0
0
0
0
0
0
0
0
0
0
0
0
0
0
0
0
0
0
0
0
0
0
0
0
0
0
0
0
0
0
0
0
0
0
0
0
0
0
0
0
0
0
0
0
0
0
0
0
0
0
0
0
0
0
0
0
0
0
0
0
0
0
0
0
0
0
0
0
0
0
0
0
0
0
0
0
0
0
0
0
0
0
0
0
0
0
0
0
0
0
0
0
0
0
0
0
0
0
0
0
0
0
0
0
0
0
0
0
0
0
0
0
0
0
0
0
0
0
0
0
0
0
0
0
0
0
0
0
0
0
0
0
0
0
0
0
0
0
0
0
0
0
0
0
0
0
0
0
0
0
0
0
0
0
0
0
0
0
0
0
0
0
0
0
0
0
0
0
0
0
0
0
0
0
0
0
0
0
0
0
0
0
0
0
0
0
0
0
0


-0.196
0
1.212
0
-4.573
0
3.139
0
0
1
-2.404
0
5.879
0
-9.111
0
-0.887
0
0.682001
0
-1.89
0
0.076
0
1.665
0
-5.262
0
1.517
1
0.462001
0
2.367
1
-4.599
0
-6.126
1
-0.154
0
3.751
1
0.295001
1
1.102
1
-9.66
1
1.778
1
3.482
1
-8.982
1
1.561
0
1.704
1
-0.632
1
0.241
0
-2.601
0
3.574
1
-8.305
0
-7.509
0
-0.847
1
-10.681
0
-3.406
0
-3.254
1
-3.286
1
-4.983
0
-1.912
0
2.773
0
-4.322
0
3.403
1
-0.196
-1.335
0
-1.154
0
-4.483
1
-1.638
0
-1.914
1
0.22
0
-5.226
0
-4.585
0
-8.587
0
-4.908
0
11.056
0
1.602
0
-3.551
1
1.431
1
-1.363
1
-3.745
1
-2.646
1
-1.293
0
0.744
1
5.919
0
1.533
1
1.114
0
3.743
1
-6.505
0
2.165
0
-4.562
0
-15.131
0
9.529
1
0.919
0
-1.696
1
-2.211
1
2.074
1
-1.805
0
-6.632
1
0.488
1
-1.549
0
-7.324
0
-5.655
0
-8.569
0
3.651
1
-6.396
1
-3.642
0
5.784
1
2.814
1
6.8
1
-1.335
14.464
1
8.322
0
-29.142
1
-17.701
1
0.977
1
-1.533
0
-0.991
1
1.596
0
2.569
1
-48.616
1
-34.014
1
0.396
0
-0.186
1
-0.748
1
-5.438
0
-7.813
0
-3.698
1
3.037
0
-7.145
0
3.136
1
8.225
0
4.902
1
6.718
1
-1.951
0
-9.639
0
2.983
1
-3.187
0
-0.73
1
-0.784
0
-4.203
1
2.817
1
-2.365
1
-4.208
1
-2.117
0
-1.934
0
4.969
0
3.315
1
1.777
0
1.058
1
-1.175
0
-1.949
0
2.032
0
-1.755
0
9.374
1
6.059
1
14.464
-20.624
1
0.0849999
1
2.647
1
1.998
1
1.379
0
-7.676
1
-0.965
0
-2.6
0
0.448
0
-0.359
1
1.976
1
-1.881
0
-1.086
0
-2.784
1
-2.951
0
-7.274
0
-1.323
0
-10.183
1
-4.511
0
-3.117
1
-5.33
0
1.011
0
-4.388
0
-0.464
0
-1.805
1
-5.426
1
1.287
0
-1.974
1
-3.423
1
-6.061
1
1.267
1
-3.769
1
-3.323
1
-1.625
1
-5.679
0
4.113
0
-3.137
0
6.027
1
-0.331
1
-3.765
0
-1.828
1
-7.289
0
-6.699
1
-5.636
0
0.409999
1
-20.624
-0.482999
0
0.586
1
10.971
1
0.367
1
0.0179999
0
4.223
1
0.294
0
-1.037
1
-0.344
1
3.607
0
-1.202
0
-6.043
1
-3.31
0
3.764
0
-3.218
0
1.3
0
3.787
1
-4.965
1
-1.927
0
-9.224
0
-2.659
1
4.977
1
-2.241
0
-1.541
0
-2.543
0
1.833
1
-4.001
1
-2.19
0
1.774
0
-6.105
1
-5.265
0
-18.673
1
5.339
0
0.449
0
-4.166
0
-2.178
0
-10.192
0
-11.299
1
-8.464
0
-8.343
0
1.648
0
-5.323
0
1.359
1
3.468
1
-4.387
0
-0.482999
5.842
0
-1.341
0
2.035
1
-11.479
1
2.285
1
-1.739
0
-16.127
0
-2.476
1
-1.901
0
2.47
0
-5.468
0
-5.975
0
2.465
0
-4.795
0
-0.93
1
10.479
1
1.51
0
2.36
1
-8.384
0
-4.153
0
4.067
1
-2.009
1
8.614
0
-3.024
1
-0.588
1
1.508
0
0.397
1
2.555
0
-2.43
0
-10.592
1
-0.815
1
-0.298
0
1.909
1
-7.874
0
3.49
0
1.483
0
10.512
1
2.763
1
2.021
0
-2.376
1
-1.098
1
-3.167
0
1.672
0
0.387
0
2.671
1
5.842
-48.445
0
5.512
0
3.16
1
0.461
0
-6.15
0
5.159
0
-4.69
1
-2.274
0
2.113
1
-4.798
0
2.596
1
-2.819
1
1.876
0
2.358
0
-7.123
0
0.834
1
-3.456
1
-3.887
1
-3.933
0
-2.903
1
-6.71
1
-0.391
0
-4.654
0
-0.386
0
-0.734
1
2.502
0
-3.05
1
3.714
0
5.177
1
4.192
1
4.127
0
-6.025
0
-1.119
1
1.534
0
-2.626
1
2.636
0
-3.868
1
-0.619
0
2.185
0
3.607
0
0.594
1
-1.878
0
3.426
0
0.999
0
0.0869999
1
-48.445
-66.491
1
-3.446
0
5.509
1
-13.671
0
-6.892
0
-0.821
1
2.732
1
0.049
0
-5.42
1
-8.184
1
-5.339
0
-7.96
1
-1.75
0
-7.716
1
-0.994
1
-6.87
0
3.71
1
-0.454
1
0.202
0
6.707
0
-4.919
1
5.516
1
-3.934
0
0.95
1
0.511
0
9.481
1
-1.735
0
0.559
1
-5.78
1
-1.094
1
0.683
0
-2.176
0
-11.561
0
-3.883
1
5.801
0
3.219
1
-5.857
0
0.343
0
-1.883
0
8.735
0
0.719
1
-5.835
1
-2.438
1
1.388
0
-0.108
0
-66.491
-4.489
0
0.451
0
-5.402
1
-1.83
0
-6.83
0
-1.301
0
1.57
1
-4.586
0
-5.218
0
0.702
1
-3.461
0
-9.142
1
0.157
1
3.01
1
2.489
1
-2.486
0
-0.407
0
5.248
0
-3.042
0
5.192
1
-2.45
0
3.013
1
-3.465
1
-7.898
0
0.185999
1
7.44
0
0.395
0
3.009
0
-5.614
1
-12.691
1
-6.157
1
-2.414
0
-2.64
1
2.687
0
-0.898
1
1.359
0
5.8
0
-6.148
0
-6.382
1
-11.066
1
6.657
1
3.443
0
-2.061
0
-1.804
0
-4.375
0
-4.489
-3.102
0
-0.854
0
3.777
1
5.869
1
-5.665
0
-10.255
0
-9.497
0
-5.222
0
3.803
1
-3.556
1
6.71
1
-3.653
1
-8.73
0
-3.856
0
3.028
0
-2.729
0
-1.17
0
1.64
1
-7.982
1
6.017
1
2.268
1
-4.378
1
-1.31
0
-5.299
0
0.368
1
-0.351
0
-4.832
0
-0.388
0
-1.169
0
1.203
0
0.394
0
-2.257
1
-5.67
1
-0.552999
1
0.947
1
6.205
0
-3.765
1
0.387
0
-10.719
1
-1.172
1
-0.425
0
-3.256
1
1.974
1
-1.249
1
3.825
1
-3.102


-0.278
0
4.621
1
-0.158
0
-6.543
0
-0.831
0
-0.51
0
-4.61
0
-1.632
0
-0.793
1
3.373
0
-5.225
0
0.516
0
-0.482
1
6.263
0
0.737
1
1.139
0
-7.033
0
4.212
0
-1.396
0
-6.276
0
-3.626
0
2.714
0
-1.104
0
-3.939
0
-5.669
1
-6.396
1
7.931
0
-3.755
0
-1.177
0
-2.611
0
1.665
0
-4.363
1
-5.405
0
2.336
1
-0.671
0
-0.207
0
-8.774
0
-4.767
0
-3.149
1
-4.04
1
-8.468
1
-0.307
0
1.874
1
1.854
1
-5.048
1
-0.278
-13.76
0
-1.97
0
-4.491
1
-3.331
1
-2.652
0
3.392
1
-6.848
0
-6.306
1
-0.193
0
-1.895
0
2.698
0
-4.005
1
8.482
0
-6.941
0
-5.171
1
0.398
0
-0.854
1
-4.196
1
0.342
1
-5.376
1
0.0929999
0
-2.297
0
-7.356
0
5.552
1
-1.614
1
0.257999
0
6.944
0
-0.149
0
-7.609
0
-2.284
1
-10.957
0
-9.068
0
-3.072
1
1.35
1
0.759
0
-0.545
1
-4.796
1
-4.916
1
6.495
1
-1.89
1
-2.546
1
-5.397
0
1.985
0
2.687
1
-1.573
0
-13.76
7.619
1
2.706
1
0.224
0
0.847
0
-0.823
0
-0.725
0
0.0600001
1
0.0770001
0
-1.642
1
0.419
1
1.163
0
-3.287
1
-6.737
1
1.921
0
3.294
0
3.038
0
2.638
1
-0.126
1
5.239
1
1.431
0
-3.109
0
3.747
0
10.243
0
-2.797
0
-1.164
1
-9.709
1
5.011
1
1.411
0
-4.83
1
3.519
0
3.712
1
0.9
1
-1.889
1
4.498
1
4.73
0
5.941
1
-2.01
1
-2.751
0
0.406
0
-5.386
1
2.557
0
-4.75
0
-1.083
0
0.449
1
5.414
1
7.619
-15.32
1
2.705
0
5.731
1
-0.0979998
0
-9.58
0
0.945
1
-9.299
0
-1.884
0
-9.835
1
-1.404
1
-4.073
1
-1.923
0
-3.08
0
1.927
1
-9.645
1
1.562
0
0.864
1
10.946
1
0.401
0
0.961
1
3.567
0
4.557
0
-4.896
0
1.697
0
-1.688
1
-0.269
0
1.844
1
-2.071
0
-14.063
1
0.502
1
-7.005
1
-5.093
1
-13.373
1
-0.447
0
-0.637
0
-0.838
1
-2.266
1
3.772
0
1.367
1
5.273
0
1.815
0
-1.161
1
-0.172
0
-1.634
0
-6.462
0
-15.32
-54.517
0
6.321
1
-1.511
0
-2.77
0
2.786
1
3.504
1
0.314
1
-6.499
1
-0.935
1
-1.128
0
-6.382
0
-0.768
1
-16.313
1
-8.946
1
6.42
0
0.89
0
6.307
0
-4.519
1
-0.563
1
-2.442
1
-5.628
0
1.766
0
6.161
1
-3.548
0
6.165
0
-4.229
0
-5.612
0
-0.0269998
1
-5.795
1
-2.287
0
-0.629
1
-3.646
0
-1.19
1
-2.543
1
-3.941
1
-2.764
0
-10.753
0
3.723
0
2.112
1
0.345
1
0.5
1
0.478
1
-1.088
1
3.097
0
-0.152
0
-54.517
-5.856
1
9.126
0
-0.472
1
-5.278
1
4.077
0
-3.827
1
-3.346
0
-5.095
0
-6.065
0
-4.853
0
3.481
0
2.45
1
-5.169
1
-2.106
1
3.871
0
-1.503
0
0.688
0
-2.649
1
-0.0620002
1
-5.006
1
-0.24
0
2.856
1
-4.193
0
5.112
1
1.414
0
-2.952
0
0.943
1
-12.945
1
-0.349
1
-1.514
1
7.838
1
-6.36
0
-5.896
1
-1.5
1
-2.502
1
5.156
1
-2.737
0
-0.666
0
-4.582
0
-2.815
0
-3.406
1
-1.876
1
0.27
0
-0.372
1
-1.133
1
-5.856
5.745
0
-1.1
0
5.399
0
1.136
1
0.217
0
5.48
1
0.538
0
4.969
0
1.298
0
-3.567
1
0.462
1
-5.193
0
-3.36
0
0.28
1
1.444
1
-3.856
0
-0.18
1
1.27
1
0.477
0
0.118
1
2.619
1
1.027
1
-1.926
0
-5.47
0
-0.374
0
-1.535
0
-4.926
0
3.359
1
3.427
1
2.568
0
-2.746
0
3.539
0
2.809
0
4.51
1
-6.067
1
0.296
0
-1.535
0
-0.00199974
1
3.278
0
-3.12
0
1.049
0
-2.269
1
-3.731
0
-4.662
1
-4.205
0
5.745
3.947
1
-2.21
0
-2.189
1
-3.57
1
-6.554
0
2.642
1
-0.681
1
5.898
0
-1.138
1
4.18
0
-0.567
0
9.034
1
0.712
1
-1.651
0
1.748
1
4.848
1
-1.375
0
-1.319
1
2.558
1
-2.589
1
7.286
0
-5.727
0
-3.251
0
2.766
0
-3.244
1
-1.217
0
3.143
1
-3.368
1
-1.674
1
0.99
0
-1.805
0
-1.418
1
2.42
0
-6.74
1
2.228
1
0.656
1
-0.676
0
-1.172
0
-0.447
1
-8.098
0
1.792
1
-6.682
0
-4.273
1
-10.203
1
0.877
1
3.947
4.305
0
-1.561
0
-1.513
0
-2.763
0
-4.634
0
1.146
1
-8.29
1
-0.104
0
-7.693
1
-0.592
0
0.656
0
6.683
1
3.792
1
0.254
1
-0.738
1
-1.495
1
6.292
1
4.058
1
0.295
1
-3.974
0
-5.592
1
2.005
1
-2.056
0
-5.961
0
4.795
0
3.328
0
10.226
1
0.491
0
-2.483
1
9.723
1
-11.551
1
-0.342
0
-2.309
1
2.24
0
2.422
0
-2.158
0
9.157
1
0.102
1
5.527
1
-3.76
0
4.263
0
-5.05
0
-5.481
1
-3.345
0
-9.765
0
4.305
-46.684
0
5.11
0
-2.915
0
-2.345
0
-3.942
0
-0.797
1
3.371
1
2.614
1
-4.384
0
-4.148
1
-0.966
0
7.74
1
-6.554
0
-2.594
0
1.259
0
6.883
1
-0.797
1
-2.431
1
-8.004
1
3.703
1
-1.423
0
6.159
0
-1.076
0
-1.351
0
-12.567
1
0.442
1
-2.602
1
8.25
0
-0.598
1
-0.564
1
-3.028
1
4.705
0
7.958
0
-2.903
0
-6.105
0
-7.374
1
-4.689
1
4.42
1
3.106
1
3.597
0
5.036
1
3.112
0
-2.502
0
-0.117
0
-3.084
0
-46.684


-11.09
0
-7.701
0
-3.292
0
4.311
1
3.99
0
-2.743
0
1.087
0
1.717
0
3.253
0
2.073
1
5.392
0
-0.448
1
-4.096
1
-2.536
1
1.395
0
0.0799999
1
-1.857
0
-3.69
0
2.758
0
3.017
1
-1.352
0
-7.413
0
-3.67
1
-5.763
0
-2.687
0
3.412
1
-1.674
0
-1.422
1
-4.185
1
-0.275
0
-0.181
0
0.158999
0
0.0760002
0
-2.76
1
10.358
0
4.138
0
-2.599
1
-0.531
1
1.737
1
-0.805
0
-5.828
1
-4.261
1
-7.624
0
-9.803
0
-0.209
0
-11.09
-16.079
1
0.338
1
-0.311
0
7.412
1
0.172
0
-5.121
0
-2.108
1
-3.118
0
-3.598
1
-2.616
1
-4.262
1
-4.063
1
-5.051
0
-1.113
0
2.239
1
1.585
0
-0.344
1
-0.881
1
-3.58
1
3.158
0
-2.951
1
-8.585
1
-5.002
1
1.55
1
8.838
0
6.756
1
-1.811
1
-1.343
1
-5.031
0
-1.665
0
2.345
0
6.446
0
-7.853
0
3.54
0
-5.402
1
-2.528
0
5.227
1
-5.901
0
4.57
0
0.53
0
1.042
0
4.265
1
0.458
0
-6.066
1
-7.533
1
-16.079
-12.554
1
-14.036
0
-1.963
1
-5.177
0
-5.627
0
2.898
1
-3.275
0
-0.543
1
0.244
1
-5.63
1
4.462
0
-0.775
1
-5.253
1
-1.989
0
-3.182
1
4.477
1
0.165
0
3.323
1
4.367
1
1.536
0
0.189
0
-1.787
0
1.682
1
-1.839
1
5.808
1
-1.98
0
-5.905
0
-5.014
0
-1.449
1
-2.031
1
-5.744
0
-6.012
0
-4.525
0
-4.948
0
3.458
0
-5.339
0
-1.992
0
-4.588
0
-1.685
0
-5.273
0
5.091
0
5.505
0
-9.994
1
-0.777
1
-6.658
1
-12.554
-22.343
1
-0.85
1
4.208
1
-3.682
0
2.375
1
9.356
0
1.688
0
-0.0759999
0
-3.429
1
-0.711
0
2.025
1
-0.959
0
-2.533
1
1.082
0
-4.753
1
-0.744
1
1.01
0
1.153
0
-2.266
0
-8.132
0
-0.879
0
-2.241
0
-3.222
0
1.85
0
0.691
1
-5.379
1
-3.713
0
-1.884
0
1.424
1
8.09
0
-1.62
1
-4.824
1
5.487
0
-0.752
0
-2.13
1
-0.25
0
-3.685
0
-1.341
1
3.628
1
-3.609
0
0.902
0
1.758
0
-1.141
0
-3.379
1
-0.0210001
0
-22.343
-36.626
0
-2.203
0
9.371
1
-2.24
0
-1.545
0
4.903
1
2.031
0
-10.982
1
1.579
0
-5.571
1
-1.503
1
-1.309
1
0.865
0
-0.107
1
0.531
1
-7.934
1
-0.756
1
1.575
0
3.55
1
0.714
1
0.102
1
-5.07
1
-3.52
1
1.013
0
-3.798
0
1.644
1
-5.61
1
0.357
0
-1.824
0
4.608
1
0.162
0
-0.576
1
9.369
0
2.137
1
-2.368
1
-0.466
0
-3.772
0
2.326
0
-1.365
0
-0.0929998
1
2.934
0
2.188
0
-1.896
0
6.97
1
7.88
0
-36.626
-6.989
0
3.558
0
1.915
0
11.025
1
0.601
1
-1.672
0
8.534
0
-2.046
1
2.496
1
-0.909
0
-6.639
0
-4.696
0
5.521
1
-1.571
1
-2.508
1
0.983
1
-1.491
1
0.283
0
2.392
0
-2.437
0
-0.701
0
1.395
0
-8.277
1
-0.196
0
-2.618
1
-10.455
1
-1.428
0
0
0
-6.66
0
-0.637
0
3.09
1
-2.456
0
-3.833
1
-4.603
0
0.609
0
2.279
0
2.562
0
3.552
0
1.612
1
-6.557
1
-1.213
1
3.103
0
0.884
1
-2.271
0
0.0200001
1
-6.989
-64.874
0
-2.663
1
0.854
1
1.879
1
2.016
1
2.628
1
13.526
0
-5.41
0
7.911
0
3.526
1
-2.303
0
-6.463
1
-5.621
1
-3.387
0
7.938
0
-8.286
1
1.276
0
0.605
1
0.122
1
6.091
1
-1.343
0
-8.029
0
-2.207
1
-1.406
0
-2.801
1
-4.126
0
0.254
1
10.555
0
-11.113
0
4.955
1
4.296
0
-4.487
0
-2.407
1
-7.083
0
1.844
0
2.93
1
2.553
0
-8.488
0
-2.014
1
-2.887
0
-3.673
0
-3.867
0
1.782
1
3.619
0
-3.206
1
-64.874
-9.844
1
-1.874
1
1.247
1
-4.32
0
-5.9
0
-4.526
1
0.714
0
3.149
1
-0.123
1
14.369
0
0.125
0
-4.399
1
1.041
0
0.164
0
5.351
1
-1.887
0
0.746
0
1.219
0
-2.234
1
8.753
0
-6.463
0
3.042
1
0.444
1
-7.522
1
-0.233
1
-5.441
0
-2.171
0
-2.449
1
-7.534
0
-3.787
1
-12.228
0
1.814
0
9.171
0
6.583
0
0.588
1
3.554
0
4.14
0
5.32
0
-1.352
0
2.544
1
-0.304
1
-3.743
1
4.37
0
1.066
0
-2.165
0
-9.844
-42.233
1
-8.774
0
3.953
1
-1.541
1
-8.743
0
-2.9
0
-2.886
1
-2.711
1
-0.623
1
-6.31
1
3.486
0
-1.822
0
-5.198
1
-4.606
0
-3.836
1
-4.949
1
-9.932
1
-2.916
1
-2.44
1
-2.342
1
-3.863
0
1.684
1
-5.049
1
2.401
0
2.983
0
2.903
0
-1.076
1
-2.661
1
-2.976
1
0.284
1
-3.683
1
1.408
0
-1.638
1
0.789
0
3.645
0
-4.154
0
5.199
1
1.01
1
-1.477
1
-6.988
1
6.151
1
-1.297
0
0.438
1
-3.929
0
-2.908
1
-42.233
-17.497
0
-7.502
1
-0.148
1
-3.049
1
-6.256
0
-6.893
0
-0.978
1
-1.237
1
4.77
0
-1.082
0
2.141
0
6.548
0
-1.108
0
-5.915
1
-2.171
0
5.533
0
7.391
1
-2.098
0
0.888
1
5.213
1
-4.164
1
-3.637
0
-2.105
0
-5.392
1
-2.078
0
6.996
1
-7.035
0
-3.287
1
2.269
1
3.313
1
-3.197
1
-0.559
1
-4.212
1
5.66
0
4.522
1
-1.044
0
-0.199999
0
-4.291
0
2.512
0
0.416
1
0.218
0
-3.16
0
-1.862
0
-1.106
0
-1.774
1
-17.497


-2.455
0
1.48
1
0.02
0
-2.247
0
4.27
0
-0.255
0
-0.135
1
-2.621
0
-0.854
0
-7.929
0
-9.641
1
-10.408
1
-7.06
0
-3.579
0
3.057
0
1.182
0
-6.468
0
0.431
0
4.034
0
4.669
0
-6.694
0
-0.208999
0
3.877
0
1.002
0
-0.767
0
15.15
0
-2.467
1
-2.063
0
-3.78
0
1.688
0
-2.714
1
0
0
-0.873999
0
-4.343
0
-3.12
0
4.683
0
-3.781
0
-4.461
0
0.221
0
-2.093
0
-8.228
0
1.459
1
-0.00699997
0
-1.451
0
-2.417
0
-2.455
-3.327
0
2.895
0
-4.513
0
5.432
0
-11.541
0
-10.096
0
-6.338
0
-4.687
0
0
0
5.701
0
1.255
1
-2.842
1
3.984
1
2.747
1
-4.617
0
-1.919
1
-2.189
0
-4.876
0
-0.764
0
0.989
0
1.744
0
3.671
0
4.572
1
0.59
0
0.531
0
-1.973
0
-3.516
0
-0.531
0
-3.621
0
-6.085
0
3.405
0
8.545
0
0.409
0
-2.054
0
-5.455
0
-4.414
0
2.156
0
-1.235
0
-1.892
0
-0.84
0
3.565
0
-8.141
0
-16.829
0
0.00899982
0
7.232
1
-3.327
0.449001
0
1.412
1
-0.429
0
1.511
0
4.319
0
3.767
0
0.382
0
-1.843
1
2.224
0
3.906
0
3.076
0
2.899
0
-6.281
0
0.962
0
-3.132
0
-3.557
0
-0.0129997
0
-0.798
0
2.621
0
2.313
0
-0.683
0
-0.557
0
-5.717
0
-4.8
0
0.519
0
-6.512
0
-0.635
0
-7.757
0
-2.456
0
2.099
0
-8.652
0
8.218
0
-4.69
0
9.034
0
-0.769
0
9.284
0
1.392
0
2.441
0
-3.519
0
-7.342
1
-0.0569999
0
-7.369
0
-9.101
0
-9.431
0
-1.134
1
0.449001
1.982
0
-3.109
0
-3.817
0
2.073
1
2.815
0
-4.211
1
0.769
0
-4.664
0
1.418
0
1.178
0
2.447
0
5.369
0
-1.59
1
-3.561
0
5.065
1
0
0
-3.581
0
0.92
0
-2.947
1
0.036
0
-3.191
0
8.862
0
-1.216
0
1.665
1
0.04
1
0.163
0
-3.938
0
-1.823
0
-6.209
0
0.326
0
-0.00500059
0
-10.624
0
5.821
1
0
0
-2.932
0
-1.372
0
1.236
0
-1.831
0
2.688
0
-0.766
0
-2.243
0
4.127
0
0.531
0
2.575
0
-1.156
1
1.982
