

0
0
0
0
0
0
0
0
0
0
0
0
0
0
0
0
0
0
0
0
0
0
0
0
0
0
0
0
0
0
0
0
0
0
0
0
0
0
0
0
0
0
0
0
0
0
0
0
0
0
0
0
0
0
0
0
0
0
0
0
0
0
0
0
0
0
0
0
0
0
0
0
0
0
0
0
0
0
0
0
0
0
0
0
0
0
0
0
0
0
0
0
0
0
0
0
0
0
0
0
0
0
0
0
0
0
0
0
0
0
0
0
0
0
0
0
0
0
0
0
0
0
0
0
0
0
0
0
0
0
0
0
0
0
0
0
0
0
0
0
0
0
0
0
0
0
0
0
0
0
0
0
0
0
0
0
0
0
0
0
0
0
0
0
0
0
0
0
0
0
0
0
0
0
0
0
0
0
0
0
0
0
0
0
0
0
0
0
0
0
0
0
0
0
0
0
0
0
0
0
0
0
0
0
0
0
0
0
0
0
0
0
0
0
0
0
0
0
0
0
0
0
0
0
0
0
0
0
0
0
0
0
0
0
0
0
0
0
0
0
0
0
0
0
0
0
0
0
0
0
0
0
0
0
0
0
0
0
0
0
0
0
0
0
0
0
0
0
0
0
0
0
0
0
0
0
0
0
0
0
0
0
0
0
0
0
0
0
0
0
0
0
0
0
0
0
0
0
0
0
0
0
0
0
0
0
0
0
0
0
0
0
0
0
0
0
0
0
0
0
0
0
0
0
0
0
0
0
0
0
0
0
0
0
0
0
0
0
0
0
0
0
0
0
0
0
0
0
0
0
0
0
0
0
0
0
0
0
0
0
0
0
0
0
0
0
0
0
0
0
0
0
0
0
0
0
0
0
0
0
0
0
0
0
0
0
0
0
0
0
0
0
0
0
0
0
0
0
0
0
0
0
0
0
0
0
0
0
0
0
0
0
0
0
0
0
0
0
0
0
0
0
0
0
0
0
0
0
0
0
0
0
0
0
0
0
0
0
0
0
0
0
0
0
0
0
0
0
0
0
0
0
0
0
0
0
0
0
0
0
0
0
0
0
0
0
0
0
0
0
0
0
0
0
0
0
0
0
0
0
0
0
0
0
0
0
0
0
0
0
0
0
0
0
0
0
0
0
0
0
0
0
0
0
0
0
0
0
0
0
0
0
0
0
0
0
0
0
0
0
0
0
0
0
0
0
0
0
0
0
0
0
0
0
0
0
0
0
0
0
0
0
0
0
0
0
0
0
0
0
0
0
0
0
0
0
0
0
0
0
0
0
0
0
0
0
0
0
0
0
0
0
0
0
0
0
0
0
0
0
0
0
0
0
0
0
0
0
0
0
0
0
0
0
0
0
0
0
0
0
0
0
0
0
0
0
0
0
0
0
0
0
0
0
0
0
0
0
0
0
0
0
0
0
0
0
0
0
0
0
0
0
0
0
0
0
0
0
0
0
0
0
0
0
0
0
0
0
0
0
0
0
0
0
0
0
0
0
0
0
0
0
0
0
0
0
0
0
0
0
0
0
0
0
0
0
0
0
0
0
0
0
0
0
0
0
0
0
0
0
0
0
0
0
0
0
0
0
0
0
0
0
0
0
0
0
0
0
0
0
0
0
0
0
0
0
0
0
0
0
0
0
0
0
0
0
0
0
0
0
0
0
0
0
0
0
0
0
0
0
0
0
0
0
0
0
0
0
0
0
0
0
0
0
0
0
0
0
0
0
0
0
0
0
0
0
0
0
0
0
0
0
0
0
0
0
0
0
0
0
0
0
0
0
0
0
0
0
0
0
0
0
0
0
0
0
0
0
0
0
0
0
0
0
0
0
0
0
0
0
0
0
0
0
0
0
0
0
0
0
0
0
0
0
0
0
0
0
0
0
0
0
0
0
0
0
0
0
0
0
0
0
0
0
0
0
0
0
0
0
0
0
0
0
0
0
0
0
0
0
0
0
0
0
0
0
0
0
0
0
0
0
0
0
0
0
0
0
0
0
0
0
0
0
0
0
0
0
0
0
0
0
0
0
0
0
0
0
0
0
0
0
0
0
0
0
0
0
0
0


1.013
0
0.452
0
0
0
0
0
0
1
-0.00900006
0
0
0
0.458
0
0
0
0
0
-2.038
0
0
1
0
0
-1.771
1
0
0
0
0
0
0
0
0
0
0
-2.211
1
0
0
2.42
0
-0.24
0
0
0
1.147
1
2.366
0
0
0
-0.459
0
0
0
0
1
0
0
-0.15
0
2.768
0
0
0
0
0
1.874
1
0.434
0
0
0
0
1
0
0
2.473
0
-1.791
0
0
0
0
0
-1.85
0
1.013
-8.995
0
0
0
0
0
0
0
0
1
-1.034
1
1.305
0
0
0
0
0
0
1
0
0
0
1
0
0
0
0
0
0
0
0
0
0
0.639
1
0
1
0
0
0
0
1.081
1
0
1
0
0
0
0
0.864
1
-1.805
0
-0.185
0
0
0
-1.253
0
0
0
0.821
0
0.124
1
0
0
0.479
1
0
0
0
0
2.473
0
0
0
1.771
0
0
0
0.973
0
0
0
0
0
0
0
-8.995
4.066
0
0
1
-1.57
0
-1.063
0
0
0
0
0
0
1
-0.186
0
-0.408
0
0
0
0.774
1
0
0
0.536
0
0
0
0
0
0.128
0
0
0
0.851
0
0
0
-2.07
0
1.551
0
0
0
0
0
-0.475
0
-2.632
1
0.177
0
0
0
0
1
0
0
0
0
0
1
0
0
0
1
0
0
0
0
0.347
0
0
0
0
0
0
0
0
0
2.445
0
0
0
-0.183
0
1.599
0
0
1
4.066
-7.925
0
-1.275
0
0
1
1.806
0
1.511
0
0
0
0
1
-2.206
0
-2.1
1
0
1
0
0
-0.612
0
2.334
0
0
0
0
0
1.592
0
2.332
1
0
0
0
1
0.137
0
0.776
0
-0.811
0
0
0
0
0
0
1
0
1
-1.964
0
0
1
0
0
-2.394
0
-0.668
0
0
0
0
0
1.42
0
1.473
0
0
0
0
0
0
0
1.502
0
0
0
0
0
-0.53
0
0
0
0.574
0
0
0
-7.925
-1.176
0
-1.904
1
0
0
0
0
0
1
0
0
1.398
0
0
1
-1.453
0
0.249
0
0
0
-0.909
0
0.523
1
0.223
0
0
1
0
0
1.186
0
2.294
0
2.426
0
0.167
0
0
0
2.318
0
0
0
-0.16
0
0
0
2.009
0
0
1
0
0
0
0
-1.6
0
0
0
0
0
0
0
0
0
2.485
0
0
1
1.828
0
0
0
0.895
0
2.322
0
0
0
0
0
0
0
2.214
1
-1.954
0
-1.176
-7.171
0
0
0
-2.138
0
0
0
1.371
0
0
0
0
0
0
1
0.106
0
-0.372
0
0
0
0
1
0
0
0
0
2.391
0
0
0
1.639
0
1.605
0
0
0
0
0
2.307
1
-0.684
0
0
0
0
0
1.21
0
-0.446
0
1.749
0
0
0
1.92
0
0
0
0
0
0
1
1.348
0
0.665
0
0
0
0
0
0
0
-0.908
0
0
0
0
0
-2.053
0
0.211
0
0
0
0
0
0
0
-7.171
-1.918
0
0.763
1
0
0
0
0
0
1
0.58
0
0.699
0
-1.814
0
0
1
0.327
0
0
0
2.176
0
0
0
-1.751
0
0
0
0
0
-1.849
1
0
1
0
0
-0.694
0
1.875
0
0
0
0
0
-0.127
1
-0.693
0
0
0
0
0
0.504
0
0
0
0
0
0
1
0
1
-0.612
0
0
1
-2.438
0
0
1
0
0
-0.665
0
0.892
0
0
0
0
0
0
0
-0.319
0
0
0
0
0
-1.918
-9.421
0
-0.831
1
0
0
-1.635
0
0
0
0
0
0
0
0
0
0
0
0
0
0
0
0
0
0
0
2.371
0
-2.296
0
-0.137
1
-1.032
0
0
1
-2.418
0
0
1
0.614
1
1.511
0
0
1
0.617
0
-0.838
0
0
1
0
0
0.017
0
0
0
1.358
1
0
1
0
0
0
1
0
0
-1.454
0
0
1
0
1
0
0
0
0
0
0
0
0
-1.852
0
0
0
2.251
0
0
0
-9.421
-1.266
0
-0.873
0
-0.272
0
0
0
1.166
0
0
1
0
0
-0.456
1
0
0
0
0
0
0
0
0
0
0
0
0
0
0
0
0
0
1
0
1
0
0
0
0
0
0
-1.223
0
0
0
1.04
1
-2.376
1
2.235
0
0.13
0
0
0
0
0
-0.322
1
0
0
-1.262
1
0
0
0
0
0
1
0.366
0
0
0
1.211
0
0
0
0
0
0
0
-2.051
1
-2.573
0
0
0
0
0
-1.266
0.624
0
0
0
1.042
0
0
1
-1.931
1
0
0
0
0
0
0
0
0
0
1
0
0
0
0
0
1
0
0
-2.262
0
0
0
0
0
0
0
0.954
0
0.219
0
0
0
0
0
0
0
0
0
0.952
0
-2.432
0
0
0
1.831
0
0
0
0.555
0
0.896
0
-0.387
1
-1.263
0
0
0
-0.465
0
0.904
1
-2.302
1
0
0
0
1
0
1
0
0
0
0
-0.855
0
0
0
0
0
0.624


0.245
0
0.492
0
0.587
0
0.017
1
0
0
-2.491
0
0
0
0
0
0
0
0
0
0
0
0
0
1.584
0
-1.389
0
0
0
-1.819
0
1.722
0
0
1
0
0
2.326
0
0
1
0
0
0
0
0
0
0
0
0
0
0
1
-4.114
0
0
0
0
0
0
0
1.012
1
0
0
-1.423
0
0
0
0
0
0.576
0
0
0
0
0
0
0
0.0520003
0
0
0
0.85
0
-0.522
0
0
0
0.245
-15.025
0
0
0
1.554
1
0
1
0
0
0
0
0
0
0
0
0
0
0
0
0.625
0
0
0
0.883
0
-3.139
0
0
1
-1.999
0
0
0
0
0
0
0
0
0
0
0
0
0
0
0
-2.169
0
0
0
0
0
-2.086
0
0
1
0.17
0
-0.0280001
0
0
0
-1.079
0
-1.986
0
0
0
0
1
0
0
-1.763
0
-0.436
0
1.495
0
0.346
0
0
1
-1.451
0
4.591
0
1.779
0
0
0
-15.025
4.533
0
0.116
0
0
0
0
0
0
0
-0.347
0
0.433
0
0
0
0
0
0
0
0
0
0
0
0
0
-2.106
0
0
0
0
0
0
0
0
1
0
1
0
0
0
0
-1.146
0
0
0
0
0
-1.067
0
0
0
0
0
0
0
0.884
1
0
1
0
0
0.0380001
0
-0.789
1
0
0
0.177
0
0
0
0
1
2.016
0
0
1
0
0
0
1
0
0
0
0
0
0
-0.779
0
4.533
-10.23
0
0
0
0
0
0
0
0
1
0
0
0
1
-2.359
0
0
0
0
0
1.36
0
0
1
-2.031
0
0
0
-1.868
0
0.711
0
0
0
0
0
1.745
0
-1.259
1
0
0
0
0
0
0
0.873
1
0
0
-1.64
1
0
0
-2.337
1
2.18
0
0
0
0
1
0
0
-0.974
0
0
0
0
0
0
1
0
1
0.502
0
0
0
0
0
0
0
0.322
0
0.132
0
0
0
0
0
-10.23
-3.185
0
0
0
0.424
0
-0.586
0
0
0
-2.973
1
-2.366
1
0
0
-0.471
0
0
0
0
0
0
1
0
0
0
0
0
0
0
0
0.138
0
-1.696
0
-0.732
1
-0.46
0
0
0
1.665
0
0
0
0
0
0.225
0
0
0
0
0
0
0
-1.248
0
-0.713
1
1.652
0
0
1
0
0
-0.596
0
0
0
0.196
0
0
0
0
1
0
0
0
0
0
0
2.095
0
0
0
0
0
0
0
-3.185
-3.381
0
0
0
-2.36
1
0
1
0.936
0
0
0
0
0
0
0
-2.099
0
-0.0309999
0
0
1
0
1
0
0
0
0
0
0
0.04
0
0
0
0
0
0
1
0
0
0
1
-1.823
0
0.15
0
0
0
0
0
-0.904
0
0
0
0
0
-0.762
0
0
0
0
0
0
0
0
0
-2.243
0
-0.158
1
0
0
0
0
0
0
-1.031
0
0
1
0
0
-0.0769999
0
0
1
0
0
0
0
-3.381
-2.358
0
0.622
0
-1.865
0
0
0
0
0
0.363
1
0
0
0
0
0
0
0
1
0
0
0
0
0
1
0
0
0
0
0
1
0
0
0
1
-1.56
0
0
0
0
0
0
1
0
0
0.204
0
0
0
1.819
0
0
0
0
0
0.452
1
-1.796
0
0.867
0
0.693
0
1.157
0
0
0
-2.171
0
0
0
-2.288
1
0
1
0
0
0
0
1.445
0
0
0
0
1
-1.627
0
-1.614
1
-2.358
-8.465
0
0
0
-4.512
0
0
0
-0.756
0
0
1
0
0
0
0
0
0
0
1
0.326
0
-3.994
1
0
0
0.179
1
-2.416
0
0
0
0
1
0
0
0
0
0
0
0
0
0
0
0
1
0
0
0
0
-0.489
0
0
0
0
1
0
0
0
0
-0.831
0
0
0
0
0
-1.397
0
0
0
0
1
2.204
0
0
0
0
0
-1.034
0
-0.17
0
0
1
0
0
0
0
0
0
-8.465
12.34
0
-0.583
0
0
1
-2.299
0
0
0
0
1
0
0
0
0
0
1
0
0
0
0
0
0
0
0
-2.152
0
0.469
1
0.616
0
-0.789
0
0
0
0
0
0
0
0
0
0.00400007
0
-1.155
1
0.11
0
0
0
0
0
0
0
-1.279
0
1.238
1
0.765
0
0
0
0
0
0
1
0
0
0
1
0.966
0
0
1
0
0
-0.889
0
-1.133
0
-0.765
0
0
1
0
1
0
0
0.602
0
12.34
-6.171
0
2.431
1
0
0
0
0
0.96
0
-2.382
0
0
0
1.07
1
-2.224
0
-2.076
0
0
0
0
0
0
0
0
0
0
0
-0.919
0
1.148
0
1.533
1
0
0
-2.481
0
0
0
2.005
0
0
0
0
0
0
1
0
0
0
0
0
1
0
0
0
1
-0.449
0
0
0
0
0
0
0
-2.429
0
-1.326
0
0
0
2.309
0
-1.79
0
0
0
1.538
0
0
0
0
0
0
0
2.243
0
-6.171


2.768
0
0
0
0
0
0.974
0
1.524
0
0
0
0
1
-2.149
0
0
0
0
0
1.448
0
0.541
1
0
0
0
0
0
1
0
0
-0.859
0
1.914
0
0.451
0
0
0
0
0
0
1
0
0
0
1
0
0
0
0
-1.323
0
0
0
0
0
0
0
0
0
0
0
0
0
0
0
0
0
0
0
0
0
-2.18
0
-1.733
0
0
0
1.61
0
0
0
0
0
-1.549
0
0
0
2.768
15.157
0
0
0
0.288
0
0
0
0
0
-0.497
0
0
0
0
0
0
0
0
0
0
0
-0.73
1
0
1
0
0
-2.149
0
0
1
0
0
-1.96
0
-1.957
0
0
0
0
1
0
0
0
1
0
0
0
0
1.241
1
-0.693
0
0
0
0
0
0
0
0
0
1.675
0
0
0
-0.224
0
0
1
0
0
0
0
0
0
0
0
0
0
0.357
1
0
0
-0.052
1
0
1
0
0
15.157
-0.992
0
0
0
-0.754
0
0
0
0
0
-0.209
1
0
0
1.002
0
-2.148
0
-2.485
1
0
0
0
0
0
0
0
0
0
0
0
0
0
1
0
0
0
0
0
0
0
1
0
0
-1.308
0
-2.435
0
0
0
0.426
1
0
0
1.06
0
-1.001
0
-1.171
1
0
0
0
0
3.953
0
0
0
0
0
0
0
0.296
0
0
0
0
0
0
0
0
1
0
0
-1.823
1
0
0
0
1
-0.992
-5.951
0
2.006
1
0
0
0
0
0
0
-0.994
0
0
0
0
0
-0.757
0
-0.258
0
-0.77
0
0
1
0
0
0
0
-1.767
0
0
0
2.416
0
0
0
1.923
0
0
0
0
0
0
1
1.026
0
0
1
1.486
0
0
0
0
0
0
0
0
0
0
0
-0.297
0
0
0
-2.424
0
0
0
0
0
0
0
0
0
0
1
2.18
1
0
0
0
0
0.796
0
0
0
0
0
0
1
-5.951
-8.938
1
0
1
-2.068
0
0
0
0
1
0
1
0
0
1.647
0
0
0
0
0
0
1
0
0
0
1
0
0
0
0
0
0
0
0
0
1
0
0
-0.55
0
0
0
0
0
0
0
0
0
0
0
0
0
1.205
0
-0.537
1
-0.00300002
0
1.161
1
0
0
1.023
0
0
0
1.281
0
0
1
0
0
2.217
0
0
0
0
1
0
0
1.21
0
2.37
1
-1.927
0
-0.635
1
0
1
-8.938
8.828
0
-1.374
0
0
0
0
1
0
0
0
0
0
0
0
0
4.012
1
0
0
-0.221
0
0
1
0
0
-1.518
0
1.69
0
0
0
0
1
0
1
-1.333
0
-0.261
0
0
1
-0.533
0
0
0
0
0
0
0
0
0
5.352
0
0
0
0
0
1.062
0
0
0
0
0
-0.0999998
0
2.428
0
0
0
0
0
0
0
0
0
-0.000999928
0
1.999
0
-2.401
0
0
0
-0.168
0
0
0
0
1
8.828
-1.041
1
0
0
-2.587
0
0
0
0
0
0
1
0
0
0
0
-1.438
0
0
0
0
0
0
0
-0.0680001
0
1.585
1
-0.879
0
0
1
0.976
0
-1.839
0
-0.35
0
3.487
1
0
0
0
0
-1.933
0
0
0
1.023
0
0
0
0
0
0
0
0
0
0
0
0
1
0.292
0
0
0
0
0
-0.675
0
0
0
0
0
1.598
1
-1.996
1
0
0
0
0
1.99
0
1.113
0
0
0
2.281
0
-1.041
8.348
0
0
0
0
0
0.184
0
2.022
0
0
1
0
0
0
0
0
1
0
0
0
0
0
0
0
0
-0.633
0
0
0
-0.947
0
0
0
0.085
0
0.89
1
0
0
-2.121
0
0
0
-1.751
0
-1.663
0
0
0
0
1
2.337
0
1.241
1
0
0
0
0
1.986
0
2.396
1
0
0
-1.905
0
0
1
0
0
-0.419
0
0.286
0
0
0
0
1
0
0
0
0
0
0
0
1
2.497
0
8.348
-0.887
1
0
0
0
0
0
0
0.827
0
0
0
0
0
0
1
0
0
0
0
-0.616
0
0.461
1
0
1
0
0
-1.951
0
0
0
0.381
0
0
1
0
1
0
0
-1.494
0
0
0
0.795
0
-0.961
1
0
0
-0.434
0
0
0
0
1
0
0
1.456
0
2.096
0
0
0
-2.457
0
2.09
0
0
0
0.483
1
0
0
1.725
0
0
0
0
0
-1.254
1
0
0
0
0
-2.647
1
0
1
-0.887
14.892
0
0
1
0
0
0
0
1.89
0
1.424
0
0
1
-2.654
0
0.105
1
0
0
-0.968
1
0
0
0
1
0
0
0
0
-1.023
0
0
0
0
1
0
0
0.898
0
0
1
0
0
0
1
-1.353
0
0
0
0
0
-1.15
0
0
0
1.571
0
1.164
1
0
1
0
0
0
0
0
1
1.393
0
0
1
0
0
0
0
0
0
0
0
0
0
0
0
1.581
0
-0.604
0
1.005
0
14.892


-2.358
0
0
0
0.231
0
0
1
-1.184
1
0
0
0
1
2.227
0
0
0
3.343
0
-0.334
1
0
0
0
0
1.22
1
0
0
0
0
0
0
2.026
0
-2.189
0
-1.023
0
0
0
0
0
0
0
0
0
0.562
0
2.538
0
0
0
0
0
0
0
0
1
0.414
1
0
0
0
0
0
0
0
1
0
0
0
1
-0.898
0
-1.115
0
0
1
0
0
0.0480001
0
1.934
1
-2.311
0
0
0
-2.358
1.616
0
0
1
0
0
0
0
0
0
1.153
1
0
0
0
0
0
0
-0.256
0
-0.902
0
0
0
1.312
0
0.896
0
0
0
2.251
1
0
0
0
0
0.758
0
0
0
-2.454
1
-1.167
0
0
1
0.969
0
-0.106
1
0
0
1.595
1
0
0
0
0
1.457
0
1.422
1
0
1
-2.225
1
0
0
0
0
-2.417
0
0
0
0
0
1.437
0
0
0
0
0
0.501
0
1.258
0
-2.39
0
-1.62
0
1.616
1.339
0
0
0
0
0
-1.21
0
0
1
1.898
0
0
0
-5.004
1
0.821
0
0
1
0
0
0
0
0
0
-1.742
0
0
1
0
0
0
1
0
1
0
0
0
0
0
0
0
0
2.196
0
0
0
0
0
0
0
0.858
0
0
1
0
0
0
0
-1.221
0
-0.51
0
0
0
0
0
1.188
0
-1.631
0
0
0
-0.534
0
1.867
1
0
0
0
0
0
0
-3.264
0
-0.908
0
0
0
1.339
-0.394
0
-1.126
0
-1.289
0
-2.451
0
0.899
0
0
0
0
0
-0.585
0
0
1
2.531
0
0.53
0
0
1
0
0
-0.676
0
0
0
1.844
0
-1.308
1
0.173
0
1.314
1
0
0
-1.454
0
-0.126
0
1.626
1
0
0
0
0
-2.476
0
0
0
0
0
-0.194
0
-4.017
0
0
0
1.173
0
0
0
0
0
0
0
0
0
0
0
0
0
0
0
0
0
0
0
-1.036
0
0
1
0
0
0
0
-0.394
