

0
0
0
0
0
0
0
0
0
0
0
0
0
0
0
0
0
0
0
0
0
0
0
0
0
0
0
0
0
0
0
0
0
0
0
0
0
0
0
0
0
0
0
0
0
0
0
0
0
0
0
0
0
0
0
0
0
0
0
0
0
0
0
0
0
0
0
0
0
0
0
0
0
0
0
0
0
0
0
0
0
0
0
0
0
0
0
0
0
0
0
0
0
0
0
0
0
0
0
0
0
0
0
0
0
0
0
0
0
0
0
0
0
0
0
0
0
0
0
0
0
0
0
0
0
0
0
0
0
0
0
0
0
0
0
0
0
0
0
0
0
0
0
0
0
0
0
0
0
0
0
0
0
0
0
0
0
0
0
0
0
0
0
0
0
0
0
0
0
0
0
0
0
0
0
0
0
0
0
0
0
0
0
0
0
0
0
0
0
0
0
0
0
0
0
0
0
0
0
0
0
0
0
0
0
0
0
0
0
0
0
0
0
0
0
0
0
0
0
0
0
0
0
0
0
0
0
0
0
0
0
0
0
0
0
0
0
0
0
0
0
0
0
0
0
0
0
0
0
0
0
0
0
0
0
0
0
0
0
0
0
0
0
0
0
0
0
0
0
0
0
0
0
0
0
0
0
0
0
0
0
0
0
0
0
0
0
0
0
0
0
0
0
0
0
0
0
0
0
0
0
0
0
0
0
0
0
0
0
0
0
0
0
0
0
0
0
0
0
0
0
0
0
0
0
0
0
0
0
0
0
0
0
0
0
0
0
0
0
0
0
0
0
0
0
0
0
0
0
0
0
0
0
0
0
0
0
0
0
0
0
0
0
0
0
0
0
0
0
0
0
0
0
0
0
0
0
0
0
0
0
0
0
0
0
0
0
0
0
0
0
0
0
0
0
0
0
0
0
0
0
0
0
0
0
0
0
0
0
0
0
0
0
0
0
0
0
0
0
0
0
0
0
0
0
0
0
0
0
0
0
0
0
0
0
0
0
0
0
0
0
0
0
0
0
0
0
0
0
0
0
0
0
0
0
0
0
0
0
0
0
0
0
0
0
0
0
0
0
0
0
0
0
0
0
0
0
0
0
0
0
0
0
0
0
0
0
0
0
0
0
0
0
0
0
0
0
0
0
0
0
0
0
0
0
0
0
0
0
0
0
0
0
0
0
0
0
0
0
0
0
0
0
0
0
0
0
0
0
0
0
0
0
0
0
0
0
0
0
0
0
0
0
0
0
0
0
0
0
0
0
0
0
0
0
0
0
0
0
0
0
0
0
0
0
0
0
0
0
0
0
0
0
0
0
0
0
0
0
0
0
0
0
0
0
0
0
0
0
0
0
0
0
0
0
0
0
0
0
0
0
0
0
0
0
0
0
0
0
0
0
0
0
0
0
0
0
0
0
0
0
0
0
0
0
0
0
0
0
0
0
0
0
0
0
0
0
0
0
0
0
0
0
0
0
0
0
0
0
0
0
0
0
0
0
0
0
0
0
0
0
0
0
0
0
0
0
0
0
0
0
0
0
0
0
0
0
0
0
0
0
0
0
0
0
0
0
0
0
0
0
0
0
0
0
0
0
0
0
0
0
0
0
0
0
0
0
0
0
0
0
0
0
0
0
0
0
0
0
0
0
0
0
0
0
0
0
0
0
0
0
0
0
0
0
0
0
0
0
0
0
0
0
0
0
0
0
0
0
0
0
0
0
0
0
0
0
0
0
0
0
0
0
0
0
0
0
0
0
0
0
0
0
0
0
0
0
0
0
0
0
0
0
0
0
0
0
0
0
0
0
0
0
0
0
0
0
0
0
0
0
0
0
0
0
0
0
0
0
0
0
0
0
0
0
0
0
0
0
0
0
0
0
0
0
0
0
0
0
0
0
0
0
0
0
0
0
0
0
0
0
0
0
0
0
0
0
0
0
0
0
0
0
0
0
0
0
0
0
0
0
0
0
0
0
0
0
0
0
0
0
0
0
0
0
0
0
0
0
0
0
0
0
0
0
0
0
0
0
0
0
0
0
0
0
0
0
0
0
0
0
0
0
0
0
0
0
0
0
0


-0.196
0
1.212
0
-3.585
0
3.1
0
0
1
-2.386
0
5.879
0
-8.56
0
-1.346
0
1.767
0
-3.264
0
-1.19
0
0.61
1
-2.579
0
-1.243
1
2.522
0
3.625
1
-3.788
1
-2.836
0
1.182
0
-0.218
1
1.875
0
-1.503
1
-8.703
0
2.091
0
-0.616
1
-5.227
0
-0.833
1
1.205
1
-0.539
0
-0.0059998
1
-1.022
0
4.854
0
-2.44
1
-7.078
0
-3.356
1
-3.038
0
-3.114
1
-1.993
0
0.545
1
-4.983
0
-4.289
0
1.553
1
1.081
1
0.851
0
-0.196
-1.382
0
-1.154
0
-0.314
1
-1.638
0
0.545
1
0.22
0
-2.321
0
-2.415
0
-9.722
0
-3.021
0
8.282
1
1.233
0
-2.179
0
0.573
0
-4.646
0
-3.031
0
1.202
1
-1.293
1
0.397
0
1.7
0
1.286
0
2.134
1
-0.289
1
-4.872
1
1.911
1
-5.761
0
-12.17
0
8.466
0
4.555
1
0.305
0
-0.111
1
2.233
1
1.045
0
-6.234
0
1.976
1
-4.303
1
-4.661
0
-3.528
1
-9.666
1
2.705
0
-0.727
1
0.131
1
1.81
1
3.925
0
5.441
0
-1.382
8.365
1
4.319
1
-14.641
1
-18.704
0
0.745
0
0.585
1
-0.991
1
1.626
0
2.908
1
-25.611
1
-16.924
0
0.594
0
1.119
1
-0.00699997
1
-2.877
1
-6.997
1
-3.488
0
0.656
0
-3.651
0
4.497
1
5.63
0
1.123
1
3.2
1
-1.028
1
-6.835
0
0.336
0
-3.311
0
-0.736
1
-0.89
0
1.609
1
0.127
0
-0.842
1
-0.296
1
0.815
0
-1.293
0
1.986
1
3.315
1
-1.682
0
1.552
1
-2.264
1
2.563
0
2.109
1
-1.755
1
4.309
0
2.239
1
8.365
-21.261
0
0.116
1
2.647
1
1.998
1
1.416
0
-6.226
1
-0.996
0
-4.284
0
2.688
0
0.851
1
1.976
1
1.501
1
-1.84
1
-0.265
1
-2.095
0
-4.399
0
1.982
0
-6.374
0
-2.801
0
-1.341
1
-0.446
1
1.589
0
-5.054
1
-1.154
1
-1.459
1
-3.36
1
0.146
0
-2.495
0
-3.504
1
-4.413
1
4.445
0
-5.075
0
-1.272
0
-6.327
0
-7.015
1
-1.204
0
-3.137
1
5.041
0
0.191
0
-5.979
1
-0.912
0
-4.46
1
-2.029
1
-4.002
0
0.0609996
1
-21.261
-0.429999
0
2.535
1
8.199
1
0.367
1
0.0149999
0
4.811
1
0.242
0
-0.18
1
-0.344
1
3.062
0
-2.674
1
-2.719
1
-2.766
0
0.231
1
0.277
0
1.789
0
4.683
0
-2.561
1
0.328
1
-6.494
0
3.049
1
2.234
0
-2.18
1
-1.169
1
-2.552
1
1.498
1
-1.561
1
0.979
0
2.503
0
-4.328
0
-3.192
0
-7.28
0
7.646
0
3.069
1
-2.551
0
-4.422
0
-6.021
0
-9.133
1
-7.493
0
-6.537
0
-1.439
1
-2.63
1
1.359
0
0.848
0
-4.182
1
-0.429999
3.624
0
1.02
0
4.897
1
-9.529
1
0.964
0
-1.739
1
-17.899
0
-4.036
1
-1.681
0
-1.781
1
-2.008
0
-2.378
1
-0.537
1
-2.859
1
-0.676
1
6.323
0
2.098
1
0.95
1
-7.541
0
0.977
1
4.628
0
-1.498
1
2.963
0
-1.108
1
1.481
1
-0.751
1
1.08
0
1.31
0
-2.43
0
-11.689
1
-1.15
0
0.566
1
0.473
0
-6.042
1
-1.129
0
1.215
1
8.958
0
1.255
1
0.23
1
-2.987
1
2.802
1
-3.049
1
-1.444
0
-2.094
0
2.002
1
3.624
-42.087
1
1.904
0
2.875
0
1.375
0
-6.019
1
5.159
0
-6.232
1
0.282
1
-3.613
0
-1.556
1
3.252
0
-3.732
0
1.258
0
-0.563
1
-5.45
0
-0.82
1
-2.787
0
-2.433
0
-1.322
1
1.16
1
-3.058
1
-1.264
0
-4.833
0
-1.456
1
-2.207
0
2.568
1
0.074
1
4.796
1
3.166
0
1.467
0
0.567
1
-2.989
1
1.021
1
2.981
0
-0.387
0
2.037
0
-5.278
1
0.73
1
1.512
1
1.15
1
-2.14
0
-1.878
0
3.073
0
1.214
1
-5.204
1
-42.087
-59.522
0
-2.211
1
3.286
0
-8.484
1
-2.158
1
-1.387
1
0.512
1
0.049
1
-4.709
0
-5.215
0
-3.035
0
-3.94
1
-0.478
0
-4.354
0
-1.113
1
-3.357
0
2.809
1
-4.628
1
-3.409
0
3.029
1
-4.919
1
4.587
1
-2.564
0
0.539
1
2.083
0
7.897
1
1.082
1
-3.367
0
-6.859
0
-1.142
1
3.099
0
0.791
0
-6.754
1
-1.625
1
1.988
0
2.665
1
-5.857
1
2.511
1
-3.75
0
6.656
0
0.812
1
-6.363
1
0.46
1
0.898
1
-0.608
0
-59.522
-4.45
0
-1.779
0
1.738
1
-1.83
0
-6.975
0
1.717
0
0.234
1
-4.586
0
-5.014
0
-0.189
1
-3.461
0
-3.79
0
0.075
0
1.128
0
0.0580001
0
-2.717
1
-0.978
1
3.651
1
-2.062
0
5.192
1
-4.045
0
3.013
1
-0.757
1
-2.293
0
0.376999
1
7.187
0
1.376
1
4.083
0
-3.042
1
-9.47
1
-6.095
0
-2.662
0
-0.53
1
2.687
0
-0.47
0
-0.031
0
3.93
0
-6.29
0
-4.583
0
-7.886
0
5.653
0
3.612
1
-1.893
0
-0.964
1
-1.818
1
-4.45
-7.143
0
2.505
1
1.636
1
4.437
1
-8.125
0
-6.927
0
-8.621
0
-2.757
1
0.872
0
-2.76
1
9.072
0
-3.653
1
-5.196
0
-2.064
0
5.113
0
-2.112
1
1.301
1
0.871
0
-4.135
0
7.8
1
2.944
0
-3.022
0
-2.469
1
-2.239
0
0.237
1
-2.903
1
-3.637
0
1.417
0
-3.054
1
1.203
0
-2.295
0
-1.892
1
-8.679
0
3.194
1
1.444
0
5.112
1
-1.93
1
2.746
0
-10.241
0
0.00600028
0
0.834
0
-1.916
0
-0.867
1
-2.025
0
-1.417
0
-7.143


-0.278
0
0.628
1
-0.158
0
-6.543
0
-2.438
0
0.466
0
-2.912
0
0.2
0
-0.793
1
3.373
0
-3.563
0
3.132
1
1.459
1
1.091
1
-0.88
1
1.139
0
-5.748
1
0
0
-1.202
0
-9.866
0
0
0
3.296
0
-0.0929998
0
-5.002
0
0.879
0
-5.23
0
3.41
0
-0.945
1
-1.177
0
-2.374
0
1.485
0
0.307
1
-0.514001
1
3
0
-3.017
1
-0.809
0
-5.165
0
-5.943
0
1.043
0
-3.436
0
-4.864
1
-1.657
1
1.129
0
0.448
0
-2.395
0
-0.278
-8.344
0
0.315
0
-1.36
1
1.471
1
-0.447
0
3.025
0
-3.559
0
-0.665
0
-2.633
1
-0.268
0
4.964
1
-2.472
1
6.906
0
-4.721
0
-1.373
0
-1.836
1
-2.323
0
-1.503
1
-1.238
0
-7.736
1
-1.049
1
-2.023
0
-4.147
1
5.227
0
-3.475
0
-2.288
0
3.902
1
2.898
1
-8.932
1
-3.004
0
-5.789
1
-7.624
1
-2.77
0
-0.373
1
-4.095
1
-0.545
0
-2.46
0
-2.636
0
2.217
1
-2.532
1
-3.154
1
-2.607
0
1.985
1
4.761
0
-2.122
1
-8.344
7.655
1
2.706
1
0.224
0
-1.726
0
2.204
0
-0.725
0
0.0600001
1
0.0770001
0
-2.238
1
0.419
1
1.163
0
-1.966
0
-1.229
0
2.319
1
-0.005
0
3.917
1
0
1
-0.126
1
5.239
1
1.431
0
-2.27
0
1.499
0
5.661
0
-4.255
0
-3.447
1
-7.425
1
5.319
0
-0.00800025
0
-3.869
0
3.519
0
3.051
1
0.628
0
-3.828
1
3.96
0
4.379
0
4.197
1
2.279
1
2.582
0
-1.958
0
-1.501
0
-0.916
0
-0.424
1
-2.4
0
0.277
1
4.656
0
7.655
-8.507
0
2.903
1
2.748
0
0.186
1
-4.104
1
-0.651
0
-4.95
1
2.932
0
-7.435
1
-3.04
1
-1.086
0
2.656
1
1.893
0
-0.872
0
-7.556
1
0.0669999
0
1.148
1
7.898
0
-0.00999999
1
1.56
1
1.821
0
2.977
0
-2.932
1
0.87
1
-7.919
1
0.151
1
-2.548
0
0.29
0
-10.341
1
0.502
0
-1.768
0
-3.716
0
-11.229
1
1.744
0
-0.928
1
3.953
0
-0.685
0
1.688
0
-1.81
0
5.273
1
-0.296
1
-0.443
0
0.783
1
-0.649
0
-2.417
1
-8.507
-42.143
1
2.131
0
-1.504
1
-2.191
0
-2.257
0
-0.765
1
0.796
0
-8.526
0
2.279
0
1.23
0
-1.322
0
-1.184
0
-8.726
0
-9.855
0
7.307
0
3.083
1
1.61
0
-2.266
0
0.419
1
-1.024
0
1.508
1
0.492
1
5.891
1
1.125
1
6.165
0
-4.229
0
0.0900002
1
-1.291
0
-2.168
0
0.934
0
1.126
0
-5.411
0
1.795
0
-2.543
1
-4.601
1
-3.079
0
-5.089
1
5.492
1
-0.023
1
3.226
0
-3.385
1
0.478
0
-3.781
1
2.764
0
-2.12
0
-42.143
-3.996
0
6.071
1
0.836
0
-3.956
1
3.363
1
-4.436
0
0.350001
0
-3.594
1
-6.349
0
-2.244
0
2.446
0
3.841
0
-5.825
1
-1.265
0
3.886
1
0.396
0
2.929
0
-2.372
1
-1.644
1
-4.726
0
-1.754
0
2.374
1
-3.562
0
3.771
1
3.638
1
-2.726
0
2.167
0
-9.529
1
1.375
1
-0.442
1
9.258
1
-2.158
0
-3.624
1
1.938
1
-2.502
1
1.533
0
-1.863
1
-4.305
1
-0.56
1
-4.857
0
-3.93
0
-0.739
0
1.033
1
-0.372
1
-0.203
1
-3.996
19.173
0
0.546
1
1.238
1
4.748
1
2.201
0
4.637
1
1.162
0
1.595
1
1.298
1
-5.443
1
2.528
1
-2.589
0
-6.345
0
2.166
1
0.461
0
-5.7
1
0.637
0
1.27
1
-0.0819999
0
0.118
1
0.045
0
1.162
1
-1.355
1
1.615
0
1.694
0
-2.168
0
-3.302
1
3.496
1
1.45
1
4.88
0
-6.835
0
0.277
1
1.399
1
-0.528
0
-6.909
0
-1.485
1
0.507
1
-0.437
1
3.344
1
-2.5
0
1.049
0
-0.775
1
-3.731
0
-0.121
0
5.11
1
19.173
0.784
1
-3.318
0
-0.0210001
1
-4.693
0
-7.826
0
2.387
0
-2.873
0
6.246
0
-3.697
1
2.906
1
-1.843
1
6.347
1
1.688
0
-2.095
0
0.173
1
1.329
0
-0.283
1
-1.489
1
0.973
0
-1.574
1
5.725
0
1.495
1
0.663
1
2.75
1
-4.195
0
-3.128
0
3.659
0
-2.029
0
-4.288
0
2.239
1
-0.264
0
2.082
0
3.98
0
-1.977
1
2.518
1
0.381
0
-0.981
1
-2.608
1
-1.657
0
-5.916
0
1.223
1
-4.8
0
-4.772
1
-2.829
1
1.282
0
0.784
-8.958
0
0.328
0
-0.256
1
-0.876
0
-5.901
1
2.179
1
-5.016
1
-1.097
1
-3.4
0
-1.07
0
1.761
1
0.571
1
4.155
1
-3.038
1
1.241
1
2.32
0
4.597
0
0.933
1
-0.816
1
-4.166
1
-1.229
0
1.522
1
0.671
0
-6.234
0
5.65
1
2.946
0
6.108
1
-1.627
0
1.693
1
3.865
0
-10.278
1
-2.112
0
0.751
0
-0.348
1
7.507
1
-5.049
1
9.731
1
0.102
1
3.239
0
-3.714
1
2.863
0
-5.05
0
-6.905
1
-2.115
1
-3.78
0
-8.958
-39.855
1
1.648
0
-2.489
0
-3.489
1
-3.553
0
-1.594
1
0.995
0
1.429
0
-2.227
1
-2.272
0
-0.966
0
7.74
0
-6.103
0
-4.468
0
3.048
1
5.531
0
-2.198
0
0.97
0
-5.57
1
1.82
0
0.885
1
0.631
0
-1.076
1
1.464
1
-6.328
0
0.814
0
-1.535
1
2.662
1
1.898
1
1.168
0
0.2
0
-0.23
1
2.264
1
0.749
1
-3.226
1
-2.74
1
-2.375
1
1.557
1
1.49
1
3.407
1
2.904
0
1.581
0
-2.827
0
-0.117
0
2.972
0
-39.855


6.571
1
-8.129
1
-3.292
1
4.311
1
2.438
0
0.985
0
3.555
1
3.495
0
0.875
1
-0.448
0
6.882
0
-0.448
1
-5.75
0
-0.808
1
0.726
0
-1.699
1
-0.745
0
-3.367
1
2.677
0
0.49
1
-1.417
0
-4.605
1
-1.177
1
-2.891
1
-3.524
0
2.364
0
-0.824
1
0.284
0
-3.144
1
-2.308
1
-2.673
1
2.441
1
0.754
0
-0.667
1
5.046
0
1.239
0
-2.839
0
3.18
0
2.131
0
4.353
0
-2.235
0
0.0669998
0
-6.999
1
-8.743
0
-2.822
0
6.571
-11.308
0
-2.286
1
-2.405
0
2.155
0
0.322
1
-3.83
1
-2.108
1
0.338
1
-3.598
0
-3.183
0
-3.407
1
-4.044
1
0.386
1
-3.55
1
0.092
1
-0.332
1
-0.593
1
0.725
1
-4.259
1
4.238
1
-1.667
0
-4.914
0
-5.983
1
-3.767
1
7.538
0
0.713
0
-2.006
0
-2.832
1
-4.313
0
0.608
1
0.64
1
1.394
0
-7.69
1
2.834
1
-5.402
1
-3.108
0
5.227
1
-3.896
1
1.527
0
2.432
0
1.977
0
-1.762
0
-0.0170002
1
-2.942
0
-5.257
1
-11.308
9.414
0
-10.792
0
0.31
0
-4.984
1
-4.915
1
2.164
1
-1.904
1
-1.174
1
2.559
1
-2.455
1
-1.799
0
2.289
0
-4.165
1
1.113
1
-4.257
0
1.42
0
2.681
0
2.625
1
0.694
0
-0.909
0
1.018
0
-1.787
0
3.18
0
-4.272
1
2.438
0
-2.314
1
-3.066
0
-2.805
1
1.552
1
-2.806
0
-3.71
1
-1.8
1
-1.18
0
-5.427
1
1.831
0
0.209
1
-1.149
0
-2.299
0
-2.746
0
-0.256
1
2.276
1
1.138
0
-9.735
1
-0.376
1
-5.388
0
9.414
0.762001
1
-0.00300014
0
-0.375
0
-3.476
0
3.531
0
10.429
1
1.416
1
-1.161
0
-2.949
0
0.075
0
-1.44
0
-3.073
0
-3.392
1
0.323
0
-3.191
1
-2.443
0
1.988
0
-1.009
1
-2.176
1
-5.277
0
-0.768
1
-3.047
1
-5.289
0
4.049
1
3.401
0
-3.46
1
-4.41
1
1.771
1
1.756
1
7.24
0
-3.787
1
-4.405
0
-0.267
0
1.034
0
-2.13
1
-0.25
1
-4.574
0
-3.981
0
2.208
1
-2.323
1
0.796
0
-3.578
0
3.037
0
-0.735
0
1.066
0
0.762001
-17.828
1
-4.568
1
10.529
0
-0.547
1
-2.73
0
4.03
0
3.485
0
-10.417
1
-0.55
0
-7.318
0
-1.801
0
-2.939
0
0.779
0
0.603
0
-3.263
0
-6.565
0
-1.446
1
0.299
1
3.794
1
0.714
0
3.41
1
-2.479
1
-1.961
1
0.118
0
-5.089
0
1.484
1
-5.527
1
0.246
1
1.758
0
4.803
0
2.169
1
-0.922
0
6.456
1
3.826
1
-2.694
0
3.943
1
-0.0989997
0
2.504
0
2.561
1
-0.306
1
0.599
0
1.272
0
-0.593
1
0.793
1
5.582
0
-17.828
-1.111
0
4.333
1
-1.511
0
8.498
0
1.187
0
-6.182
0
6.901
1
1.237
1
2.242
1
-1.632
0
-3.858
1
0.418
0
2.776
1
-1.571
0
-2.508
0
1.509
1
-1.252
1
0.845
0
3.387
0
-2.437
1
1.515
0
1.267
0
-2.935
0
0
0
-2.4
1
-8.023
0
-1.685
1
0
0
-1.989
0
-0.9
1
2.358
1
-1.6
0
-4.229
1
-2.246
0
0.308
0
1.986
1
1.253
1
1.53
0
-0.0520002
0
-1.641
1
-3.685
0
2.123
1
0.635
0
0.0170002
1
1.341
1
-1.111
-54.285
1
-3.17
1
0.854
1
2.489
0
0.925
1
1.47
1
9.767
0
-2.449
0
6.012
0
3.371
0
0.989
0
-6.09
1
-4.331
1
-2.604
0
4.309
0
-2.401
0
2.924
1
1.617
0
0.786
1
9.549
1
-1.417
0
-3.879
1
-6.965
0
0.0630001
1
-1.556
0
-1.053
1
4.178
0
5.865
0
-3.794
1
1.715
1
3.048
0
-4.961
0
-2.407
1
-6.043
1
2.869
1
-0.204
0
1.533
1
-7.632
0
-4.496
1
-6.257
1
-1.716
1
0.159
1
0.293999
0
2.218
0
-3.147
0
-54.285
6.032
0
-0.227
0
0.712
1
0.542
0
-6.78
0
-4.454
1
-1.623
1
1.433
0
0.946
0
10.305
1
-0.0929999
0
-1.912
1
-0.447
1
1.713
1
1.756
1
2.924
1
-0.948
1
2.535
0
-0.678
1
8.753
0
-3.789
1
3.147
1
-0.848
1
-4.892
1
-1.324
0
-5.873
0
-2.171
1
-4.762
1
-6.761
0
-3.764
1
-11.61
1
1.285
0
11.134
0
6.106
1
0.612
0
3.655
0
-1.408
1
2.992
0
-0.761
1
0.765
1
-2.092
1
0.871
0
0.427
1
0.491
0
-0.234
1
6.032
-50.761
1
-2.773
0
2.11
1
-5.174
0
-5.331
1
2.838
1
0.518
0
-3.087
1
-0.583
1
-0.571
0
1.799
0
0.202
1
-5.048
0
-2.597
0
-0.995
0
-1.929
1
-5.103
0
-1.431
0
-4.46
0
-3.209
0
-4.426
1
4.6
1
-4.721
1
1.589
1
2.262
0
1.277
0
3.573
1
-4.974
0
-2.537
0
2.46
1
-5.646
1
-4.073
0
2.785
1
3.926
1
4.55
1
-6.832
0
3.55
0
1.193
1
-1.546
1
-4.74
0
3.09
0
1.479
1
-0.148
0
-3.974
0
0.0920002
1
-50.761
-5.043
1
-7.461
0
-0.217
1
0.227
0
-6.315
1
-5.703
1
-4.6
0
0.703
0
5.914
1
1.307
1
-2.717
1
2.534
0
3.191
1
-5.104
0
-2.944
1
7.103
0
6.697
0
-2.187
0
-1.034
1
-0.188999
0
-2.781
0
-3.637
1
-4.153
1
-7.841
0
-0.893
1
2.165
1
-3.479
0
-3.287
0
1.828
1
3.653
0
-2.374
1
-1.317
1
-5.826
0
4.522
1
2.485
0
-1.522
0
-2.862
1
0.852
0
5.175
0
-3.18
0
-1.926
0
-1.746
1
-6.612
1
-0.82
0
-3.099
1
-5.043


-2.455
0
5.018
1
0.02
0
-4.095
0
5.184
0
1.5
0
0.623
1
-2.621
1
-0.0179999
0
-3.656
0
-4.917
1
-9.071
0
-6.647
0
-3.579
0
0.882
0
0.308
0
-4.275
1
0
0
3.212
0
2.831
0
-7.223
0
-0.814
0
0.098
0
1.431
0
0.28
0
5.473
0
-5.003
1
-2.063
0
-0.923
0
1.003
0
-0.948
0
0
0
2.524
0
-2.395
0
-5.076
0
6.438
0
-3.157
0
-3.146
0
-0.305
0
-8.343
0
-2.222
0
-0.238
1
-0.00699997
0
-0.547
0
-0.435
0
-2.455
-3.327
0
3.267
0
-1.852
0
5.129
0
-6.164
0
-5.628
0
-2.055
0
-2.194
0
0
0
2.552
0
0.758
1
-2.858
1
2.477
1
6.202
1
-0.206
0
-1.919
1
-2.189
0
-2.631
0
-0.864
0
-2.834
0
0.95
0
0.959
0
2.607
1
0.59
0
1.43
0
-0.287
0
0.698
0
-0.222
0
0.882
0
-3.866
0
3.405
0
2.808
0
-1.989
0
-1.588
0
-3.999
0
-0.708
0
-0.995
0
-3.286
0
-0.35
0
1.099
0
4.976
0
-5.39
0
-13.108
0
0.61
0
4.044
0
-3.327
0.449001
0
2.926
1
-0.429
0
0.365
0
3.93
0
0.334
0
-0.383
0
0.326
1
2.224
0
3.196
0
3.639
0
2.899
0
-4.967
0
1.803
0
-4.017
0
-6.302
0
-2.226
0
-2.776
0
-1.089
0
2.274
0
-2.995
0
-2.568
0
-1.648
0
-0.578
0
2.656
0
-5.216
0
-0.208
0
-6.938
0
-3.167
0
-1.924
0
-5.164
0
4.555
0
-1.55
0
4.398
0
-1.007
0
8.872
0
-0.842
0
1.483
0
-3.087
0
-5.602
1
-0.0569999
0
-5.149
0
-8.688
0
-4.415
0
0.891
1
0.449001
1.982
0
-2.794
0
0.243
0
0.454
1
2.815
0
-7.132
1
0.769
0
-0.945
0
-1.166
0
3.706
0
5.743
1
4.97
1
-2.799
1
-3.189
0
6.339
1
0
0
-2.003
0
3.774
0
-3.151
1
0.036
0
0.193
0
4.69
0
-1.726
0
1.779
1
0.04
1
0.163
0
-2.82
0
-0.347
0
-5.451
0
-0.963
0
0.541
0
-7.346
0
-1.024
1
0
0
-4.878
1
0
0
2.245
0
-1.122
0
3.102
0
-2.767
0
1.992
0
0.538
0
3.396
0
1.994
0
0.273
1
1.982
