

0
0
0
0
0
0
0
0
0
0
0
0
0
0
0
0
0
0
0
0
0
0
0
0
0
0
0
0
0
0
0
0
0
0
0
0
0
0
0
0
0
0
0
0
0
0
0
0
0
0
0
0
0
0
0
0
0
0
0
0
0
0
0
0
0
0
0
0
0
0
0
0
0
0
0
0
0
0
0
0
0
0
0
0
0
0
0
0
0
0
0
0
0
0
0
0
0
0
0
0
0
0
0
0
0
0
0
0
0
0
0
0
0
0
0
0
0
0
0
0
0
0
0
0
0
0
0
0
0
0
0
0
0
0
0
0
0
0
0
0
0
0
0
0
0
0
0
0
0
0
0
0
0
0
0
0
0
0
0
0
0
0
0
0
0
0
0
0
0
0
0
0
0
0
0
0
0
0
0
0
0
0
0
0
0
0
0
0
0
0
0
0
0
0
0
0
0
0
0
0
0
0
0
0
0
0
0
0
0
0
0
0
0
0
0
0
0
0
0
0
0
0
0
0
0
0
0
0
0
0
0
0
0
0
0
0
0
0
0
0
0
0
0
0
0
0
0
0
0
0
0
0
0
0
0
0
0
0
0
0
0
0
0
0
0
0
0
0
0
0
0
0
0
0
0
0
0
0
0
0
0
0
0
0
0
0
0
0
0
0
0
0
0
0
0
0
0
0
0
0
0
0
0
0
0
0
0
0
0
0
0
0
0
0
0
0
0
0
0
0
0
0
0
0
0
0
0
0
0
0
0
0
0
0
0
0
0
0
0
0
0
0
0
0
0
0
0
0
0
0
0
0
0
0
0
0
0
0
0
0
0
0
0
0
0
0
0
0
0
0
0
0
0
0
0
0
0
0
0
0
0
0
0
0
0
0
0
0
0
0
0
0
0
0
0
0
0
0
0
0
0
0
0
0
0
0
0
0
0
0
0
0
0
0
0
0
0
0
0
0
0
0
0
0
0
0
0
0
0
0
0
0
0
0
0
0
0
0
0
0
0
0
0
0
0
0
0
0
0
0
0
0
0
0
0
0
0
0
0
0
0
0
0
0
0
0
0
0
0
0
0
0
0
0
0
0
0
0
0
0
0
0
0
0
0
0
0
0
0
0
0
0
0
0
0
0
0
0
0
0
0
0
0
0
0
0
0
0
0
0
0
0
0
0
0
0
0
0
0
0
0
0
0
0
0
0
0
0
0
0
0
0
0
0
0
0
0
0
0
0
0
0
0
0
0
0
0
0
0
0
0
0
0
0
0
0
0
0
0
0
0
0
0
0
0
0
0
0
0
0
0
0
0
0
0
0
0
0
0
0
0
0
0
0
0
0
0
0
0
0
0
0
0
0
0
0
0
0
0
0
0
0
0
0
0
0
0
0
0
0
0
0
0
0
0
0
0
0
0
0
0
0
0
0
0
0
0
0
0
0
0
0
0
0
0
0
0
0
0
0
0
0
0
0
0
0
0
0
0
0
0
0
0
0
0
0
0
0
0
0
0
0
0
0
0
0
0
0
0
0
0
0
0
0
0
0
0
0
0
0
0
0
0
0
0
0
0
0
0
0
0
0
0
0
0
0
0
0
0
0
0
0
0
0
0
0
0
0
0
0
0
0
0
0
0
0
0
0
0
0
0
0
0
0
0
0
0
0
0
0
0
0
0
0
0
0
0
0
0
0
0
0
0
0
0
0
0
0
0
0
0
0
0
0
0
0
0
0
0
0
0
0
0
0
0
0
0
0
0
0
0
0
0
0
0
0
0
0
0
0
0
0
0
0
0
0
0
0
0
0
0
0
0
0
0
0
0
0
0
0
0
0
0
0
0
0
0
0
0
0
0
0
0
0
0
0
0
0
0
0
0
0
0
0
0
0
0
0
0
0
0
0
0
0
0
0
0
0
0
0
0
0
0
0
0
0
0
0
0
0
0
0
0
0
0
0
0
0
0
0
0
0
0
0
0
0
0
0
0
0
0
0
0
0
0
0
0
0
0
0
0
0
0
0
0
0
0
0
0
0
0
0
0
0
0
0
0
0
0
0
0
0
0
0
0
0
0
0
0
0


-0.196
0
-0.805
0
-3.585
0
3.1
1
0
1
-2.386
0
5.879
0
-8.56
0
-1.346
0
1.767
0
-3.264
0
-1.19
1
1.38
1
-0.877
0
-1.243
1
2.522
0
3.625
1
-3.788
1
-2.836
0
1.182
0
-0.218
1
1.875
1
-1.503
1
-8.703
0
2.091
1
-0.616
1
-5.227
1
-0.833
1
0.711
0
0.895
0
1.811
1
-1.022
0
4.854
0
-2.44
1
-6.846
1
-3.356
1
-3.038
1
-1.68
0
-1.993
0
0.545
1
-4.495
0
-4.289
0
-0.822
0
1.081
1
0.879
1
-0.196
-1.363
0
1.006
0
1.882
1
-1.638
0
0.545
1
0.22
0
-2.321
0
-2.415
0
-9.722
0
-3.021
0
8.282
1
1.233
1
-2.179
0
0.573
0
-5.337
0
-1.271
0
1.202
1
-1.293
0
0.397
0
1.7
1
1.286
0
2.134
0
-0.289
1
-4.872
1
1.911
1
-5.761
0
-10.075
1
8.466
0
4.555
1
0.305
0
-0.111
1
2.811
1
1.045
1
-5.234
0
1.294
1
-4.303
1
-4.211
0
-3.528
1
-9.666
1
2.705
0
-1.11
1
-1.963
1
-0.215
0
3.925
0
5.441
0
-1.363
7.335
1
4.319
1
-11.49
1
-19.299
0
1.5
0
0.585
1
-0.991
1
1.661
0
2.908
1
-20.605
1
-12.581
1
0.594
0
0.894
1
-0.00699997
0
-2.877
1
-6.997
0
-3.488
0
0.656
1
-3.651
0
-0.0799998
1
5.63
0
1.123
1
2.612
0
-1.028
1
-4.536
0
0.405
1
-0.887
0
-0.736
1
-0.89
0
0.211
1
-1.853
0
-0.842
1
-0.296
0
0.815
0
-1.293
0
1.726
1
3.315
1
-1.682
1
1.831
1
-0.886
1
2.563
0
2.109
0
-1.755
1
4.309
0
1.898
1
7.335
-21.261
0
0.116
1
2.647
1
1.998
1
1.416
0
-6.226
1
-0.996
0
-4.284
0
0.624
0
0.851
1
1.976
1
1.501
1
-1.84
0
1.276
1
-1.289
0
-7.28
1
4.002
1
-6.374
0
-2.801
0
-1.341
1
-0.446
1
0.0389996
0
-5.054
1
-1.154
1
-1.459
0
-3.36
1
0.693
0
-2.495
0
-5.48
1
-4.413
1
4.445
0
-6.923
0
-1.272
0
-6.327
0
-7.015
1
-1.204
0
-3.137
0
5.038
0
2.133
0
-5.313
1
-1.571
0
-4.46
0
-2.029
1
-4.002
0
0.0609996
1
-21.261
-0.429999
0
0.546
1
8.199
1
0.367
1
0.0149999
0
4.481
1
0.236
0
0.207
1
-0.344
1
3.062
0
-2.674
1
-2.719
1
-2.766
0
-1.473
1
0.277
1
1.789
1
4.037
1
-2.561
1
0.328
0
-6.256
1
3.049
1
-0.816
0
-2.18
1
-1.821
1
-3.383
1
-0.368
1
-2.462
1
0.979
0
2.503
1
-4.796
1
0.081
1
-8.329
0
7.646
0
2.513
0
-2.551
0
-4.422
0
-6.021
0
-9.133
1
-7.493
1
-6.537
0
-1.439
1
-2.63
1
1.359
1
-0.632
1
-4.182
0
-0.429999
1.224
0
1.02
0
4.897
1
-8.366
1
1.037
0
-1.739
0
-17.899
0
-2.271
1
-1.681
0
-1.781
1
-4.336
0
-2.378
0
-0.537
1
-2.859
1
-0.502
1
6.323
0
2.098
0
0.95
1
-3.128
0
0.977
1
4.628
0
-1.074
1
2.963
0
-1.108
0
-0.682
1
-0.751
1
2.238
0
1.31
1
-2.43
1
-11.689
1
-1.15
0
0.566
1
0.958
0
-6.042
1
-1.129
0
1.215
1
8.958
0
1.255
1
0.23
1
-1.475
1
2.802
1
-3.049
1
-1.444
0
-2.094
0
3.865
1
1.224
-35.878
1
1.904
0
2.875
0
1.375
1
-4.35
1
1.806
0
-6.232
1
2.751
1
-3.613
1
-1.556
1
3.252
1
-1.966
0
1.258
0
-2.79
1
-6.755
1
-0.82
1
-2.485
0
-4.299
0
0.813
1
1.16
1
-3.058
1
-1.264
1
-4.833
0
-1.456
1
-2.207
0
2.568
0
1.131
1
4.796
0
3.166
0
0.617
0
0.747
1
2.165
1
1.021
1
2.981
0
-0.604
0
2.037
0
-4.104
1
0.73
0
1.512
1
1.15
1
-2.786
0
-1.878
0
3.073
0
1.154
0
-5.204
1
-35.878
-60.654
1
-2.211
1
3.286
0
-6.172
1
-0.0919998
0
-1.387
1
0.901
1
0.049
1
-4.554
0
-5.215
1
-3.035
0
-3.256
1
-0.478
0
-2.306
0
-1.113
1
-3.357
0
2.923
1
-4.628
1
0.418
0
2.496
1
-4.919
1
3.57
1
-2.564
0
0.539
0
2.083
1
7.897
0
1.082
0
-3.367
0
-4.734
0
-3.315
1
0.955
0
0.791
1
-6.754
0
0.925
0
1.988
0
2.665
1
-4.726
0
2.511
1
-4.636
1
6.656
0
0.812
1
-6.363
1
0.46
1
2.217
1
-1.814
0
-60.654
-4.351
0
-1.779
0
1.738
1
-1.83
0
-6.975
0
1.14
0
0.234
1
-4.586
0
-5.014
0
-0.189
1
-3.461
1
-3.79
1
0.075
1
1.128
0
0.0580001
0
-2.717
1
-1.333
1
3.651
1
-1.543
1
7.38
1
-4.045
0
-0.171
0
-0.757
0
-2.293
1
0.376999
0
7.187
0
1.282
0
5.414
0
-0.279
1
-7.937
0
-6.095
0
-2.662
0
-0.53
1
2.687
0
-0.47
0
-1.793
0
3.93
0
-4.994
0
-5.848
0
-4.262
0
5.653
0
3.612
1
-1.485
0
-0.964
1
-0.549
0
-4.351
-7.121
0
2.505
1
1.636
1
4.437
1
-8.125
0
-6.927
0
-8.621
0
-3.91
1
0.872
0
-2.603
1
9.072
1
-4.841
0
-5.196
0
-2.064
1
5.899
1
-2.112
1
2.676
1
0.871
0
-7.128
0
7.8
1
2.243
1
-3.022
1
-2.469
1
-2.239
0
0.237
1
-2.903
1
-4.904
0
1.352
0
-3.054
1
1.203
0
-4.628
0
-1.892
1
-8.679
0
5.096
1
1.444
0
5.112
0
-1.93
0
2.746
0
-10.241
0
0.00600028
0
-0.461
0
-2.292
1
-0.867
1
0.126
0
-1.417
0
-7.121


-0.278
0
1.311
1
-0.158
0
-4.209
0
-2.438
0
0.466
0
-2.912
0
2.017
0
-0.793
1
3.373
0
-2.814
0
3.132
0
0.775
1
1.091
1
-0.88
1
1.139
0
-5.815
1
0
0
-1.202
0
-9.866
0
0
0
3.296
0
-0.0929998
0
-5.002
0
0
0
-5.23
1
3.41
0
-0.945
1
-1.177
0
-2.374
0
1.485
0
0.307
1
-1.265
1
3.255
0
-3.017
0
-0.809
0
-5.165
0
-5.943
1
1.043
0
-1.589
0
-3.804
1
-3.618
1
2.04
0
-1.486
1
-2.395
1
-0.278
-13.121
0
0.315
0
-1.36
1
1.471
1
1.318
0
3.025
0
-0.504
0
-2.827
0
-0.469
1
-0.268
0
4.964
1
-2.472
1
6.906
0
-4.721
1
-1.373
0
-1.836
1
-2.323
1
-1.503
1
-1.238
0
-6.4
1
-1.049
1
-1.368
0
-4.147
1
5.227
0
-3.475
0
-2.288
0
6.16
0
3.364
1
-8.932
1
-3.004
0
-5.789
1
-9.119
1
-0.52
0
-1.815
1
-4.095
0
0.8
0
-2.46
0
-2.636
0
2.217
1
-2.532
1
-5.056
1
-0.683
0
1.985
1
4.761
1
0.144
1
-13.121
7.659
1
2.706
1
0.224
0
-1.726
0
0.108
0
-0.725
0
1.83
1
0.0770001
0
-2.238
1
0.419
1
1.163
0
-1.548
0
-1.229
0
2.319
1
-0.005
0
3.917
1
0
1
-0.126
1
5.239
1
1.431
0
-2.27
0
1.499
0
5.425
0
-2.688
0
-3.447
1
-7.425
1
6.169
1
-0.00800025
0
-3.365
0
2.647
1
3.051
0
0.628
1
-3.828
1
1.706
0
2.545
0
4.197
1
3.837
0
2.986
0
-1.958
0
-1.501
0
-1.241
0
-0.424
1
-2.4
0
-3.428
1
2.352
0
7.659
-6.878
0
2.98
1
3.926
1
-2.207
1
-4.549
1
-0.651
0
-6.576
1
2.932
0
-9.838
0
-3.04
0
0.495
0
2.656
1
1.893
0
-0.206
0
-5.082
0
0.0669999
1
1.148
1
1.315
0
-0.00999999
1
-0.152
1
1.722
0
2.977
0
-2.932
0
0.87
1
-7.919
1
2.337
1
1.118
0
0.29
0
-10.341
1
1.37
1
-1.768
0
-1.409
0
-10.554
0
1.744
0
1.459
0
3.553
0
-0.685
0
1.688
0
-1.81
0
2.176
1
-0.296
1
-1.627
0
0.783
0
-0.649
1
-2.417
0
-6.878
-27.643
1
2.131
0
-1.209
0
-2.191
0
-0.224
0
-0.765
1
0.0170001
0
-8.526
0
2.279
0
1.23
0
-3.137
0
-1.184
1
-8.726
1
-8.128
0
7.307
0
1.488
1
1.61
0
-2.266
0
0.419
1
-1.024
0
1.508
0
0.395
0
5.891
1
-0.561
1
3.714
0
-4.229
0
0.0900002
1
-1.291
0
-0.489
0
-0.983
0
1.126
0
-6.698
0
0.754
0
-2.543
1
-5.024
0
-3.052
0
-5.754
0
5.492
1
-0.023
1
3.226
0
-3.385
1
0.478
0
-2.341
1
2.764
1
-2.12
0
-27.643
-4.98
0
6.071
1
0.836
0
-3.956
1
3.363
1
-4.436
1
1.009
0
-2.054
1
-6.349
0
-2.244
0
1.995
1
3.841
0
-5.825
1
-2.743
0
2.331
1
0.396
0
2.929
0
0.0630002
1
-1.644
1
-4.726
0
-1.754
0
2.374
1
-3.562
0
3.771
1
3.638
1
-2.726
1
2.167
0
-6.126
0
-0.606
1
-0.442
1
7.829
1
-2.158
0
-2.996
1
2.226
1
-1.949
1
1.533
0
-1.863
1
-3.104
0
1.156
1
-2.554
1
-3.39
1
-1.655
0
-1.454
1
-0.372
0
-2.086
1
-4.98
12.191
0
3.018
1
-0.622
0
4.748
1
3.387
1
4.637
1
2.534
0
1.595
1
1.298
1
-3.785
1
4.269
1
-2.589
0
-6.345
1
2.166
1
0.461
0
-5.7
0
2.238
1
1.27
1
-0.0819999
1
0.118
1
0.045
0
1.473
1
-0.542
0
1.615
1
1.694
0
-2.371
1
-2.532
1
3.496
0
1.45
0
4.309
0
-6.835
0
0.277
1
-2.006
0
-0.601
0
-6.909
1
-1.485
0
0.507
1
-0.781
0
3.344
1
-4.841
1
1.049
0
-0.99
1
-1.717
0
-0.121
0
5.11
0
12.191
5.454
1
-1.073
1
-0.0210001
1
-4.693
0
-7.826
0
2.387
0
-1.27
0
6.246
1
-3.697
1
2.906
0
0.16
1
6.347
1
-0.985
1
-1.739
0
2.36
1
1.329
0
-0.283
1
-1.489
1
0.973
0
-1.574
0
6.039
1
1.495
1
-1.584
1
2.75
1
-4.195
0
-3.128
0
1.706
0
-2.029
0
-4.288
0
2.239
1
-0.264
0
2.082
1
2.393
0
-4.911
1
2.518
0
0.381
0
-0.981
1
-2.437
0
-2.215
1
-1.319
1
1.223
1
-4.8
0
-1.042
0
-2.544
1
1.079
1
5.454
-1.993
1
0.416
0
-0.256
1
-1.96
0
-5.901
1
2.179
1
-5.016
1
-1.097
1
-2.184
0
-1.07
0
1.791
1
0.571
1
3.087
1
-2.427
1
1.241
1
2.32
0
4.597
0
-0.0529999
0
-3.023
0
-2.606
1
-1.229
0
1.522
1
0.671
0
-6.234
0
4.578
1
2.946
0
6.108
1
-1.627
0
1.696
1
3.865
0
-9.964
0
-2.112
0
-0.257
0
-1.547
1
5.523
1
-5.049
0
7.821
0
0.102
1
3.239
1
-1.492
1
2.863
0
-5.05
0
-4.64
1
-2.115
1
-1.46
1
-1.993
-32.425
1
3.638
1
-2.489
0
-3.489
1
-3.553
0
-1.594
1
0.995
0
1.429
0
-2.227
1
-1.692
0
-0.966
0
7.74
0
-4.055
0
-4.468
0
3.217
1
5.531
0
-2.198
0
1.386
0
-5.57
1
1.82
1
0.885
1
0.631
0
1.298
0
1.464
1
-6.328
0
0.869
1
-1.12
1
2.662
1
1.898
1
1.662
0
1.014
0
-0.23
0
2.264
0
0.749
0
-1.04
0
2.209
1
-2.375
1
1.557
0
1.49
0
2.031
1
2.904
0
1.581
0
-2.827
0
0
0
2.972
1
-32.425


4.73
1
-10.429
1
-3.292
0
5.167
1
2.438
0
0.985
1
3.555
0
1.529
0
2.974
1
0.00299978
0
5.114
0
-0.448
1
-5.253
1
0.218
1
0.726
0
-1.699
1
-0.426
0
-4.394
0
4.652
0
0.49
1
-1.417
0
-4.605
1
-1.177
1
-2.891
1
-1.924
0
2.364
0
-0.824
1
0.284
0
-1.993
1
-2.308
1
-3.354
1
2.347
1
0.379
0
-0.667
1
5.305
0
-1.095
0
-3.097
0
3.18
1
2.131
0
4.353
0
-2.235
0
0.0669998
0
-6.999
1
-8.743
0
-2.822
0
4.73
1.623
0
0
1
-0.776
0
2.155
1
0.322
1
-2.628
1
-2.108
1
2.263
1
-3.598
0
-2.072
0
-5.818
1
-4.044
0
0.386
1
-1.47
1
0.092
1
-0.332
1
-2.478
1
0.725
0
-4.259
1
2.677
1
0.444
1
-4.809
1
-5.983
1
-3.767
1
7.538
1
0.713
0
-2.006
0
-2.832
0
-4.313
0
0.608
1
0.188
1
0.368
0
-9.87
1
2.834
1
-3.554
0
-3.108
0
5.227
0
-4.981
1
1.527
0
2.432
1
1.977
0
-2.038
0
-0.0170002
1
-2.942
0
-3.357
1
1.623
15.665
0
-12.22
0
0.31
1
-3.404
1
-4.915
0
3.399
1
0.0970001
0
-1.174
1
4.264
1
-2.455
1
0.562
0
2.289
0
-4.165
1
1.113
0
-4.257
0
1.42
0
3.811
1
2.625
1
0.694
1
0.843
0
1.018
1
-1.787
0
3.18
0
-4.272
1
2.438
0
-2.314
0
-3.066
0
-2.805
1
1.424
0
-2.036
0
-5.582
1
-1.8
1
-1.18
0
-5.427
1
1.044
0
0.209
1
0.567
0
-2.299
1
-2.746
1
-0.256
0
2.895
0
1.138
0
-9.735
1
-0.376
1
-5.388
0
15.665
8.289
1
-0.00300014
0
-0.375
0
-3.476
0
3.531
0
8.597
1
1.416
0
-3.306
0
0.497
0
0.075
1
-0.737
0
-3.073
1
-1.3
1
2.436
1
-3.191
0
-2.443
0
1.988
0
-1.009
1
-2.176
1
-5.277
0
-0.768
1
-3.047
1
-3.137
0
4.049
0
1.329
1
-1.755
0
-4.225
1
1.771
0
2.024
0
7.24
0
-3.912
1
-4.405
1
-0.267
1
1.034
1
-1.631
1
-0.25
0
-4.574
0
-3.981
0
0.879
1
-3.706
1
-0.94
0
-3.578
0
3.389
0
-0.735
0
1.066
0
8.289
-8.269
0
-4.568
0
8.421
0
-0.547
0
-2.73
1
5.79
0
3.497
1
-8.646
0
-0.55
0
-4.867
1
-1.801
0
-3.214
0
0.779
0
0.603
0
-3.263
0
-6.565
0
-1.446
0
0.299
1
1.748
1
-2.153
0
3.41
1
-2.479
1
-1.961
1
0.118
0
-4.507
1
-0.718
1
-5.527
1
0.48
0
0.0399998
0
4.803
1
2.169
1
-0.922
1
6.456
1
3.826
1
-2.694
0
3.943
1
-0.0989997
0
2.722
0
2.561
1
-0.306
1
0.855
0
1.881
0
-0.593
0
0.793
0
5.582
0
-8.269
-0.896
0
4.333
1
-1.511
0
6.92
0
1.187
0
-6.182
0
5.814
1
0
1
2.242
0
-0.452
0
-3.858
1
3.434
1
2.776
0
-1.571
0
-4.112
0
1.509
1
-1.252
1
0.845
0
1.966
0
-4.041
1
2.467
0
1.267
0
-2.935
1
0
0
-2.4
1
-8.023
0
-1.685
1
0
0
-1.989
0
-0.107
0
0.872
1
-1.6
0
-4.229
1
-2.246
0
0.255
0
1.986
1
1.253
1
1.53
0
2.29
0
-1.641
1
-2.064
0
0.159
1
0.635
0
1.673
1
1.112
1
-0.896
-58.958
1
-1.341
1
0.854
0
2.489
0
0.925
0
1.47
1
8.156
1
-4.631
0
5.059
1
3.371
0
3.465
0
-6.09
1
-4.331
1
-2.604
1
4.309
0
-2.401
0
4.153
1
1.617
0
0.786
1
9.549
1
-1.417
0
-3.61
0
-6.965
0
1.654
0
-1.556
0
1.296
1
4.178
1
3.992
0
-3.794
0
-0.679
1
2.989
1
-2.5
0
-2.407
1
-6.043
0
2.869
1
-0.204
0
3.465
1
-5.629
0
-4.496
1
-4.24
1
-1.716
1
0.159
0
2.372
1
1.891
0
-3.147
0
-58.958
1.492
0
0.069
1
0.712
1
0.542
0
-6.78
0
-4.454
1
-0.427
1
1.433
1
2.883
1
9.77
1
-0.0929999
0
-3.311
1
-0.447
0
1.225
1
1.756
0
2.924
0
-0.948
0
2.535
0
-0.678
1
8.753
0
-6.819
1
3.147
1
-0.848
1
-4.858
0
-1.324
0
-5.873
0
-1.155
0
-4.762
1
-4.828
0
-1.418
1
-10.872
1
1.285
0
9.122
0
7.078
1
1.751
0
3.944
0
-1.408
1
2.992
0
-0.761
1
0.765
1
-2.092
1
-0.0389998
0
0.427
1
0.491
1
-0.234
1
1.492
-47.243
1
-2.773
0
2.11
1
-5.174
1
-5.702
1
2.838
1
0.518
0
-1.127
0
-0.768
1
-0.571
0
1.799
0
0.202
0
-5.048
0
-2.597
1
-0.382
0
0.0010004
1
-5.103
0
-2.554
0
-2.963
1
-3.266
1
-4.426
1
4.6
1
-3.239
1
1.589
1
2.262
0
1.203
0
3.573
1
-4.544
0
-2.316
0
3.543
1
-4.953
1
-4.073
0
2.785
1
3.926
0
4.55
1
-6.832
0
3.55
0
1.269
1
-1.546
1
-4.74
0
3.09
0
1.479
1
-0.123
1
-3.974
0
-1.632
1
-47.243
-1.521
1
-7.461
0
-1.08
0
-1.481
0
-5.233
0
-5.703
1
-4.037
0
0.04
0
5.914
1
1.307
1
-2.717
1
2.534
1
3.191
1
-5.104
0
-2.944
0
7.103
0
6.697
1
-2.187
0
-1.034
1
-0.188999
0
-2.781
0
-1.83
1
-3.493
1
-7.841
1
-0.893
1
2.165
1
-4.836
0
-1.927
0
1.828
1
3.653
0
-2.374
0
-1.317
1
-5.826
1
5.173
0
2.485
1
-1.522
0
-1.379
1
-0.0799999
0
3.377
0
-4.301
0
-1.52
0
-1.746
0
-6.612
1
-0.82
0
-3.099
1
-1.521


-2.455
0
5.206
1
0.02
0
-2.136
0
5.184
0
2.226
0
0.623
1
-2.621
1
-0.0179999
0
-3.656
0
-4.917
1
-6.643
0
-5.81
0
-3.579
1
0.882
0
-1.97
0
-4.275
1
0
0
3.212
0
2.831
0
-5.136
0
-2.403
0
-0.685
0
1.431
0
0.28
0
5.473
0
-6.765
1
-2.063
0
-0.923
0
1.003
0
-2.978
1
0
0
0.606
0
-2.395
0
-5.076
0
6.438
0
-1.096
0
-3.146
0
1.343
0
-4.745
0
-1.358
0
-1.705
1
-0.00699997
0
-0.547
0
-0.435
1
-2.455
-3.327
0
5.44
0
-3.864
0
5.139
0
-6.164
0
-2.357
0
-2.055
0
-1.475
0
0
0
1.115
0
0.758
1
-2.151
0
2.477
0
6.202
1
0.789
0
-1.919
1
-2.189
0
-2.631
0
-0.864
0
-1.411
0
0.95
0
2.863
0
2.607
1
0.59
0
1.43
0
-0.287
0
0.698
0
2.849
0
-0.817
0
-3.866
0
3.405
0
3.106
0
-1.989
0
-1.588
0
-3.105
0
-0.708
0
-0.995
0
-3.286
0
-0.35
0
1.316
0
6.442
0
-4.096
0
-11.566
0
0.61
0
4.044
0
-3.327
0.449001
0
2.926
1
-0.429
0
2.674
0
0
0
0.334
0
-0.383
0
0.326
1
2.224
0
3.196
0
5.838
1
5.03
0
-4.967
0
1.412
1
-4.017
0
-4.661
0
-0.459
0
-2.776
0
-1.089
0
2.274
0
-2.388
0
-4.937
0
-1.648
0
0
0
1.706
0
-5.216
0
-0.208
0
-6.938
0
-3.167
0
-0.942
0
-4.515
0
3.694
0
-1.55
0
3.049
0
-1.007
0
8.872
0
-0.842
0
3.857
0
-3.087
0
-5.602
1
-0.0569999
0
-5.149
0
-4.139
0
0.0870001
0
0.747
1
0.449001
1.982
0
-2.794
0
-1.16
0
0.454
1
2.815
0
-8.78
1
0.769
0
0.439
0
0.558
0
1.642
0
3.925
1
4.97
1
-2.171
1
-3.189
0
6.339
1
0
0
-2.003
0
4.574
0
-3.385
1
0.036
0
0.193
0
4.69
0
0.764
0
2.672
1
0.04
1
0.163
0
-2.82
0
-0.347
0
-4.755
0
-0.963
0
1.407
0
-6.754
0
-0.855
1
0
0
-4.878
1
0
0
2.245
0
-1.122
0
2.667
0
0.593
0
1.992
0
0.538
0
3.396
0
1.994
0
0.273
0
1.982
