

0
0
0
0
0
0
0
0
0
0
0
0
0
0
0
0
0
0
0
0
0
0
0
0
0
0
0
0
0
0
0
0
0
0
0
0
0
0
0
0
0
0
0
0
0
0
0
0
0
0
0
0
0
0
0
0
0
0
0
0
0
0
0
0
0
0
0
0
0
0
0
0
0
0
0
0
0
0
0
0
0
0
0
0
0
0
0
0
0
0
0
0
0
0
0
0
0
0
0
0
0
0
0
0
0
0
0
0
0
0
0
0
0
0
0
0
0
0
0
0
0
0
0
0
0
0
0
0
0
0
0
0
0
0
0
0
0
0
0
0
0
0
0
0
0
0
0
0
0
0
0
0
0
0
0
0
0
0
0
0
0
0
0
0
0
0
0
0
0
0
0
0
0
0
0
0
0
0
0
0
0
0
0
0
0
0
0
0
0
0
0
0
0
0
0
0
0
0
0
0
0
0
0
0
0
0
0
0
0
0
0
0
0
0
0
0
0
0
0
0
0
0
0
0
0
0
0
0
0
0
0
0
0
0
0
0
0
0
0
0
0
0
0
0
0
0
0
0
0
0
0
0
0
0
0
0
0
0
0
0
0
0
0
0
0
0
0
0
0
0
0
0
0
0
0
0
0
0
0
0
0
0
0
0
0
0
0
0
0
0
0
0
0
0
0
0
0
0
0
0
0
0
0
0
0
0
0
0
0
0
0
0
0
0
0
0
0
0
0
0
0
0
0
0
0
0
0
0
0
0
0
0
0
0
0
0
0
0
0
0
0
0
0
0
0
0
0
0
0
0
0
0
0
0
0
0
0
0
0
0
0
0
0
0
0
0
0
0
0
0
0
0
0
0
0
0
0
0
0
0
0
0
0
0
0
0
0
0
0
0
0
0
0
0
0
0
0
0
0
0
0
0
0
0
0
0
0
0
0
0
0
0
0
0
0
0
0
0
0
0
0
0
0
0
0
0
0
0
0
0
0
0
0
0
0
0
0
0
0
0
0
0
0
0
0
0
0
0
0
0
0
0
0
0
0
0
0
0
0
0
0
0
0
0
0
0
0
0
0
0
0
0
0
0
0
0
0
0
0
0
0
0
0
0
0
0
0
0
0
0
0
0
0
0
0
0
0
0
0
0
0
0
0
0
0
0
0
0
0
0
0
0
0
0
0
0
0
0
0
0
0
0
0
0
0
0
0
0
0
0
0
0
0
0
0
0
0
0
0
0
0
0
0
0
0
0
0
0
0
0
0
0
0
0
0
0
0
0
0
0
0
0
0
0
0
0
0
0
0
0
0
0
0
0
0
0
0
0
0
0
0
0
0
0
0
0
0
0
0
0
0
0
0
0
0
0
0
0
0
0
0
0
0
0
0
0
0
0
0
0
0
0
0
0
0
0
0
0
0
0
0
0
0
0
0
0
0
0
0
0
0
0
0
0
0
0
0
0
0
0
0
0
0
0
0
0
0
0
0
0
0
0
0
0
0
0
0
0
0
0
0
0
0
0
0
0
0
0
0
0
0
0
0
0
0
0
0
0
0
0
0
0
0
0
0
0
0
0
0
0
0
0
0
0
0
0
0
0
0
0
0
0
0
0
0
0
0
0
0
0
0
0
0
0
0
0
0
0
0
0
0
0
0
0
0
0
0
0
0
0
0
0
0
0
0
0
0
0
0
0
0
0
0
0
0
0
0
0
0
0
0
0
0
0
0
0
0
0
0
0
0
0
0
0
0
0
0
0
0
0
0
0
0
0
0
0
0
0
0
0
0
0
0
0
0
0
0
0
0
0
0
0
0
0
0
0
0
0
0
0
0
0
0
0
0
0
0
0
0
0
0
0
0
0
0
0
0
0
0
0
0
0
0
0
0
0
0
0
0
0
0
0
0
0
0
0
0
0
0
0
0
0
0
0
0
0
0
0
0
0
0
0
0
0
0
0
0
0
0
0
0
0
0
0
0
0
0
0
0
0
0
0
0
0
0
0
0
0
0
0
0
0
0
0
0
0
0
0
0
0
0
0
0
0
0
0
0
0
0
0
0
0
0
0
0
0
0
0
0
0


-0.196
0
1.212
0
-4.573
0
3.139
1
0
1
-2.404
0
5.879
0
-9.111
0
-0.887
0
0.682001
0
-3.141
1
0.626
0
1.665
0
-4.13
0
1.517
0
0.462001
0
2.367
0
-4.599
0
-6.126
0
1.595
0
3.751
1
1.875
0
0.0259998
1
-9.66
1
1.778
1
4.829
1
-8.982
1
1.561
1
3.659
1
-0.632
1
0.241
0
-4.016
0
3.574
1
-8.305
0
-7.509
0
-0.847
1
-10.681
0
-3.406
0
-3.254
1
-2.728
1
-4.983
0
-1.912
0
2.773
0
-4.322
1
3.403
1
-0.196
-1.335
0
-1.154
0
-2.344
1
-1.638
0
-1.914
1
0.22
0
-5.226
0
-4.585
0
-10.929
0
-4.908
0
9.059
0
1.602
0
-3.551
1
-0.0699997
1
-4.345
0
-3.745
1
-1.247
1
-1.293
0
0.744
1
5.919
1
1.533
1
0.0150001
0
3.743
1
-6.505
1
2.165
0
-4.562
0
-15.131
0
9.529
1
3.054
0
-1.696
1
-2.421
1
2.074
1
-1.805
0
-6.632
1
0.488
1
-1.549
0
-7.506
0
-5.655
0
-10.477
1
2.667
1
-6.396
1
-3.642
0
3.633
1
3.925
0
6.8
1
-1.335
14.31
1
8.322
0
-29.142
1
-17.701
1
4.025
1
-1.533
0
-0.991
1
1.596
0
2.569
1
-44.561
1
-30.306
0
0.396
0
-0.186
1
0.853
1
-5.438
0
-7.813
0
-3.698
1
3.037
0
-4.902
0
5.517
1
8.225
1
4.727
1
5.24
1
-1.951
0
-9.639
0
2.983
1
-3.187
0
-0.963
0
-0.784
0
-4.203
1
0.406
1
1.231
1
-4.208
1
0.0150001
0
-1.934
0
4.969
1
3.315
0
1.777
0
2.737
0
-1.175
1
-1.943
0
-0.151
0
-1.755
0
9.374
1
6.059
1
14.31
-20.638
1
0.0849999
1
2.647
1
1.998
1
1.379
0
-9.349
1
-0.965
0
-2.6
0
0.448
0
-0.359
1
1.976
0
-1.881
1
0.577
1
-0.755
1
-2.951
0
-7.274
0
-0.768
0
-10.183
1
-4.511
0
-3.117
1
-0.897
0
-0.727
0
-4.388
0
-0.464
0
-1.805
1
-5.426
0
1.287
0
-3.97
1
-3.423
1
-6.061
1
1.267
0
-3.769
1
-3.323
1
-3.507
1
-5.679
0
4.113
0
-3.137
0
6.11
0
-0.331
1
-3.765
0
-1.029
1
-7.272
1
-6.219
0
-5.636
1
0.409999
1
-20.638
-0.479999
0
0.586
1
10.971
1
0.367
1
0.0149999
0
4.223
1
0.294
0
-1.037
1
-0.344
1
3.607
0
-0.558
0
-6.043
0
-3.902
0
3.764
0
0.253
0
1.3
1
4.653
1
-4.965
1
-1.927
0
-9.224
0
-2.659
1
2.495
1
-2.241
1
-1.541
0
-2.543
0
1.833
0
-4.001
1
-2.19
0
1.22
0
-6.105
1
-6.589
0
-15.715
0
5.339
1
2.398
0
-4.166
1
-2.178
1
-8.118
0
-11.299
1
-9.504
0
-8.343
0
-0.0929997
0
-2.92
0
1.359
1
2.222
1
-4.387
0
-0.479999
12.395
1
-2.872
1
4.359
0
-10.238
1
2.912
1
-1.739
0
-18.21
0
-2.532
1
-1.901
0
2.47
0
-3.916
0
-5.975
0
2.617
0
-4.795
0
-0.676
0
8.647
1
2.339
1
0.95
1
-8.384
0
-4.153
0
4.067
0
-1.639
1
8.614
1
-5.474
1
0.151
1
1.508
0
0.397
0
2.555
0
-2.43
0
-10.592
1
0.909
1
-0.298
0
-0.34
1
-6.042
0
3.49
0
1.483
0
10.512
1
2.763
1
2.021
1
-2.376
1
0.149
1
-3.167
0
0.551
1
0.993
0
2.671
1
12.395
-56.263
0
5.512
0
3.16
1
0.461
0
-6.15
0
5.159
1
-4.69
1
-2.274
0
2.599
1
-4.798
0
2.947
1
-3.688
1
1.876
0
1.825
1
-6.668
0
0.834
1
-3.456
1
-3.887
1
-3.437
0
-2.903
1
-5.525
1
-0.391
0
-4.434
0
-0.386
0
-0.734
1
2.502
1
-3.05
0
2.003
0
5.177
1
6.113
1
4.127
0
-6.025
0
-1.119
1
1.534
0
-2.626
1
2.636
0
-3.868
1
-0.619
0
2.185
1
1.2
1
0.594
1
-1.878
0
3.426
0
0.999
0
0.0869999
1
-56.263
-70.992
1
-3.446
0
1.967
1
-13.671
0
-7.538
0
-2.015
1
2.732
1
0.049
1
-2.707
0
-8.184
1
-5.339
0
-6.784
1
-1.75
0
-7.716
1
-2.527
1
-6.87
0
4.537
1
-0.454
1
-1.68
0
6.707
0
-4.919
1
5.516
1
-3.934
0
0.95
0
0.511
0
9.481
1
-1.735
0
-1.878
1
-5.78
1
-1.094
1
0.683
0
-1.522
0
-13.785
0
-5.759
0
5.801
0
3.219
0
-5.857
0
0.028
0
-1.883
0
8.735
1
0.719
1
-8.197
0
-2.438
1
1.388
0
1.757
0
-70.992
-4.489
0
0.451
0
-2.064
1
-1.83
0
-4.367
0
-1.301
0
1.57
1
-4.586
0
-2.804
0
0.702
1
-3.461
0
-8.305
1
0.157
1
3.01
1
0.0860001
1
-2.486
0
-3.303
0
5.248
0
-2.331
0
5.192
1
-2.45
0
3.013
1
-3.465
1
-7.898
0
0.185999
0
7.44
0
0.395
1
3.009
0
-5.614
1
-11.408
1
-6.157
1
-2.414
0
-2.64
1
2.687
0
-0.898
0
1.359
0
5.8
0
-5.975
0
-6.382
1
-11.066
1
6.023
1
3.443
1
-1.466
1
-1.804
0
-4.375
0
-4.489
-0.795
1
-0.258
0
3.393
0
6.457
0
-5.665
0
-10.255
0
-9.497
0
-2.757
0
1.9
0
-1.758
1
6.71
1
-3.653
1
-8.73
1
-3.856
1
3.028
0
-2.729
0
1.301
0
1.64
1
-5.825
0
6.017
1
2.268
1
-4.378
1
-1.31
0
-5.299
0
0.368
0
-1.423
0
-4.832
0
-0.388
0
-1.169
0
1.203
0
-1.208
0
-2.257
1
-6.23
1
3.194
0
0.947
1
5.855
0
-1.361
1
0.387
1
-10.719
1
-1.91
1
-0.425
0
-3.256
1
1.974
1
-2.011
1
3.825
1
-0.795


-0.278
0
4.621
1
-0.158
0
-6.543
0
-0.831
0
-0.51
0
-3.192
0
-1.632
0
-0.793
1
3.373
0
-5.225
1
3.009
0
-0.482
1
6.263
0
0.964
1
1.139
0
-7.033
0
4.212
0
-0.829
0
-5.922
0
-3.626
0
2.714
0
-1.104
0
-3.939
0
-5.669
1
-6.396
1
5.827
0
-3.755
1
-1.177
0
-1.25
0
1.665
0
-4.363
1
-4.364
0
2.336
0
-3.017
0
-0.207
0
-7.325
0
-4.767
0
-3.149
1
-4.04
0
-7.074
1
-1.657
0
1.874
1
1.547
1
-5.048
1
-0.278
-19.077
0
-1.449
0
-3.417
1
-1.303
1
-2.732
1
3.392
1
-3.559
1
-6.306
1
-0.193
0
-1.895
0
2.698
1
-4.005
1
8.482
1
-8.724
0
-3.022
1
0.398
1
-0.854
1
-4.196
0
0.342
1
-5.376
1
0.0929999
0
-0.787
0
-7.356
1
5.423
1
-1.614
1
-0.355
0
6.944
0
-0.149
0
-8.331
0
-2.284
1
-9.395
0
-9.068
0
-2.77
1
1.35
1
-1.713
1
-0.545
0
-4.796
1
-4.916
1
2.698
0
-2.532
1
-3.154
1
-5.397
0
1.985
0
2.687
0
-1.573
0
-19.077
7.622
1
2.706
1
0.224
0
0.847
0
-0.823
0
-0.725
0
0.0600001
1
0.0770001
0
-2.36
1
0.419
1
1.163
0
-3.287
1
-6.737
1
4.084
0
3.294
0
4.687
0
2.902
1
-0.126
1
5.239
1
1.431
0
-3.894
0
3.747
0
7.955
0
-2.797
0
-1.164
1
-9.584
1
6.957
1
1.411
0
-4.83
1
3.519
0
3.712
0
-1.483
1
-1.889
1
2.892
1
4.73
0
5.868
1
0.195
1
-2.751
0
-0.182
0
-5.386
1
2.557
0
-3.278
0
-1.083
1
0.449
1
5.414
1
7.622
-5.055
1
2.705
0
3.9
1
2.206
0
-9.002
0
0.945
0
-9.299
0
-1.884
0
-7.558
0
-1.404
1
-4.073
1
-1.923
0
-3.08
1
1.927
1
-9.645
1
1.046
0
0.864
1
11.708
0
0.401
1
0.961
1
3.567
0
4.557
1
-4.959
0
1.697
0
-1.688
1
-1.695
0
1.9
1
-0.542
1
-14.063
1
0.502
0
-7.005
1
-4.408
1
-14.821
1
-0.447
0
-1.232
1
0.998
1
-2.266
1
2.312
0
1.367
0
5.273
0
1.815
0
1.041
1
-0.172
0
-1.634
0
-4.556
0
-5.055
-53.835
1
6.321
1
-1.511
0
-0.439
0
0.687
1
3.504
1
0.314
0
-6.499
1
-0.935
1
-1.128
0
-6.382
0
-0.944
1
-16.313
1
-8.946
1
6.42
0
0.89
0
4.021
0
-4.519
1
2.968
1
-2.442
1
-5.628
0
1.125
0
6.161
0
-3.548
0
6.165
0
-4.229
0
-5.612
0
0.576
1
-5.795
1
-2.287
0
-0.629
1
-3.646
0
-1.19
1
-2.543
1
-3.941
0
-2.764
0
-9.402
0
3.723
0
3.901
0
0.345
1
0.5
1
0.478
0
-1.088
1
4.968
0
-2.12
0
-53.835
-10.941
0
9.126
0
-0.472
0
-5.278
0
4.077
0
-3.827
1
-3.346
0
-4.214
1
-8.232
0
-4.853
0
3.481
0
2.45
0
-3.002
1
-2.106
1
3.486
0
-1.503
0
0.688
1
-2.649
1
-0.0620002
1
-5.006
0
-0.24
0
2.374
1
-5.985
0
5.112
1
3.367
0
-2.952
0
0.943
1
-12.945
1
-0.349
1
-0.974
1
7.838
0
-6.36
0
-5.896
1
2.89
0
-2.502
1
5.156
1
-1.205
0
-2.735
0
-4.582
0
-0.957
1
-3.406
0
-1.876
1
0.27
0
-0.372
1
-1.133
1
-10.941
-2.319
0
-1.1
0
5.399
1
1.136
0
0.217
0
5.48
1
0.538
0
4.969
0
1.298
1
-3.567
1
2.528
1
-7.1
0
-3.36
0
1.267
1
0.766
1
-3.856
0
-0.18
1
1.27
1
0.477
0
0.118
1
2.619
1
0.689
1
-1.926
0
-3.69
0
0.0189999
0
-1.535
0
-4.926
0
2.374
1
3.427
1
2.568
1
-8.839
0
3.539
0
2.809
0
4.51
1
-6.067
1
0.819
0
-1.535
0
-0.00199974
1
4.64
1
-3.12
0
1.049
0
-2.269
1
-3.731
0
-4.662
1
-4.205
0
-2.319
-1.434
1
-2.21
0
-2.189
1
-2.763
0
-6.554
0
2.642
1
-0.681
1
5.898
0
-4.25
1
4.18
0
-0.567
0
9.034
1
2.792
0
-1.651
1
2.704
1
4.848
1
-1.375
0
-1.319
1
2.558
1
-2.589
1
7.286
0
-6.288
0
-1.363
0
2.766
0
-3.244
0
-1.217
0
3.143
1
-2.029
1
-3.145
1
0.99
0
-1.805
0
-1.418
1
2.42
0
-6.74
1
0.652
1
0.387
1
-0.676
0
-1.172
0
0.131
1
-8.098
1
1.792
1
-6.682
0
-6.012
1
-10.203
1
0.877
0
-1.434
-7.242
0
-1.561
0
-1.513
0
-2.763
0
-4.634
0
1.146
1
-8.29
1
-0.104
0
-7.693
1
-0.592
0
1.581
0
6.683
1
4.155
1
0.254
1
-0.738
1
-1.495
1
6.923
0
1.886
1
0.295
1
-3.781
0
-3.812
1
0.676
1
-2.056
0
-4.189
0
4.795
0
3.328
0
10.226
1
0.491
0
0.0289999
1
8.413
1
-11.551
1
-0.342
0
-2.309
1
-1.358
0
2.422
0
-2.158
0
9.157
1
0.102
1
5.527
1
-3.76
0
4.263
0
-5.05
0
-5.481
1
-2.796
0
-5.763
0
-7.242
-47.558
0
5.11
0
-2.507
0
-4.064
1
-3.942
0
-0.797
1
3.371
1
2.472
1
-4.384
1
-3.457
1
-0.966
0
7.74
1
-6.554
0
-4.335
0
-0.501
0
8.201
0
-0.113
1
-2.431
1
-8.004
1
1.82
1
0.374
0
6.159
0
-1.076
1
-1.351
1
-12.567
1
0.442
1
-2.602
0
8.25
0
-0.598
1
-0.564
1
-2.615
1
4.2
0
6.489
0
-2.903
0
-5.9
0
-5.807
1
-4.689
1
4.42
0
3.821
1
3.597
1
5.036
1
3.112
0
-2.502
0
-0.117
1
-0.847
0
-47.558


-6.599
1
-7.701
0
-3.292
0
4.311
1
2.69
0
-2.743
1
1.84
1
1.89
1
4.143
0
2.073
1
5.392
0
-0.448
1
-3.548
1
-0.725
1
1.096
1
0.0799999
1
-1.857
0
-3.69
1
2.758
0
5.454
1
-1.352
0
-7.413
0
-3.786
1
-5.763
0
-2.687
0
3.412
0
-1.674
1
-1.422
1
-4.185
1
-0.275
0
-0.181
0
0.158999
0
0.0760002
0
-2.76
1
10.358
0
2.737
0
-2.265
1
-0.531
1
1.737
1
-0.805
0
-5.828
1
-4.261
1
-7.624
0
-9.803
0
-0.209
0
-6.599
-8.479
1
-0.854
1
-0.311
1
7.412
1
0.172
0
-5.121
1
-2.108
1
-3.118
1
-3.598
1
-2.616
1
-4.408
1
-4.063
1
-6.253
0
-1.113
0
0.092
0
2.963
0
-0.593
1
-0.881
1
-3.58
1
3.366
0
-1.233
1
-8.585
1
-4.737
1
1.55
1
8.838
0
6.756
1
-1.811
0
-1.343
1
-4.62
0
-1.665
1
2.345
1
6.446
0
-7.853
0
2.395
0
-5.402
1
-2.528
1
5.227
0
-5.901
1
3.976
0
2.928
0
4.102
0
4.265
0
-0.0170002
0
-7.828
1
-7.533
1
-8.479
-16.06
1
-12.649
0
-1.123
0
-5.177
0
-5.627
0
2.898
1
-3.275
1
-0.543
1
-2.188
1
-5.641
1
3.033
0
-0.775
1
-5.253
0
-0.17
0
-3.182
1
4.477
1
0.165
0
3.323
1
2.994
1
1.536
1
1.95
0
-1.787
0
1.682
1
-3.011
1
5.808
0
-1.98
0
-5.905
0
-5.863
0
0.0109996
1
-2.031
1
-5.744
0
-6.012
0
-4.618
0
-7.288
0
3.458
1
-5.339
0
-1.992
0
-2.299
0
-1.685
0
-5.273
0
5.091
1
4.684
0
-9.735
0
-0.777
1
-6.658
1
-16.06
-18.323
1
-0.85
1
4.208
1
-3.682
0
2.375
0
9.356
0
1.688
0
-0.0759999
0
-3.429
1
-0.711
0
-0.469
1
-0.959
0
-2.533
1
1.082
0
-4.753
1
-2.456
1
1.01
0
-0.988
1
-2.266
0
-9.9
0
-0.879
1
-2.241
0
-3.222
1
1.883
0
0.938
1
-5.379
1
-3.713
1
-1.668
0
1.424
1
8.09
0
-1.62
1
-4.584
1
2.164
0
-0.272
0
-2.13
0
-0.25
0
-3.685
0
-1.341
1
4.671
0
-3.609
1
0.902
0
-0.0140002
0
-0.793
1
-1.838
1
-0.0210001
1
-18.323
-40.116
1
-2.203
0
9.371
1
-2.24
0
-1.545
0
5.308
1
2.031
0
-11.112
1
1.579
0
-5.571
1
-1.503
1
-0.907
1
-0.772
0
-0.107
1
0.531
1
-7.934
1
1.732
1
1.575
1
3.874
0
0.714
1
2.111
1
-5.07
0
-3.837
0
1.013
1
-3.798
0
2.434
0
-3.714
1
1.281
0
-1.824
0
4.608
1
0.162
0
-0.576
1
9.369
0
1.167
1
-2.368
1
1.932
0
-3.772
0
2
0
0.863
1
-0.0929998
1
3.487
1
2.188
0
-1.896
0
4.596
0
7.88
1
-40.116
-8.931
0
3.558
0
-0.275
0
11.025
1
0.601
0
-5.545
0
8.534
0
-2.046
1
2.496
0
-0.909
0
-6.639
0
-4.696
0
4.909
0
-1.571
1
-2.508
1
0.983
1
-1.491
1
0.283
0
2.861
0
-2.437
0
-0.701
0
1.395
0
-8.277
1
-0.196
0
-2.618
1
-10.455
1
-1.428
0
0
0
-8.549
1
-0.637
0
1.454
1
-2.456
0
-3.423
1
-4.603
1
-0.957
1
3.329
0
2.562
0
1.427
0
1.612
1
-6.557
1
-1.213
0
3.103
0
0.884
0
-2.271
0
0.0200001
1
-8.931
-69.694
1
-2.663
1
0.854
1
1.879
1
0.925
1
3.606
0
13.526
0
-5.41
0
7.911
0
3.486
1
-0.582
0
-6.463
1
-5.621
1
-3.531
0
7.938
0
-8.286
1
1.276
0
1.239
1
0.122
0
6.091
1
-1.343
0
-6.099
0
-2.207
1
0.0630001
0
-4.016
1
-4.126
0
0.254
1
10.555
0
-11.113
0
4.955
1
4.296
0
-4.487
0
-2.407
1
-7.083
0
1.844
0
2.924
0
2.553
0
-8.488
0
-2.014
1
-2.887
0
-3.673
0
-1.651
0
1.782
1
4.146
0
-3.206
1
-69.694
-4.942
1
-0.249
1
1.247
1
-3.679
0
-5.9
0
-4.627
1
0.714
0
1.826
1
-0.123
1
12.737
0
0.125
0
-4.399
1
-0.447
0
0.164
0
5.351
1
-0.121
0
0.746
0
-0.205
0
-2.234
1
8.753
0
-6.463
0
2.385
1
0.444
1
-7.522
1
-0.875
1
-2.622
0
-2.171
0
-2.449
1
-6.761
0
-2.986
1
-12.055
0
1.814
0
9.171
0
6.583
0
0.588
1
1.924
0
4.14
1
5.32
0
-1.352
1
2.544
1
-0.304
1
-3.743
1
4.37
1
1.066
0
-2.742
1
-4.942
-46.443
1
-8.939
0
3.953
1
-1.541
0
-7.239
0
-2.9
0
-2.886
1
-2.711
1
-0.623
1
-6.31
1
3.472
0
-1.822
0
-5.198
0
-3.915
0
-3.836
0
-4.949
1
-9.932
1
-1.201
1
-2.44
0
-4.197
1
-3.863
0
1.684
0
-5.049
1
2.401
0
3.541
1
2.903
1
-1.076
1
-0.755
1
-5.003
1
0.453
1
-3.683
0
1.408
0
0.794
1
0.316
0
3.645
0
-7.157
0
3.044
1
1.606
1
-0.413
1
-6.988
0
6.151
1
1.103
0
0.438
1
-5.482
0
-2.908
1
-46.443
-13.128
0
-5.621
1
-0.148
1
-3.312
0
-6.256
0
-5.703
0
-0.978
1
-1.237
1
4.77
0
-1.082
0
2.141
0
6.987
1
0.443
1
-5.915
1
-2.171
0
5.533
0
7.391
1
-2.098
0
0.888
1
5.213
1
-4.164
1
-3.637
1
-1.423
0
-5.392
1
-1.144
0
6.996
1
-7.035
0
-3.287
1
2.269
1
3.313
1
-3.197
1
-0.107
1
-4.212
1
6.761
0
4.522
0
-1.044
0
-0.199999
0
-4.291
0
0.119
0
0.416
1
0.218
0
-3.16
0
-3.567
0
-1.106
0
-1.774
0
-13.128


-2.455
0
1.48
1
0.02
0
-2.247
0
4.27
0
-0.255
0
0.328
1
-2.621
0
-0.854
0
-6.248
0
-7.593
1
-9.071
1
-7.06
0
-3.579
0
3.057
0
1.182
0
-6.468
0
0.431
0
4.034
0
4.669
0
-6.694
0
-0.208999
0
5.791
0
2.794
0
-0.767
0
15.15
0
-2.467
1
-2.063
0
-3.78
0
1.688
0
-2.168
1
0
0
0.854
0
-4.343
0
-3.12
0
4.683
0
-5.917
0
-4.461
0
0.221
0
-2.093
0
-8.228
0
1.459
1
-0.00699997
0
-1.451
0
-2.417
0
-2.455
-3.327
0
3.232
0
-4.513
0
6.986
0
-11.541
0
-9.957
0
-3.848
0
-4.687
1
0
0
5.029
0
1.255
1
-2.842
1
3.984
0
2.747
0
-4.617
0
-1.919
1
-2.189
0
-4.876
0
-0.764
0
0.989
0
1.744
0
3.671
0
4.572
1
0.59
0
0.531
0
-1.973
0
-3.516
0
-0.531
0
-3.027
0
-6.085
0
3.405
0
6.623
0
-1.989
0
-0.475
0
-5.455
0
-4.815
0
2.156
0
-1.235
0
-1.892
0
-0.84
0
3.565
0
-8.141
0
-18.952
0
0.00899982
0
5.458
1
-3.327
0.449001
0
1.412
1
-0.429
0
-0.897
0
4.319
0
1.887
0
0.382
0
-1.843
1
2.224
0
3.906
0
2.405
0
2.899
1
-6.281
1
0.962
0
-3.132
0
-5.298
0
-0.0129997
0
-5.476
0
2.621
0
2.522
0
0.738
0
-0.557
0
-5.717
0
-4.478
0
0.519
0
-6.512
0
-0.635
0
-7.757
0
-2.456
0
2.24
0
-6.298
0
7.375
0
-4.174
0
9.034
0
-0.769
0
9.284
0
1.392
0
2.441
0
-3.519
0
-7.342
1
-0.0569999
0
-7.369
0
-9.101
0
-6.111
0
-1.134
1
0.449001
1.982
0
-3.109
0
-1.176
0
2.073
1
2.815
0
-4.211
1
0.769
0
-4.664
0
1.418
0
1.178
0
3.981
0
5.369
1
-1.59
1
-4.486
1
5.065
1
0
0
-3.581
0
0.92
0
-2.947
1
0.036
0
-3.191
0
7.063
0
-0.505
0
1.665
1
0.04
1
0.163
0
-3.938
0
-1.823
0
-6.209
0
0.326
0
-0.00500059
0
-10.624
0
6.892
1
0
0
-2.932
0
-1.372
0
1.236
0
-1.831
0
2.688
0
-2.785
0
-2.243
0
4.127
0
0.531
0
1.994
0
-1.156
1
1.982
