

0
0
0
0
0
0
0
0
0
0
0
0
0
0
0
0
0
0
0
0
0
0
0
0
0
0
0
0
0
0
0
0
0
0
0
0
0
0
0
0
0
0
0
0
0
0
0
0
0
0
0
0
0
0
0
0
0
0
0
0
0
0
0
0
0
0
0
0
0
0
0
0
0
0
0
0
0
0
0
0
0
0
0
0
0
0
0
0
0
0
0
0
0
0
0
0
0
0
0
0
0
0
0
0
0
0
0
0
0
0
0
0
0
0
0
0
0
0
0
0
0
0
0
0
0
0
0
0
0
0
0
0
0
0
0
0
0
0
0
0
0
0
0
0
0
0
0
0
0
0
0
0
0
0
0
0
0
0
0
0
0
0
0
0
0
0
0
0
0
0
0
0
0
0
0
0
0
0
0
0
0
0
0
0
0
0
0
0
0
0
0
0
0
0
0
0
0
0
0
0
0
0
0
0
0
0
0
0
0
0
0
0
0
0
0
0
0
0
0
0
0
0
0
0
0
0
0
0
0
0
0
0
0
0
0
0
0
0
0
0
0
0
0
0
0
0
0
0
0
0
0
0
0
0
0
0
0
0
0
0
0
0
0
0
0
0
0
0
0
0
0
0
0
0
0
0
0
0
0
0
0
0
0
0
0
0
0
0
0
0
0
0
0
0
0
0
0
0
0
0
0
0
0
0
0
0
0
0
0
0
0
0
0
0
0
0
0
0
0
0
0
0
0
0
0
0
0
0
0
0
0
0
0
0
0
0
0
0
0
0
0
0
0
0
0
0
0
0
0
0
0
0
0
0
0
0
0
0
0
0
0
0
0
0
0
0
0
0
0
0
0
0
0
0
0
0
0
0
0
0
0
0
0
0
0
0
0
0
0
0
0
0
0
0
0
0
0
0
0
0
0
0
0
0
0
0
0
0
0
0
0
0
0
0
0
0
0
0
0
0
0
0
0
0
0
0
0
0
0
0
0
0
0
0
0
0
0
0
0
0
0
0
0
0
0
0
0
0
0
0
0
0
0
0
0
0
0
0
0
0
0
0
0
0
0
0
0
0
0
0
0
0
0
0
0
0
0
0
0
0
0
0
0
0
0
0
0
0
0
0
0
0
0
0
0
0
0
0
0
0
0
0
0
0
0
0
0
0
0
0
0
0
0
0
0
0
0
0
0
0
0
0
0
0
0
0
0
0
0
0
0
0
0
0
0
0
0
0
0
0
0
0
0
0
0
0
0
0
0
0
0
0
0
0
0
0
0
0
0
0
0
0
0
0
0
0
0
0
0
0
0
0
0
0
0
0
0
0
0
0
0
0
0
0
0
0
0
0
0
0
0
0
0
0
0
0
0
0
0
0
0
0
0
0
0
0
0
0
0
0
0
0
0
0
0
0
0
0
0
0
0
0
0
0
0
0
0
0
0
0
0
0
0
0
0
0
0
0
0
0
0
0
0
0
0
0
0
0
0
0
0
0
0
0
0
0
0
0
0
0
0
0
0
0
0
0
0
0
0
0
0
0
0
0
0
0
0
0
0
0
0
0
0
0
0
0
0
0
0
0
0
0
0
0
0
0
0
0
0
0
0
0
0
0
0
0
0
0
0
0
0
0
0
0
0
0
0
0
0
0
0
0
0
0
0
0
0
0
0
0
0
0
0
0
0
0
0
0
0
0
0
0
0
0
0
0
0
0
0
0
0
0
0
0
0
0
0
0
0
0
0
0
0
0
0
0
0
0
0
0
0
0
0
0
0
0
0
0
0
0
0
0
0
0
0
0
0
0
0
0
0
0
0
0
0
0
0
0
0
0
0
0
0
0
0
0
0
0
0
0
0
0
0
0
0
0
0
0
0
0
0
0
0
0
0
0
0
0
0
0
0
0
0
0
0
0
0
0
0
0
0
0
0
0
0
0
0
0
0
0
0
0
0
0
0
0
0
0
0
0
0
0
0
0
0
0
0
0
0
0
0
0
0
0
0
0
0
0
0
0
0
0
0
0
0
0
0
0
0
0
0
0
0
0
0
0
0
0
0
0
0
0
0
0
0
0
0
0
0
0


-0.196
0
-0.877
0
-3.661
0
1.258
0
-1.001
1
-2.404
0
3.145
0
-9.629
0
1.34
0
-2.911
0
0.423
0
-1.449
1
2.848
1
-5.727
1
2.443
0
-3.409
0
1.843
0
-4.285
0
-3.902
0
2.983
1
5.007
1
0.295001
1
-4.229
1
-11.17
0
-0.0940001
1
3.482
1
-13.419
0
1.546
0
1.846
0
-1.716
0
-1.586
1
-4.609
1
0.745
0
-8.249
0
-6.295
1
-1.755
0
-7.453
1
-2.762
1
-1.862
0
-1.531
0
-5.024
1
-1.912
1
2.773
0
-5.094
1
5.163
1
-0.196
-1.37
0
-3.997
0
-5.979
1
-1.638
0
-2.021
1
0.22
0
-3.332
0
-4.664
0
-9.636
0
-8.737
0
9.334
0
3.943
1
-3.551
1
-0.707
1
-3.734
1
-3.221
1
-1.675
1
-2.363
1
3.119
1
1.113
1
1.533
1
-0.976
1
2.724
1
-4.795
0
4.453
0
-3.336
0
-15.856
0
4.649
0
-0.0179996
0
-1.345
0
-3.429
1
3.567
0
-2.546
1
-8.372
1
-1.305
0
0.893
1
-5.22
0
-4.426
1
-7.427
0
4.109
1
-4.708
0
-6.099
1
7.953
0
-1.791
1
6.097
1
-1.37
22.689
1
14.674
0
-30.317
1
-17.891
1
0.464
1
-1.533
0
-3.242
1
1.654
0
2.84
1
-60.268
0
-44.656
0
2.942
0
-0.854
1
-0.0520002
1
-7.462
1
-6.091
1
-7.84
1
0.816
1
-8.693
0
7.478
0
8.926
0
8.165
1
4.701
1
-3.986
1
-8.334
1
2.791
0
-4.31
1
-2.932
0
-2.214
0
-4.723
0
4.498
0
-2.365
0
-4.952
0
-6.071
0
-6.841
1
8.59
0
1.628
0
4.622
0
1.058
0
-2.948
0
-2.161
1
2.032
0
-2.288
1
13.263
0
0.931
0
22.689
-20.604
1
0.0849999
1
2.647
1
1.998
1
1.38
0
-12.816
1
-0.965
0
-2.6
0
0.558
0
1.208
1
1.976
1
-4.053
1
-1.086
1
-3.328
0
-3.813
1
-6.502
1
-0.579
0
-12.82
0
-0.851
1
-3.117
0
-5.534
0
1.011
0
-4.388
0
-3.304
1
-2.81
1
-3.77
0
0.313
1
-1.974
0
0.558999
1
-8.551
1
2.76
0
1.404
1
-3.027
1
0.539001
0
-4.851
0
6.851
1
-1.531
0
6.027
1
0.313
1
-2.52
0
-3.473
0
-8.42
1
-5.73
1
-5.889
0
0.409999
1
-20.604
-0.513999
0
-0.985
1
11.606
1
0.367
1
0.0179999
0
4.22
1
0.35
0
1.458
1
-0.344
1
4.422
0
-6.334
0
-3.964
1
-5.726
0
1.247
1
-5.198
0
1.95
0
4.253
0
-8.313
0
-1.927
0
-9.868
1
4.69
1
4.449
1
0.911
0
-3.717
0
-3.792
0
1.833
1
-4.001
1
-1.183
0
-1.308
1
-9.066
1
-5.265
1
-16.18
0
1.975
0
3.43
1
-4.166
0
-2.178
1
-9.597
1
-15.648
1
-11.828
1
-9.671
1
0.0900004
1
-6.282
1
7.748
0
5.6
1
-5.154
0
-0.513999
-1.367
0
-4.264
1
-1.016
1
-11.277
0
3.029
1
-1.524
1
-17.816
0
-4.443
0
-3.385
0
-1.823
1
-5.771
1
-5.975
1
1.941
1
-5.497
0
-0.448
1
11.531
0
-0.491
1
-2.954
1
-10.095
0
-6.041
0
2.272
0
-1.025
0
8.93
1
-4.309
0
-0.886
0
-2.911
0
-5.149
0
1.69
1
-3.602
0
-5.248
0
-0.815
1
-0.795
0
1.815
1
-7.874
0
-1.846
1
-0.125
0
13.707
1
-1.819
0
3.057
0
-1.917
1
1.515
1
-0.573
1
0.654
0
-2.81
1
2.671
0
-1.367
-31.562
0
5.512
0
2.805
0
3.837
1
-6.15
0
3.301
0
-7.233
1
-2.107
1
2.271
0
-6.567
1
2.596
1
-3.729
1
1.91
1
-0.929
1
-8.996
0
-0.321
1
-3.456
1
-3.329
1
-6.322
0
-2.903
1
-8.121
0
-1.266
1
-3.715
0
1.73
1
-4.342
1
-5.943
0
-6.724
1
5.921
1
2.845
0
4.579
0
4.193
1
-3.238
0
-1.37
0
-2.226
1
-1.794
0
-5.019
1
-3.639
1
-1.765
1
1.174
1
3.607
1
-2.044
0
-1.553
0
2.602
0
0.227
1
-2.389
0
-31.562
-74.638
1
-1.607
0
7.081
0
-12.951
1
-9.266
0
-1.476
0
3.763
1
-0.999
1
-4.145
1
-7.552
1
-6.383
1
-7.664
1
-1.629
0
-8.329
1
-4.91
1
-4.317
1
3.71
1
-2.2
0
0.794
1
7.469
0
-6.439
1
5.498
0
-2.817
1
3.061
1
0.294
0
11.33
1
-3.805
1
0.559
1
-5.155
0
-0.739
1
1.474
1
-4.233
1
-11.463
0
-1.1
0
6.316
1
2.039
1
-8.354
0
-2.434
1
-1.883
1
4.767
0
0.719
0
-9.658
0
-0.238
1
1.928
0
-2.402
0
-74.638
-4.364
0
0.614
0
-5.407
1
-1.83
0
-2.799
0
0.011
0
3.876
1
-4.586
0
-6.633
0
2.859
1
-3.461
1
-10.96
1
1.982
1
1.162
1
3.131
0
-2.461
1
-0.407
1
2.534
1
-2.08
0
3.855
0
-1.828
1
3.013
0
-3.1
0
-6.547
0
-2.759
1
8.317
0
-1.443
0
3.009
0
-5.614
0
-11.634
1
-4.424
0
-2.055
1
-0.189
0
-0.789
0
-1.486
0
5.505
0
5.8
0
-6.231
1
-7.329
1
-12.09
0
4.497
1
2.881
0
-5.258
1
-5.615
0
-4.74
0
-4.364
-6.704
0
-1.888
1
5.975
1
6.857
0
-0.977
0
-10.131
0
-6.769
0
-3.949
0
1.673
1
-1.661
1
6.383
1
-5.028
0
-6.526
0
1.34
0
5.768
0
-4.514
0
-1.091
1
0.73
0
-6.134
0
8.54
0
3.349
1
-0.536
1
0.399
0
-5.903
1
0.536
1
3.346
0
-7.016
0
-1.683
0
0.1
1
1.203
1
-0.454
1
-2.31
0
-4.818
1
-2.025
0
2.388
0
9.677
0
-3.896
1
1.154
0
-13.236
1
-1.172
1
-0.425
1
-2.974
0
3.43
1
-1.402
1
0.498
0
-6.704


-0.278
0
4.862
1
-0.158
0
-8.667
0
-1.842
0
-2.233
0
-1.643
0
-3.486
0
0.0820001
1
3.373
0
-5.066
1
-0.393
0
-1.849
0
7.107
0
1.471
1
1.139
0
-7.033
0
0.138
0
-4.935
0
-5.148
0
-3.409
0
2.714
0
-2.175
0
-4.344
0
-4.195
1
-9.993
1
6.113
1
-3.623
0
-2.862
1
-2.504
0
0.57
0
-6.42
0
-1.993
0
4.779
1
-3.554
0
-2.376
0
-10.952
1
-2.308
0
-2.347
0
-4.04
1
-6.877
1
-0.00600028
0
1.874
0
1.486
1
-10.311
0
-0.278
-17.369
1
-1.623
0
-4.927
1
-3.331
1
-2.427
1
5.56
1
-4.522
1
-4.441
0
-0.291
1
-4.662
0
2.739
0
-3.628
1
10.067
1
-4.411
1
-9.692
1
2.827
0
-2.267
0
-0.122999
0
0.342
1
-5.594
1
1.577
1
-3.275
0
-6.705
1
4.776
1
-3.163
0
2.644
1
8.505
0
-0.713
0
-7.202
0
-2.284
0
-10.957
1
-6.983
1
-1.213
0
-0.168
1
1.953
0
-1.784
1
-6.814
1
-5.924
0
6.495
1
-1.89
1
-2.35
1
-5.397
1
-1.889
1
-2.438
1
-1.721
1
-17.369
7.6
1
2.706
1
0.224
0
2.45
0
-4.562
0
-1.67
0
-1.425
1
0.0770001
0
-5.732
1
0.419
1
1.163
1
-1.729
1
-6.737
1
3.045
0
4.754
0
4.168
0
0.47
1
-0.126
1
5.239
1
1.431
0
-6.114
0
4.159
0
5.808
0
-6.327
0
-2.465
1
-8.812
1
5.62
0
1.411
0
-3.072
0
4.365
1
2.885
0
1.815
1
-0.0629995
0
2.8
0
4.958
0
5.54
1
3.575
1
-1.738
1
-0.00499988
0
-5.077
0
3.322
1
-4.114
0
0.764
0
-0.165
1
5.154
0
7.6
-6.111
0
1.364
1
11.28
0
-1.542
0
-7.203
1
-0.535
0
-15.355
1
2.215
0
-9.835
0
-3.448
0
-4.073
0
-0.239
1
-3.764
0
5.422
1
-13.297
0
5.324
0
3.103
1
9.655
0
0.243
1
4.154
1
1.411
1
4.019
1
-5.645
0
3.643
1
-3.72
0
1.947
0
0.852
1
-2.071
1
-11.735
0
1.216
1
-2.98
1
-2.962
1
-17.063
0
0.626
0
1.83
0
-0.838
0
-2.266
0
4.096
0
4.026
1
4.497
1
3.904
0
1.875
1
-3.208
1
1.597
0
-6.209
1
-6.111
-81.771
0
6.321
1
-0.764
1
-0.189
1
4.055
0
4.657
1
2.56
1
-6.8
0
-0.935
0
0.711
1
-4.663
0
1.665
0
-16.742
1
-8.088
0
6.42
0
0.89
0
6.307
0
-4.282
1
-0.563
1
-6.593
1
-5.628
0
3.159
0
6.098
1
-0.154
1
2.66
1
-2.068
1
-5.612
0
0.471
1
-5.371
0
-2.16
0
-0.626
1
-0.972
1
-4.517
0
-3.652
1
-5.941
1
-3.582
0
-8.411
0
7.701
1
5.765
1
-2.591
1
-4.48
1
2.067
0
1.391
1
3.097
1
0.309
0
-81.771
-17.477
0
9.687
0
-0.193
0
-7.112
1
3.406
1
-4.349
1
-1.038
1
-5.436
0
-2.78
0
-5.361
1
1.133
0
4.495
0
-7.399
1
-0.305
1
-1.911
0
-3.55
1
3.692
0
-4.15
0
-0.601
0
-7.787
0
1.161
1
3.763
0
-4.65
1
5.112
1
1.414
0
-1.153
1
-2.35
1
-9.406
1
-2.003
1
-4.065
0
5.411
0
-1.032
0
-5.38
1
-1.5
1
-3.216
0
0.245
0
-7.186
0
2.207
0
-3.025
1
-0.643
0
-3.406
1
-2.65
1
-0.475
0
1.959
0
-1.179
0
-17.477
11.669
0
0.2
0
5.399
0
-0.0490001
0
0.217
0
3.342
1
-0.571
0
4.969
1
2.967
1
-3.64
1
0.624
1
-4.344
0
0.153
1
-0.677
1
1.991
1
-4.7
1
-0.18
0
2.296
1
1.641
1
-0.848
1
1.036
0
2.704
0
-1.926
0
-4.665
1
5.295
1
-0.792
1
-7.07
0
3.167
0
7.424
0
0.0470003
0
-1.038
1
0.666
0
1.714
1
4.084
0
-10.106
0
2.549
0
-2.045
1
1.091
1
-5.61
0
-4.649
0
-0.0499998
0
-2.347
1
-5.022
0
-2.759
1
-4.526
1
11.669
5.319
0
1.099
0
-3.582
0
-2.068
1
-5.122
0
2.476
1
-3.573
0
5.585
0
-4.615
0
4.18
1
-0.55
0
10.791
1
-1.269
0
-1.651
1
-1.116
0
7.008
1
-0.452
1
-4.644
1
3.149
0
-2.589
0
6.345
1
-5.727
1
-1.548
1
7.843
0
-3.244
0
-0.677
1
8.172
1
-7.422
0
-4.136
0
-1.814
0
-3.7
0
0.449
1
0.862
1
-7.582
1
2.228
1
1.536
0
-3.14
0
-1.882
0
2.215
1
-6.145
0
0.451
1
-5.58
0
-3.488
1
-10.858
0
3.298
1
5.319
-7.943
0
-9.007
1
0.577
1
-2.635
1
-3.88
1
2.404
0
-10.155
1
-0.104
1
-8.984
0
-0.176001
0
-4.387
0
4.544
1
1.455
1
4.197
0
0.0659997
1
-1.707
1
4.361
0
1.849
1
2.658
1
-9.392
0
-6.877
0
4.339
0
-2.472
1
-8.309
0
5.339
0
0.207
1
5.902
1
0.491
0
0.332
1
9.637
1
-12.339
1
-1.07
0
-5.297
1
2.24
1
1.094
1
-4.609
0
9.157
1
-0.961
1
2.654
0
-3.708
1
4.366
0
-3.555
1
-6.949
1
-2.251
0
-9.765
0
-7.943
-82.752
1
7.945
0
-1.046
1
0.36
1
-7.302
0
-1.133
0
3.92
1
4.66
1
-4.327
1
-4.148
0
0.662
1
10.393
0
-8.168
0
-3.616
0
3.494
1
7.83
1
1.152
0
-0.378999
1
-11.769
0
4.386
1
-2.068
1
-0.523999
0
-4.064
1
0.921
0
-13.901
1
0.658
1
-0.478
0
9.231
0
-0.598
0
-4.784
0
-1.599
1
3.45
1
7.635
0
-6.827
0
-8.138
1
-7.612
1
-10.758
0
9.369
1
0.919
0
3.591
1
5.036
1
4.775
0
-3.766
0
5.807
0
-7.088
1
-82.752


-21.455
1
-9.984
1
-3.446
1
4.18
0
5.975
0
-1.531
1
7.323
0
1.717
0
4.779
1
-0.754
0
3.056
0
-2.536
0
-1.079
1
-2.88
0
2.531
1
1.372
1
-2.671
1
-4.402
0
4.363
1
3.684
0
-1.594
1
-7.405
1
-2.799
0
-5.763
1
-2.687
0
7.463
1
-4.944
1
-5.324
1
-5.439
0
-6.759
1
-2.263
0
0.158999
0
0.214
1
-1.012
0
10.358
0
0.384
1
-5.4
1
-2.971
0
2.923
0
-5.982
1
-7.945
1
-2.478
0
-12.006
0
-9.838
1
-3.289
1
-21.455
-45.288
1
-1.247
1
-0.0429997
0
5.878
0
2.178
0
-9.829
0
-0.588
0
-1.731
0
-3.786
0
-2.616
1
-0.254
0
-8.58
0
-6.309
0
-0.804
1
-0.378
1
1.585
0
-1.292
0
-0.734
0
-10.277
0
2.747
0
-2.653
1
-8.585
0
-3.561
1
0.534
0
7.058
0
3.489
1
-1.027
0
-2.809
1
-4.692
1
2.442
0
3.241
0
4.85
1
-6.321
0
-0.919
1
-4.952
1
-3.621
0
0.622
1
-6.081
0
5.759
0
0.585
1
-1.458
1
4.265
1
-0.243
0
-8.74
1
-8.556
0
-45.288
-18.834
1
-19.488
1
0.00200009
0
-5.618
1
-7.92
0
2.681
0
-3.922
0
-1.268
0
4.273
1
-5.63
1
7.787
1
-4.307
1
-5.253
0
0.788
0
-4.297
0
5.392
1
0.719
1
3.323
1
2.722
1
1.907
0
0.617
0
-4.213
1
-1.806
1
0.934
0
5.435
1
1.692
0
-3.691
1
-3.549
1
-2.751
1
-2.031
1
-5.744
1
-6.012
0
-5.168
0
-3.813
0
2.103
0
-2.107
1
-1.991
1
-2.956
0
-2.597
0
-5.273
0
2.898
1
4.27
1
-12.163
1
4.53
1
-7.136
0
-18.834
-23.26
1
-3.506
1
2.111
0
-6.295
1
-0.977
0
9.753
1
2.119
0
-0.656
0
-3.429
1
-3.157
1
0.322
0
1.414
0
-2.533
1
-1.406
1
-4.982
1
-0.744
1
1.787
0
-2.36
0
-0.491
1
-10.669
0
-2.81
0
-3.886
0
-6.21
0
-1.06
0
2.36
1
-2.311
1
-3.988
0
-0.0340003
1
1.424
0
8.85
0
-1.284
0
-3.103
0
6.474
1
-0.752
1
-0.784
1
-0.182
1
-3.685
1
2.176
0
5.175
1
-3.534
1
-3.119
1
1.391
1
3.117
0
-2.878
0
0.877
1
-23.26
-61.673
1
-1.952
0
8.812
1
-8.455
0
-1.45
1
5.452
1
3.317
0
-12.882
1
0.0820004
0
-6.91
0
1.446
1
-1.796
1
-4.017
0
-2.139
0
2.458
0
-8.688
1
-5.185
0
0.263
0
4.157
0
1.437
0
2.918
1
-3.483
1
-5.677
0
-0.463
0
-3.798
1
-0.951
0
-4.538
0
-1.362
1
-1.824
1
2.45
1
0.373
0
1.454
1
7.879
0
4.809
1
-3.947
1
3.235
0
-2.128
1
2.49
1
0.965
1
1.23
1
2.934
1
2.564
1
-6.719
1
11.35
1
5.039
0
-61.673
-10.745
0
3.47
0
1.915
0
9.733
1
-2.235
0
-3.715
0
5.058
0
-6.008
1
2.692
1
-0.445
0
-6.807
1
-5.464
0
3.799
1
-1.571
1
-0.163
0
0.983
1
-2.041
0
3.486
0
4.224
0
-8.795
1
-1.152
0
1.395
0
-11.04
1
-0.295
0
-4.927
1
-11.001
0
-1.428
0
0.94
0
-5.294
1
-0.781
0
2.625
1
-2.456
1
-1.549
1
-3.799
0
0.299
0
2.279
1
2.347
1
4.806
0
2.23
1
-6.212
1
-1.213
0
4.748
0
0.171
0
-4.462
1
0.25
0
-10.745
-44.373
1
-4.679
0
0.854
0
2.213
1
2.654
1
1.92
1
13.699
0
-4.146
1
9.629
0
6.884
0
-2.852
1
-6.339
0
-9.252
0
-0.975
0
7.938
0
-7.995
1
-0.714
0
-0.506
1
-0.49
0
8.255
1
-5.159
0
-6.348
0
-7.979
0
1.675
0
-4.494
0
-2.556
1
-1.309
1
12.812
0
-16.282
0
3.435
0
2.222
0
-3.545
1
-3.588
0
-8.771
0
0.733
0
0.7
0
3.893
0
-9.99
0
-2.014
1
-2.887
1
-0.967
0
-3.867
0
5.251
1
5.101
0
-5.202
0
-44.373
-15.831
1
-4.049
1
3.859
1
-4.801
1
-4.895
0
-6.155
1
4.228
1
3.542
0
1.296
1
14.443
0
-0.294
0
-4.554
1
0.852
0
-1.715
0
4.339
0
-3.088
0
2.78
1
-0.941
1
-0.144
1
5.471
0
-10.369
0
3.445
1
-0.111
1
-7.608
0
-2.873
1
-6.769
0
-6.368
0
-4.405
1
-10.791
1
-8.682
0
-8.88
1
-0.851
1
13.174
0
6.479
1
-2.246
0
3.147
1
3.851
1
1.06
0
-1.352
1
0.866
1
-0.304
1
-2.75
0
2.438
1
-1.462
0
-2.977
1
-15.831
-55.451
0
-6.564
1
5.718
0
-0.465
1
-2.692
0
-6.001
0
-6.042
1
-3.136
1
-3.335
0
-8.499
1
3.486
1
-2.019
0
-5.643
1
-3.728
0
-2.606
1
-5.76
0
-8.18
1
-6.655
0
1.372
1
-0.776
1
2.244
0
1.684
1
-7.437
1
0.715
0
2.635
1
4.88
1
-0.715
1
-6.513
0
-7.131
0
0.708
0
-2.18
0
-1.398
0
-2.032
1
0.949
1
6.175
0
-7.223
0
4.062
0
0.133
0
-3.835
0
-6.03
0
1.66
1
-0.662
0
0.438
1
-6.535
0
-2.55
0
-55.451
-37.476
0
-10.045
0
-0.148
1
-6.795
1
-3.908
1
-9.324
0
3.129
0
-0.584
0
4.028
1
-2.084
0
0.887
0
6.812
1
1.132
1
-6.833
0
-4.53
1
6.591
1
5.048
0
-1.351
0
2.007
1
6.04
0
-1.205
1
-0.417
1
-2.033
1
-5.023
0
-2.078
1
6.409
1
-5.393
0
-2.697
1
2.222
1
0.499
1
-0.678
0
0.582
0
-13.244
1
5.391
1
3.618
1
0.886
0
-0.199999
0
-4.291
0
2.512
1
1.449
0
2.561
0
-1.796
1
-0.871
0
-5.482
0
-2.503
1
-37.476


-2.456
0
3.35
1
0.02
0
-0.25
0
5.159
0
-0.255
0
-2.189
1
-2.621
0
-1.767
0
-7.987
0
-12.867
1
-11.592
1
-7.06
1
-3.579
1
2.486
0
-0.168
0
-7.644
0
2.786
0
4.519
0
6.151
0
-3.949
0
-3.236
0
5.442
0
1.002
0
-0.767
0
18.181
0
-1.111
1
-2.063
0
-3.406
0
1.688
0
0.941
1
0
0
1.929
0
0.295
0
-2.914
0
5.939
0
-1.975
0
-4.461
0
-2.177
0
-5.874
0
-3.576
0
-1.16
1
-0.00699997
0
-0.939
0
-3.072
1
-2.456
-3.327
0
1.304
0
-4.513
0
2.801
0
-13.518
0
-12.642
0
-5.705
0
-4.284
0
0.368
0
5.853
0
0.158
1
-0.852
1
4.579
0
1.123
1
-5.697
0
-0.767
1
-2.189
0
-7.16
0
-1.527
0
0.496
0
-0.323
0
0.027
0
4.572
1
0.59
0
-1.704
0
-1.345
0
-5.107
0
1.982
0
-0.154
0
-6.085
0
-0.862
0
9.24
0
-0.892
0
-0.315
0
-9.576
0
-5.594
0
3.387
0
-3.268
0
-3.761
0
1.6
0
8.559
0
-6.169
0
-15.663
0
-0.0910003
0
9.15
1
-3.327
0.449001
0
-6.357
1
-0.429
0
3.516
0
7.457
0
2.973
0
1.772
0
-0.441
1
2.224
0
3.906
0
3.076
0
2.899
1
-5.777
0
-1.093
0
-4.648
0
-6.725
0
0.990001
0
-0.498
0
5.345
0
3.039
0
1.352
0
0.143
0
-5.717
0
-3.025
0
-3.742
0
-6.353
0
1.376
0
-8.091
0
-1.111
0
2.108
0
-7.235
0
5.845
0
-8.761
0
9.407
0
0.903
0
12.908
0
-0.878
0
0.259
0
-3.519
0
-6.57
1
-0.0569999
0
-5.344
0
-14.293
0
-9.488
0
-0.308
0
0.449001
1.982
0
-3.109
0
-3.402
0
2.073
1
2.815
0
-4.579
1
0.769
0
-6.79
0
-1.944
0
3.844
0
-0.0329995
0
6.733
0
-2.661
1
-6.769
0
5.318
0
-1.478
0
-3.078
0
-0.522
0
-2.947
1
0.036
0
-1.453
0
9.963
0
2.76
0
0.715
1
0.04
1
0.163
0
-3.294
0
0.514
0
-2.602
0
1.244
0
-0.0600007
0
-14.374
0
5.885
0
-1.179
0
-2.625
0
-3.516
0
-2.581
0
-2.951
0
3.278
0
-3.504
0
-2.942
0
5.938
0
1.544
0
2.34
0
-1.398
1
1.982
