

0
0
0
0
0
0
0
0
0
0
0
0
0
0
0
0
0
0
0
0
0
0
0
0
0
0
0
0
0
0
0
0
0
0
0
0
0
0
0
0
0
0
0
0
0
0
0
0
0
0
0
0
0
0
0
0
0
0
0
0
0
0
0
0
0
0
0
0
0
0
0
0
0
0
0
0
0
0
0
0
0
0
0
0
0
0
0
0
0
0
0
0
0
0
0
0
0
0
0
0
0
0
0
0
0
0
0
0
0
0
0
0
0
0
0
0
0
0
0
0
0
0
0
0
0
0
0
0
0
0
0
0
0
0
0
0
0
0
0
0
0
0
0
0
0
0
0
0
0
0
0
0
0
0
0
0
0
0
0
0
0
0
0
0
0
0
0
0
0
0
0
0
0
0
0
0
0
0
0
0
0
0
0
0
0
0
0
0
0
0
0
0
0
0
0
0
0
0
0
0
0
0
0
0
0
0
0
0
0
0
0
0
0
0
0
0
0
0
0
0
0
0
0
0
0
0
0
0
0
0
0
0
0
0
0
0
0
0
0
0
0
0
0
0
0
0
0
0
0
0
0
0
0
0
0
0
0
0
0
0
0
0
0
0
0
0
0
0
0
0
0
0
0
0
0
0
0
0
0
0
0
0
0
0
0
0
0
0
0
0
0
0
0
0
0
0
0
0
0
0
0
0
0
0
0
0
0
0
0
0
0
0
0
0
0
0
0
0
0
0
0
0
0
0
0
0
0
0
0
0
0
0
0
0
0
0
0
0
0
0
0
0
0
0
0
0
0
0
0
0
0
0
0
0
0
0
0
0
0
0
0
0
0
0
0
0
0
0
0
0
0
0
0
0
0
0
0
0
0
0
0
0
0
0
0
0
0
0
0
0
0
0
0
0
0
0
0
0
0
0
0
0
0
0
0
0
0
0
0
0
0
0
0
0
0
0
0
0
0
0
0
0
0
0
0
0
0
0
0
0
0
0
0
0
0
0
0
0
0
0
0
0
0
0
0
0
0
0
0
0
0
0
0
0
0
0
0
0
0
0
0
0
0
0
0
0
0
0
0
0
0
0
0
0
0
0
0
0
0
0
0
0
0
0
0
0
0
0
0
0
0
0
0
0
0
0
0
0
0
0
0
0
0
0
0
0
0
0
0
0
0
0
0
0
0
0
0
0
0
0
0
0
0
0
0
0
0
0
0
0
0
0
0
0
0
0
0
0
0
0
0
0
0
0
0
0
0
0
0
0
0
0
0
0
0
0
0
0
0
0
0
0
0
0
0
0
0
0
0
0
0
0
0
0
0
0
0
0
0
0
0
0
0
0
0
0
0
0
0
0
0
0
0
0
0
0
0
0
0
0
0
0
0
0
0
0
0
0
0
0
0
0
0
0
0
0
0
0
0
0
0
0
0
0
0
0
0
0
0
0
0
0
0
0
0
0
0
0
0
0
0
0
0
0
0
0
0
0
0
0
0
0
0
0
0
0
0
0
0
0
0
0
0
0
0
0
0
0
0
0
0
0
0
0
0
0
0
0
0
0
0
0
0
0
0
0
0
0
0
0
0
0
0
0
0
0
0
0
0
0
0
0
0
0
0
0
0
0
0
0
0
0
0
0
0
0
0
0
0
0
0
0
0
0
0
0
0
0
0
0
0
0
0
0
0
0
0
0
0
0
0
0
0
0
0
0
0
0
0
0
0
0
0
0
0
0
0
0
0
0
0
0
0
0
0
0
0
0
0
0
0
0
0
0
0
0
0
0
0
0
0
0
0
0
0
0
0
0
0
0
0
0
0
0
0
0
0
0
0
0
0
0
0
0
0
0
0
0
0
0


-23.445
1
-2.392
0
0
1
-4.353
0
0.434
0
3.915
1
3.489
0
0.422
1
-3.147
0
0
0
-1.486
0
-0.247
0
1.641
1
2.691
0
0
0
-5.531
0
0.742
0
-1.365
0
0.234
1
-1.076
0
-1.321
0
-5.719
0
6.145
1
1.258
1
-0.897
0
0
0
-3.259
0
-2.416
0
3.59
1
1.731
1
0
0
1.971
1
0
0
-1.592
1
0
0
0.0480001
1
0.495
0
0
0
-2.332
0
-1.931
1
-23.445
-3.526
1
0
0
1.236
0
2.573
0
-1.176
0
-1.631
1
0.483
0
0.573
1
0
1
0
0
1.56
1
-0.742
1
-1.993
0
2.27
0
0.359
0
0.206
0
1.319
0
-2.662
1
-2.399
0
0
1
4.778
0
-0.71
0
0
1
2.062
0
-1.979
0
0
1
-1.331
1
0
0
-2.077
0
-1.534
0
-1.693
1
2.496
1
-2.859
1
0.335
0
-0.527
0
0
0
0
0
0.496
0
-2.913
1
-0.389
0
-3.526
-0.104
0
0.532
0
-2.845
0
1.13
0
-0.000999928
0
0.168
0
-2.334
1
0.598
1
-0.794
0
0.468
1
0
1
2.085
0
0.302
0
-2.545
0
-0.299
0
3.29
0
-1.076
1
0.594
1
0
1
-0.651
1
1.164
0
1.188
0
0
0
2.218
0
-1.002
0
1.179
1
0
0
-1.426
0
0.0540001
0
0
1
1.45
1
1.419
1
0
0
-1.965
0
-0.693
0
0.321
0
3.72
1
-0.00999999
1
0
0
0
0
-0.104
-23.77
1
-0.871
0
0
0
0
0
-1.308
1
2.456
1
5.838
1
-2.372
1
0
0
0
0
0
1
-0.279
0
-0.264
0
-2.133
1
-1.876
1
-1.016
0
0.418
0
1.192
1
0
0
0.496
1
-0.912
1
-0.445
1
0
1
0
1
-1.649
0
2.258
0
-0.785
1
2.034
1
0.016
1
0
0
0.91
1
-0.431
0
-2.12
1
4.98
0
-1.916
1
-3.32
1
-1.065
0
-1.663
0
0
0
1.014
0
-23.77
1.714
0
0.298
1
0
0
0.883
1
3.309
0
0.865
0
0.033
0
-2.844
1
2.212
0
-2.045
0
2.323
1
-0.313
0
-0.929
1
0.22
1
-1.582
1
-0.185
0
-2.421
1
0
0
0
1
0
0
-2.065
0
-2.39
0
1.353
0
1.222
0
-2.701
1
-0.604
0
0
0
1.62
0
-0.355
1
-1.452
1
-2.65
1
0.971
0
-0.38
0
0.87
1
-1.325
0
-0.661
0
-0.15
0
2.119
0
-1.911
1
0
0
1.714


-4.164
0
-2.641
0
-2.706
1
0.96
0
-0.476
0
0.221
1
-3.072
0
2.225
0
-2.191
1
-2.068
1
0
0
1.152
0
0.686
1
-1.872
0
0
1
-3.533
1
-2.003
1
-1.923
1
-0.548
0
-1.098
0
0.63
0
0
1
1.491
0
2.344
0
0
1
0
0
0.254
0
0
1
-1.669
0
0
1
-0.904
0
0.258
0
-0.604
1
1.159
1
0
0
0.0130002
0
1.036
0
3.259
1
-1.533
1
2.076
1
-4.164
-11.006
0
2.037
0
0.974
0
1.67
1
-2.515
1
1.444
0
-2.597
0
-2.28
0
0.75
1
2.245
0
0
1
0.412
0
-1.699
1
0
1
0
0
1.19
0
-2.255
1
0
1
-3.252
1
-0.611
0
-3.352
0
1.759
1
0
0
-1.422
1
-0.242
0
0.724
0
1.465
0
1.404
0
0.502
1
1.264
1
0
1
0
0
2.407
0
0
1
1.034
0
-0.387
0
3.702
0
0
1
0
0
2.837
1
-11.006
-1.959
0
0
1
-0.635
1
-0.299
1
2.347
1
0.807
0
-2.163
1
-4.665
0
1.201
1
-2.751
0
0
1
0.626
1
-3.399
0
0.672
1
1.988
0
-0.907
1
-0.283
0
0.748
1
1.006
0
0
1
-2.096
1
0.722
0
-3.107
1
0.402
1
-2.684
1
-1.442
1
0.89
0
1.214
1
-0.0479999
0
3.364
0
0.171
1
1.093
1
3.426
0
0.104
1
-2.326
0
1.138
0
0
0
3.983
0
0.0390002
0
0
0
-1.959
-24.843
1
0
1
-0.339
0
-1.895
1
-1.211
1
2.278
1
-1.512
1
2.901
1
2.887
0
4.433
0
-0.615
1
0
1
-1.629
0
0
1
2.914
0
-4.047
0
-1.704
1
-2.05
0
0
0
2.024
1
0.143
0
0
0
-3.038
1
0.542
0
0.54
1
-3.149
0
-2.154
1
2.042
1
0.931
1
0
1
0
0
0
1
1.508
0
1.839
1
-1.348
0
1.256
1
-3.206
1
0.465
0
-0.71
0
-1.712
0
-24.843
-0.310002
1
0
1
1.731
0
1.185
1
-1.497
0
-1.416
0
0
0
-1.07
1
-1.873
0
-2.275
0
-2.131
0
0.214
0
0.076
0
1.318
0
-2.754
1
0.637
0
1.232
0
-2.457
0
-4.585
0
0
1
0
0
-2.423
0
-1.863
0
1.842
0
0.219
1
0
0
-0.619
0
0
1
0
0
0.48
1
0.972
0
1.269
0
-1.988
0
2.8
0
-0.951
0
-0.58
0
-0.915
1
-0.563
0
2.034
0
0
1
-0.310002


15.993
1
0
0
-0.156
1
0.387
0
-1.282
0
0
0
-0.986
1
0.164
0
-0.557
0
0
0
-2.327
1
0
0
0
0
-0.298
0
0
0
1.583
1
-2.167
0
-0.807
1
-1.458
0
-1.351
0
2.732
1
-2.068
0
0
0
0
1
-0.38
1
0
1
-1.284
0
-0.0799999
1
-0.286
1
-0.849
0
-1.635
1
-0.319
0
1.866
1
-0.129
0
-1.388
0
-1.972
0
1.067
0
0.313
1
-1.169
0
0
0
15.993
-0.758
0
1.801
0
0
1
0
0
-0.816
0
-0.0319999
1
-0.96
0
1.276
0
1.848
0
-3.317
1
0
1
1.098
0
-2.206
0
-2.17
0
-0.78
0
0.153
0
0
0
-3.225
0
-2.957
0
0
0
0.723
1
0
0
0
0
-2.455
0
0
0
1.948
1
1.509
1
-0.268
0
2.378
0
0
0
1.871
0
-0.855
0
-0.742
1
-2.119
1
4.617
1
0.386
1
0.0669999
0
-0.767
1
0.00199986
0
-1.797
0
-0.758
-15.223
0
1.31
0
0
0
-1.266
1
-1.426
1
0
0
-1.957
1
0.942
0
0
0
0
0
-0.74
0
-0.129
1
-2.499
0
0.122
0
0.701
0
0.86
1
0
0
0
1
0
1
0.102
0
-1.97
0
-1.923
0
-2.043
1
1.797
0
-0.108
1
-2.575
0
-0.65
1
0
0
-2.477
0
-1.699
1
1.67
0
-2.048
0
0.0209999
0
-0.835
1
1.178
0
-3.971
0
-1.779
1
-1.404
0
1.671
0
1.94
0
-15.223
4.167
0
0.175
0
0
0
0
1
0
0
-2.001
0
-6.649
0
-0.0409999
1
-0.527
0
1.408
0
-1.436
0
-0.331
0
4.205
1
-1.383
0
2.17
0
4.037
1
3.239
0
-0.707
0
4.773
0
-5.449
0
-2.416
0
-3.67
0
1.231
0
-0.958
1
0
1
1.11
0
-4.447
0
1.477
1
-2.781
0
0.479
0
-1.217
0
-3.731
0
3.312
1
-0.0699999
1
-1.76
0
0
1
-1.397
1
-2.951
0
-2.094
0
-2.49
1
4.167
-5.88
0
1.019
0
0
1
0
0
-1.859
0
-0.638
1
-2.06
1
4.449
0
-0.982
0
1.703
1
0
0
0
1
4.407
1
-3.588
0
0
1
-6.455
0
2.079
0
-5.156
0
0
1
0.0569999
0
-0.433
0
2.815
0
3.819
1
1.855
0
0.481
1
-2.336
1
0
0
-0.036
1
1.571
0
0.383
1
0
1
-3.98
0
0.296
0
3.345
1
-0.639
0
-5.519
0
-0.386
0
0.685
0
0
0
0
1
-5.88


15.018
0
-0.808
1
1.794
1
0.208
1
-2.425
1
0
0
0
1
-0.822
1
-1.518
1
0
0
-1.408
0
0
0
1.665
1
0
1
1.198
1
0.71
0
0.916
0
0
0
1.779
0
-0.306
1
2.395
0
0
0
1.456
0
-0.613
0
-1.962
0
-1.796
0
2.002
0
0.814
0
0
0
-3.41
0
2.166
1
-1.983
0
0.136
1
-4.417
1
0.547
0
-0.262
0
-0.785
0
-0.362
0
-1.996
1
0
0
15.018
-0.732999
0
0
1
0.059
0
-1.425
0
-2.343
1
-1.436
0
1.74
0
-2.233
1
0.622
1
2.468
1
-0.889
0
0
0
-1.676
1
-1.654
1
-1.167
1
-0.895
1
1.979
0
0.246
0
-2.546
1
1.361
0
0
0
-1.124
0
0
1
0
0
0
1
-0.226
1
-2.463
0
0.292
0
0.0150001
1
0
1
1.017
1
-2.462
1
2.123
1
2.814
0
1.381
1
0
1
-1.064
0
1.941
1
-0.0339999
0
0.399
1
-0.732999
-21.694
1
4.73
1
-4.949
0
-0.958
0
-0.0210001
0
2.788
0
-2.516
1
-1.949
0
0.642
0
-0.0439999
1
0.872
0
2.148
0
-2.652
1
-1.089
0
-2.252
1
-2.746
0
2.272
1
-2.752
1
2.046
1
-1.48
0
1.404
1
0
0
1.558
1
0.812
1
1.176
0
1.108
0
0.843
0
0
0
-2.202
0
0
0
0
0
-3.07
1
-1.356
1
-1.823
0
0
1
0.0599999
0
0.876
0
-0.119
0
0.647
0
-1.237
0
-21.694
-5.47
1
0
0
-0.106
0
2.13
0
0.244
1
-1.19
0
0.901
0
-3.382
0
1.881
1
1.498
1
1.653
1
0
1
-1.587
0
-0.597
0
0
1
1.207
0
0
0
1.112
0
0
0
-0.482
0
2.67
1
-2.436
1
-1.52
0
-1.938
0
0
1
1.794
1
0.381
0
0
1
1.072
0
-2.181
1
4.211
0
0
0
0
0
-0.139
0
1.078
0
0
0
-4.233
0
0
1
-2.05
0
3.3
1
-5.47
-7.596
1
-1.897
1
-5.289
1
-2.443
1
0
0
0
0
0
0
0.906
1
0
0
-1.484
0
-3.899
0
3.446
1
0
0
-0.659
0
0
0
0.426
0
0
0
0.592
1
2.593
0
2.266
1
1.646
1
3.692
0
0.085
1
2.388
0
-0.114
0
0.56
0
1.399
1
-0.478
1
-1.37
0
0
0
0.708
0
0
1
2.417
0
0
1
0.157
1
0.25
0
0.286
1
-1.57
0
1.759
0
2.213
1
-7.596


-1.903
0
-3.206
1
-2.286
1
0
1
-2.441
1
0.435
1
-2.194
1
0
0
-1.196
0
0.283
1
-2.443
0
0.355
1
0
0
-0.607
1
-1.92
1
-0.788
1
1.284
0
-0.129
1
0
1
-2.34
1
-0.573
1
-3.038
0
-0.756
0
0
0
-0.778
0
1.624
0
1.955
0
-1.186
1
-0.862
1
-5.611
0
-1.563
0
1
0
-0.466
0
0
0
-1.345
0
0
1
-1.914
1
1.662
0
-1.993
0
0
0
-1.903
-18.404
0
0.119
0
-1.604
0
0.158
1
0.828
1
3.175
1
-1.599
1
-2.745
0
0
0
0.545
0
1.447
0
-1.52
0
-0.201
0
1.601
0
-5.91
0
-2.695
1
0
1
2.722
0
1.192
0
-1.359
1
1.085
0
0
0
0.972
1
-1.769
1
-7.304
1
1.149
0
-1.041
1
-0.817
0
3.165
0
-3.879
1
-0.168
0
-2.618
0
1.369
0
-0.053
0
1.04
0
-0.394
0
0.956
1
1.076
0
0.487
0
-1.802
1
-18.404
-1.405
1
0
0
2.097
1
-0.33
0
1.996
1
0
0
3.974
1
-0.158
1
0
0
-1.249
0
-1.947
0
0
0
-3.8
1
1.202
1
0
0
2.473
1
0.534
1
-2.659
1
3.113
0
-0.721
1
-2.299
0
0
0
0
0
0
0
0.785
0
0
0
1.682
1
0
1
-1.588
0
0.653
0
-1.135
0
-3.441
0
1.168
1
0
1
1.253
0
0.39
1
0.448
0
0
1
-2.33
0
0
1
-1.405
-3.472
0
0
0
-2.007
0
-3.247
0
-0.896
1
0
1
2.839
0
0.607
1
0
0
-0.489
0
0.0910003
1
0
0
-1.394
1
0.435
0
3.189
0
-1.978
1
0
1
-2.944
0
-0.5
0
0
1
1.958
0
1.895
1
-0.976
0
-0.665
0
-0.678
0
0.0249999
0
0.803
1
0
1
0
0
1.54
1
0
0
0
0
-0.795
0
1.196
0
2.21
1
0.285
0
1.766
1
-2.316
0
-2.202
0
0
1
-3.472
-24.156
1
-0.783
1
0
0
-3.706
1
0.217
0
-1.204
0
0
0
0
0
-0.453
0
0.101
0
3.161
0
0
0
-2.602
1
-2.236
0
0
0
2.639
0
0
1
0
1
1.82
0
3.556
0
2.158
1
-0.254
0
0.807
1
0
0
-0.318
0
-0.195
1
-1.868
0
0
1
1.917
1
4.311
1
2.414
0
-1.777
0
1.521
0
0
1
0.358
0
1.531
0
-2.323
1
0.28
0
0.387
0
-0.576
1
-24.156


-0.0590001
0
3.426
0
-3.631
0
-0.146
1
2.199
0
-0.698
0
-1.312
1
-2.021
0
0
0
-0.399
0
-1.468
1
0
0
2.297
1
0
0
0
0
-1.904
0
-1.398
1
0.0569999
0
0
0
-0.05
1
0.481
1
0
1
0
1
0
0
0
1
0
1
0
0
1.473
1
0
0
0
0
-3.683
0
0.193
1
0
0
-0.35
0
-1.699
0
-2.024
0
0
1
0
1
1.962
0
-2.816
1
-0.0590001
-0.602
1
0
0
-6.762
0
1.693
0
1.238
0
-0.87
0
-0.805
1
0.947
1
0
0
-0.492
1
0
0
-0.498
1
-0.201
0
0
0
2.452
0
-0.505
0
1.408
1
0
0
-0.0309999
1
0
0
-2.083
0
2.702
0
0
0
0.896
0
-1.049
0
-5.04
0
-0.739
0
1.785
0
-1.2
1
0
0
0
0
1.928
0
3.485
0
0.299
1
0
0
0
0
-2.295
0
-6.425
0
-0.878
0
0.751
1
-0.602
-0.65
0
-1.724
0
2.119
0
1.793
1
0
0
1.802
0
0
0
-0.394
0
-0.599
0
0
0
-3.421
1
-0.228
0
-0.017
0
-0.17
1
1.812
1
0
0
0.267
0
-0.301
0
-0.057
0
-1.561
0
0
0
-1.309
0
-0.661
0
-2.49
0
0
0
2.201
1
0
1
0
1
-2.396
0
-1.351
0
-2.36
0
1.163
0
0
0
-2.393
1
0
0
0
0
-1.219
0
0
1
0
1
0
1
-0.65
-2.191
1
0
0
0
0
0
0
-1.901
0
0
0
-0.082
0
2.289
0
2.66
1
0
0
-1.952
1
-2.341
0
-1.827
0
-0.801
1
0
1
-0.0109999
0
-1.651
0
-0.331
1
0
0
0.359
0
-2.24
1
0
0
-1.48
0
-0.677
0
-0.611
0
0
1
-2.14
0
-2.155
0
0.986
1
0
0
0.112
0
1.994
0
2.448
0
-0.92
0
0.506
0
-2.009
0
-1.086
1
0
0
-0.1
1
0
1
-2.191
