

0
0
0
0
0
0
0
0
0
0
0
0
0
0
0
0
0
0
0
0
0
0
0
0
0
0
0
0
0
0
0
0
0
0
0
0
0
0
0
0
0
0
0
0
0
0
0
0
0
0
0
0
0
0
0
0
0
0
0
0
0
0
0
0
0
0
0
0
0
0
0
0
0
0
0
0
0
0
0
0
0
0
0
0
0
0
0
0
0
0
0
0
0
0
0
0
0
0
0
0
0
0
0
0
0
0
0
0
0
0
0
0
0
0
0
0
0
0
0
0
0
0
0
0
0
0
0
0
0
0
0
0
0
0
0
0
0
0
0
0
0
0
0
0
0
0
0
0
0
0
0
0
0
0
0
0
0
0
0
0
0
0
0
0
0
0
0
0
0
0
0
0
0
0
0
0
0
0
0
0
0
0
0
0
0
0
0
0
0
0
0
0
0
0
0
0
0
0
0
0
0
0
0
0
0
0
0
0
0
0
0
0
0
0
0
0
0
0
0
0
0
0
0
0
0
0
0
0
0
0
0
0
0
0
0
0
0
0
0
0
0
0
0
0
0
0
0
0
0
0
0
0
0
0
0
0
0
0
0
0
0
0
0
0
0
0
0
0
0
0
0
0
0
0
0
0
0
0
0
0
0
0
0
0
0
0
0
0
0
0
0
0
0
0
0
0
0
0
0
0
0
0
0
0
0
0
0
0
0
0
0
0
0
0
0
0
0
0
0
0
0
0
0
0
0
0
0
0
0
0
0
0
0
0
0
0
0
0
0
0
0
0
0
0
0
0
0
0
0
0
0
0
0
0
0
0
0
0
0
0
0
0
0
0
0
0
0
0
0
0
0
0
0
0
0
0
0
0
0
0
0
0
0
0
0
0
0
0
0
0
0
0
0
0
0
0
0
0
0
0
0
0
0
0
0
0
0
0
0
0
0
0
0
0
0
0
0
0
0
0
0
0
0
0
0
0
0
0
0
0
0
0
0
0
0
0
0
0
0
0
0
0
0
0
0
0
0
0
0
0
0
0
0
0
0
0
0
0
0
0
0
0
0
0
0
0
0
0
0
0
0
0
0
0
0
0
0
0
0
0
0
0
0
0
0
0
0
0
0
0
0
0
0
0
0
0
0
0
0
0
0
0
0
0
0
0
0
0
0
0
0
0
0
0
0
0
0
0
0
0
0
0
0
0
0
0
0
0
0
0
0
0
0
0
0
0
0
0
0
0
0
0
0
0
0
0
0
0
0
0
0
0
0
0
0
0
0
0
0
0
0
0
0
0
0
0
0
0
0
0
0
0
0
0
0
0
0
0
0
0
0
0
0
0
0
0
0
0
0
0
0
0
0
0
0
0
0
0
0
0
0
0
0
0
0
0
0
0
0
0
0
0
0
0
0
0
0
0
0
0
0
0
0
0
0
0
0
0
0
0
0
0
0
0
0
0
0
0
0
0
0
0
0
0
0
0
0
0
0
0
0
0
0
0
0
0
0
0
0
0
0
0
0
0
0
0
0
0
0
0
0
0
0
0
0
0
0
0
0
0
0
0
0
0
0
0
0
0
0
0
0
0
0
0
0
0
0
0
0
0
0
0
0
0
0
0
0
0
0
0
0
0
0
0
0
0
0
0
0
0
0
0
0
0
0
0
0
0
0
0
0
0
0
0
0
0
0
0
0
0
0
0
0
0
0
0
0
0
0
0
0
0
0
0
0
0
0
0
0
0
0
0
0
0
0
0
0
0
0
0
0
0
0
0
0
0
0
0
0
0
0
0
0
0
0
0
0
0
0
0
0
0
0
0
0
0
0
0
0
0
0
0
0
0
0
0
0
0
0
0
0
0
0
0
0
0
0
0
0
0
0
0
0
0
0
0
0
0
0
0
0
0
0
0
0
0
0
0
0
0
0
0
0
0
0
0
0
0
0
0
0
0
0
0
0
0
0
0
0
0
0
0
0
0
0
0
0
0
0
0
0
0
0
0
0
0
0
0
0
0
0
0
0
0
0
0
0
0
0
0
0
0
0
0
0
0
0
0
0
0
0
0
0
0
0
0
0
0
0
0


-0.196
0
-0.877
0
-3.661
0
-0.7
0
-4.005
1
-2.404
0
3.593
0
-9.629
0
-3.783
0
-2.911
0
0.423
0
-0.807
1
-1.172
0
-6.228
0
0.214
0
-3.409
1
1.843
1
-6.158
1
-3.902
0
0.621
1
3.415
1
-1.954
0
-5.774
1
-11.17
0
-0.467
1
3.174
1
-12.891
0
2.843
0
1.846
1
-3.12
1
-1.77
0
-5.939
0
2.019
1
-6.511
1
-7.933
0
-0.0779996
0
-9.351
1
-3.151
0
-3.698
0
-1.531
1
-3.806
0
-1.213
1
2.773
1
-5.094
1
5.74
1
-0.196
-1.37
0
-3.074
0
-5.979
1
-1.638
0
-2.021
1
0.22
0
-3.332
0
-5.095
0
-9.636
0
-7.786
0
10.908
0
-0.0960001
1
-3.551
1
1.976
1
-3.734
1
-4.426
0
-0.712
0
-1.336
0
3.119
0
1.615
1
-1.477
0
-0.976
1
5.213
1
-4.03
0
4.029
0
-6.519
0
-19.512
1
3.637
0
2.903
0
-0.693
0
-4.597
1
3.551
1
1.87
1
-8.372
1
-4.151
1
1.02
1
-4.664
1
-3.599
1
-4.295
0
4.699
1
-4.704
0
-6.081
1
7.953
1
-1.791
1
4.698
1
-1.37
16.189
1
14.701
0
-32.232
1
-18.064
1
-0.114
1
-1.533
0
-3.948
1
1.657
0
2.84
1
-71.367
0
-44.656
0
4.777
0
-0.854
1
1
1
-7.462
0
-6.091
1
-7.006
1
5.212
1
-9.526
1
8.975
0
8.201
0
6.862
1
6.496
0
-4.808
1
-10.645
1
2.835
0
-2.989
0
-5.981
0
-2.214
0
-7.082
1
4.498
0
-3.779
0
-5.252
0
-5.297
1
-8.412
0
9.082
0
-0.0679997
0
4.154
1
3.212
0
-4.58
0
-1.339
1
4.91
1
-2.288
0
13.263
1
1.302
0
16.189
-20.771
1
0.0849999
1
2.647
1
1.998
1
1.38
0
-10.815
1
-0.863
0
-0.325
1
0.558
0
1.208
1
1.976
1
-3.734
1
-1.086
1
-4.642
1
-2.708
1
-8.502
1
-0.738
1
-11.969
0
-0.429
1
-4.571
1
-5.01
1
1.42
0
-4.388
0
-3.641
1
-2.81
1
-1.054
0
0.453
1
-4.283
1
-1.877
1
-8.551
1
4.267
0
1.404
0
-2.998
0
0.539001
0
-4.702
1
3.116
0
-5.926
0
6.027
1
0.436
0
-2.52
1
-3.473
1
-9.117
0
-5.73
1
-6.775
0
0.409999
1
-20.771
-0.531999
0
0.864
1
10.705
1
0.367
1
0.0179999
0
5.642
1
0.419
0
0.709
1
-0.344
1
4.422
0
-9.064
1
-8.026
0
-6.752
0
-2.018
1
-3.622
0
2.131
0
7.609
1
-9.849
1
-4.41
0
-9.62
0
5.339
1
3.295
0
-0.503
0
-3.717
0
-3.792
0
1.121
1
-4.001
0
-0.528
1
-3.762
1
-8.356
1
-5.265
0
-16.18
1
1.147
1
3.43
1
-3.415
0
-0.951
0
-9.597
0
-15.648
1
-12.631
0
-8.94
1
0.0900004
1
-9.143
0
7.748
0
3.97
1
-4.868
0
-0.531999
-33.194
1
-3.874
1
-4.558
0
-11.142
1
-1.566
0
-2.841
1
-17.816
0
-5.439
1
-1.913
1
-1.666
0
-8.244
0
-7.454
1
-0.00800025
0
-4.382
0
-1.866
1
11.339
0
-0.411
1
-2.954
1
-11.764
0
-3.909
0
2.272
1
-3.208
1
11.588
1
-2.285
0
-0.629
1
-1.209
1
-4.652
0
1.69
1
-2.287
0
-7.645
1
-0.356
0
-1.022
1
1.077
0
-6.811
1
0.711
1
-0.147
0
13.707
0
-1.432
0
3.608
0
0.262
1
0.67
0
-2.141
0
0.654
1
-2.81
0
-0.841
1
-33.194
-51.486
0
5.512
0
3.142
0
0.4
1
-4.621
0
4.831
0
-9.434
1
-2.107
1
-1.33
0
-8.492
1
4.799
0
-3.333
0
0.945
0
-0.929
0
-8.996
0
0.185
1
-2.362
0
-2.671
1
-6.322
0
-6.444
0
-10.34
0
-1.754
0
-4.015
1
1.73
0
-3.492
1
-5.943
1
-6.724
0
5.921
1
-0.313
1
4.579
0
5.751
0
-2.856
0
0.494
1
-1.219
1
-1.794
1
-5.019
0
-0.563
1
-1.765
1
1.332
0
3.607
1
-3.561
1
0.384
0
1.799
0
1.897
1
-1.857
1
-51.486
-74.909
1
-1.607
0
8.16
0
-12.889
0
-10.691
1
0.84
0
1.347
0
-2.006
0
-4.145
1
-7.552
0
-4.435
1
-7.664
0
1.584
0
-7.733
1
-4.016
0
-4.317
0
3.71
1
-2.2
1
0.794
0
8.704
0
-7.661
1
2.395
1
-0.836
1
-0.654
0
-1.414
0
8.183
0
-2.202
1
0.304
1
-4.821
1
-3.05
1
1.474
0
-4.233
0
-9.331
0
-2.855
1
7.143
1
2.039
0
-9.787
0
-0.0879997
0
-1.839
1
5.581
0
0.719
0
-12.512
0
-0.33
0
1.928
1
-3.469
0
-74.909
-4.406
0
0.614
0
-5.407
1
-1.83
0
0.308
0
0.128
0
0.549
1
-4.586
0
-6.468
0
-0.429
1
-3.461
0
-13.394
1
1.982
1
-0.176
0
3.131
1
-2.461
1
-3.024
0
2.534
0
-4.463
0
3.967
0
-1.828
1
1.984
0
-2.554
1
-6.547
0
-1.325
1
5.171
1
0.677
1
3.009
1
-1.008
1
-12.728
0
-6.69
0
-2.055
1
-0.189
1
-2.859
0
-0.0910003
0
7.886
0
5.8
1
-5.43
1
-7.418
0
-12.675
1
2.178
0
0.926
0
-6.719
1
-5.066
0
-4.67
1
-4.406
-10.219
0
-6.733
0
5.975
1
9.357
1
-3.637
1
-8.002
0
-3.961
0
-5.764
1
1.673
1
0.124999
1
6.383
0
-3.254
0
-10.939
1
1.722
1
3.763
1
-2.611
0
-1.091
0
-0.886
0
-6.163
0
5.242
0
3.349
1
-1.064
0
2.772
0
-7.506
1
1.53
0
2.625
1
-5.135
1
-4.425
0
2.484
1
1.413
1
1.05
1
-1.14
1
-3.836
1
-1.961
0
3.875
0
11.419
0
-5.967
0
1.243
0
-13.029
1
-4.359
1
0.835
0
-0.227
0
1.37
1
-1.402
1
-1
1
-10.219


-0.278
0
4.862
1
-0.158
0
-8.113
0
-4.199
0
-0.193999
0
-1.643
0
-4.977
0
1.097
1
3.373
0
-3.684
0
1.97
1
-1.849
1
4.036
1
-1.696
1
1.139
0
-7.033
0
0.393
0
-5.744
0
-6.892
0
-3.492
0
-0.0209998
0
-1.389
0
-7.457
0
-4.195
1
-7.144
1
4.977
1
-3.623
0
-6.611
1
-2.504
0
-0.59
1
-7.396
0
-1.993
0
11.427
0
-3.554
1
-0.734
1
-11.561
1
-3.803
1
-5.807
0
-4.04
0
-11.865
1
1.021
0
-0.108
0
2.606
1
-10.282
1
-0.278
-3.979
0
-1.406
1
-4.927
1
-3.149
0
0.839999
0
8.874
1
-1.426
0
-6.627
0
2.375
0
-4.662
1
2.739
0
-3.628
0
10.067
0
-4.694
1
-8.779
0
1.211
0
-3.449
1
-0.122999
1
1.916
0
-5.594
1
1.952
0
-4.993
0
-7.228
0
4.099
1
-3.163
0
4.101
0
9.205
1
-0.467
0
-7.202
0
-1.088
0
-14.15
1
-6.234
1
0.505
0
-2.574
1
-0.315
0
-0.525
0
-9.356
0
-1.949
1
6.495
1
-1.651
0
-2.35
0
-5.655
1
0.391
1
-4.142
0
-3.884
1
-3.979
7.596
1
2.706
1
0.224
0
2.45
0
-5.111
0
-1.343
0
2.854
1
0.0770001
0
-6.707
1
0.419
1
1.163
1
-1.879
1
-9.447
0
3.48
1
4.754
0
5.256
0
0.826
1
-0.126
1
5.239
1
1.431
0
-3.274
0
2.862
0
6.042
0
-3.619
0
-2.465
0
-8.894
0
4.671
1
-0.774
1
-6.052
0
5.935
0
2.722
0
1.627
1
2.339
0
2.8
0
4.958
0
1.791
0
3.575
1
-3.807
1
-1.426
0
-5.264
1
3.322
1
-4.596
0
1.995
1
-3.311
1
5.172
1
7.596
-18.442
1
1.364
0
9.831
0
-1.724
0
-9.883
0
-0.535
1
-14.283
1
2.215
0
-12.238
0
-3.448
0
-4.073
0
-1.077
1
-1.371
1
4.073
1
-12.011
1
1.544
1
2.318
1
9.178
1
1.823
0
4.154
0
1.324
0
4.019
1
-4.856
1
6.187
1
-3.608
1
-0.24
0
2.595
0
-1.273
1
-7.049
1
-0.332
0
-5.41
1
-2.962
0
-17.063
1
0.626
0
2.2
0
0.319
1
-2.266
0
5.851
0
3.239
0
6.031
0
1.468
0
-1.328
1
-3.068
1
-2.962
0
-6.024
0
-18.442
-73.494
1
6.407
0
-2.729
0
-0.189
0
4.055
0
6.462
1
2.578
1
-5.692
1
-2.982
1
0.833
0
-2.839
1
-1.019
1
-16.229
0
-10.175
0
5.808
0
0.89
1
4.379
0
-6.403
1
1.183
1
-4.414
0
-5.628
0
5.175
0
5.259
0
-0.154
0
4.31
1
-2.233
1
-3.957
1
0.402
1
-6.396
1
0.0470002
0
-1.73
0
-1.289
0
-4.517
0
-4.504
1
-7.405
1
-3.582
0
-6.305
1
5.626
1
6.318
0
-3.915
1
-4.48
0
2.067
1
3.136
1
3.097
1
4.029
1
-73.494
-29.359
0
9.432
1
-1.32
1
-6.208
1
4.356
0
-4.349
1
-1.038
0
-3.089
0
-4.606
1
-5.199
0
4.991
0
4.495
1
-8.234
0
3.727
1
-2.968
0
-3.55
1
1.425
0
-5.321
1
1.569
0
-9.404
0
-0.814
1
3.763
1
-4.65
0
6.441
0
2.213
0
-4.29
1
-2.414
0
-11.188
0
-2.003
1
-4.862
0
7.848
0
-1.032
0
-7.095
1
1.42
1
-4.852
1
-1.298
1
-5.325
0
2.062
1
-4.412
1
-1.058
0
-5.684
1
-2.641
1
-0.0919999
0
3.674
1
-1.179
0
-29.359
12.247
0
1.426
0
10.73
1
-0.0490001
0
1.813
1
0.712
0
-1.741
0
2.084
1
5.826
1
-3.743
0
-1.918
1
-5.621
0
-2.465
1
5.071
1
0.0900003
1
-4.7
0
-0.0910002
0
4.44
0
3.132
1
-0.848
0
3.911
0
1.758
0
-1.926
0
-9.049
1
8.233
1
1.021
0
-7.07
0
4.513
0
7.4
0
-1.118
1
-1.088
1
1.022
0
-2.177
1
3.076
1
-7.835
0
2.549
1
-2.045
0
4.939
1
-5.61
1
-3.732
0
0.82
1
-2.401
1
-1.473
1
-1.41
0
-4.526
0
12.247
23.248
0
3.446
1
-5.217
1
-2.534
0
-4.995
1
3.945
0
-3.171
1
6.551
1
-4.615
1
4.18
1
-0.55
1
8.597
0
-4.065
0
-1.587
1
-1.043
1
5.606
1
-0.452
1
-6.336
0
3.734
0
-2.589
0
8.283
0
-4.538
0
-1.548
1
6.271
0
-5.161
0
3.134
1
9.474
1
-7.422
0
-6.253
1
-1.814
0
-3.7
0
1.779
1
-0.124
0
-9.564
1
0.163
0
-0.836
1
-3.14
0
-1.882
0
1.708
0
-7.241
0
0.451
0
-4.084
1
-3.488
0
-11.682
0
3.246
1
23.248
-21.617
0
-9.007
1
0.577
0
-2.635
1
-3.207
0
0.378
0
-10.155
0
3.163
0
-9.443
0
1.827
1
-1.498
1
1.589
0
3.185
0
2.73
1
-3.405
0
2.922
1
9.519
0
1.849
1
5.652
1
-9.927
0
-6.877
0
2.438
0
-5.171
0
-7.53
0
5.51
1
3.691
1
4.231
1
3.573
1
-3.954
0
9.28
0
-11.143
1
-1.07
0
-5.297
1
2.24
0
-1.049
1
-6.601
1
9.777
0
0.03
1
1.834
0
-3.708
0
5.8
0
-4.466
1
-7.355
1
-4.724
1
-9.62
1
-21.617
-79.632
0
7.945
0
-1.046
0
-1.216
0
-5.493
1
-0.66
0
4.392
0
9.105
1
-5.612
1
-4.917
0
1.162
1
10.393
1
-8.458
0
-6.71
1
3.494
1
12.194
1
-1.025
1
-0.378999
1
-10.397
0
4.386
0
-1.973
0
0.927001
0
-4.648
1
-3.39
0
-13.901
1
2.16
0
-1.557
1
8.389
0
-2.745
0
-4.74
0
-1.599
1
2.191
0
10.927
0
-6.827
1
-9.504
0
-5.157
0
-10.758
0
8.052
0
-0.77
1
2.649
1
3.691
1
3.979
1
-5.1
0
6.981
0
-7.088
1
-79.632


-20.709
1
-9.984
1
-7.119
1
6.244
1
4.142
0
-1.531
0
3.168
0
1.004
0
3.172
0
-0.754
0
3.056
1
-5.248
0
-0.746
0
-1.651
0
0.925
0
0.98
0
-2.765
1
-3.597
0
4.363
1
3.684
1
-2.924
0
-8.175
1
-4.295
0
-5.763
0
-0.892
0
7.463
1
-1.649
1
-5.324
0
-5.35
0
-10.605
1
-7.907
0
-2.03
0
0.214
1
-1.012
1
10.358
0
3.334
0
-3.563
0
-4.065
1
1.428
0
-5.982
1
-7.75
0
0.416
1
-13.824
0
-16.561
1
-3.825
0
-20.709
-59.619
0
-2.691
1
1.033
1
4.65
0
0.916
0
-11.329
0
-0.588
0
-1.731
0
-8.75
1
-2.748
1
-1.953
0
-11.509
0
-5.965
0
0.319
1
1.339
1
1.55
0
-1.115
1
-3.084
1
-8.938
0
2.747
0
-2.381
1
-8.749
0
-5.773
0
-0.646
1
6.995
0
3.463
1
-1.248
0
-4.585
1
-1.118
1
4.909
1
2.863
0
2.996
0
-4.494
0
-0.919
0
-5.042
0
-2.632
0
-0.395
1
-4.377
1
5.732
0
-5.619
0
-5.331
1
4.096
0
-0.243
1
-9.275
1
-8.734
0
-59.619
-25.576
0
-16.299
0
-0.275
0
-5.618
1
-7.028
0
4.898
1
-2.645
0
-2.183
0
3.487
0
-7.275
1
5.492
1
-4.307
1
-5.253
0
1.738
1
-4.741
0
2.816
1
-0.24
1
4.622
1
2.722
0
-3.251
0
2.431
1
-4.213
1
-1.806
1
-0.715
1
4.634
1
0.449
0
-5.153
0
-7.902
1
-2.751
0
0.721
0
-7.612
1
-4.178
1
-7.111
0
-3.625
0
1.345
1
-2.107
1
-1.296
0
-1.386
0
-1.371
0
-6.038
1
2.376
1
2.274
1
-12.448
1
4.53
1
-8.85
0
-25.576
-31.903
1
-5.869
0
1.614
1
-5.267
1
1.387
1
9.538
1
3.312
1
2.233
1
-0.263
1
-5.219
0
-0.354
0
1.157
0
-2.869
0
0.322001
0
0.192
1
-2.33
1
3.138
0
-2.36
1
-1.485
0
-9.827
0
-3.913
1
-3.886
0
-6.876
0
-3.404
0
4.455
1
0.153
0
-3.988
0
1.525
1
0.881001
0
8.939
0
-4.462
0
-4.353
0
8.416
0
-2.068
0
-4.401
0
-0.182
1
-1.607
0
-0.285
0
6.709
1
-3.534
1
-1.959
1
1.433
1
5.46
0
-3.732
1
2.354
1
-31.903
-68.21
1
-1.952
1
8.529
0
-8.455
0
0.131999
0
3.131
0
8.984
0
-13.145
0
-1.128
0
-8.161
1
0.315
0
-1.796
0
-4.566
1
-4.742
1
3.824
0
-8.688
0
-5.185
0
-0.894
0
4.629
0
3.926
1
0.251
1
-3.125
1
-5.677
0
-1.032
0
-3.798
0
-2.578
0
-6.769
1
-1.362
1
-1.902
0
3.07
1
-1.585
1
3.025
0
7.794
0
2.517
0
-3.544
1
6.082
0
-2.128
0
3.186
0
1.301
1
-0.0529997
0
3.21
1
4.762
0
-4.375
0
12.979
0
5.998
0
-68.21
-11.514
0
5.267
0
2.298
0
5.948
1
-4.03
0
-2.416
0
6.328
0
-3.982
0
0.469
1
0.178
0
-7.913
1
-5.341
1
6.393
1
-1.571
1
-0.163
1
0.983
1
-2.041
0
4.801
0
6.177
0
-10.6
1
-1.152
0
1.262
0
-13.139
0
1.933
0
-4.512
1
-12.535
0
-2.4
0
-5.73
0
-9.956
1
1.327
1
-0.951999
1
-3.657
1
-1.549
1
-5.072
1
-2.263
0
2.273
1
5.663
1
4.105
1
2.23
0
-9.768
0
-2.548
0
5.882
1
0.162
0
-5.361
1
-1.478
0
-11.514
-75.04
1
-4.679
0
5.188
0
4.609
0
3.445
1
1.92
1
11.318
0
-6.05
1
9.629
1
6.742
1
-3.759
0
-9.632
0
-9.252
1
-2.072
0
9.771
1
-7.995
1
-7.198
0
-1.65
0
1.187
0
6.62
1
-6.553
1
-6.535
0
-7.979
0
2.251
0
-4.738
0
-2.556
0
-0.275
0
12.812
0
-15.704
1
1.076
1
0.414
1
-3.545
0
-3.35
0
-10.11
0
0.733
0
0.806
1
2.661
1
-11.146
0
-1.072
1
-3.705
1
-0.967
1
-4.264
0
6.144
1
5.576
0
-3.338
0
-75.04
-21.897
1
-4.007
0
5.276
1
-6.274
1
-5.027
0
-8.591
0
2.922
0
3.055
1
0.653
1
14.684
0
-0.412
0
-1.407
1
-0.11
0
-3.342
0
2.969
1
-2.235
0
0.296
1
-1.265
1
1.607
1
6.679
0
-10.21
0
-0.657
0
0.465
1
-7.608
1
-2.873
1
-2.877
0
-6.154
1
1.089
1
-10.865
0
-10.61
0
-9.705
1
1.633
1
11.613
0
4.868
1
-1.453
0
2.865
0
1.613
1
1.06
0
-1.897
1
2.9
1
-1.765
0
-0.576
0
1.009
1
-0.846
0
-3.226
1
-21.897
-61.284
0
-6.355
1
5.718
0
-0.465
1
-1.99
0
-6.001
0
-3.974
0
-4.417
1
-3.448
0
-8.397
1
0.608
1
-1.425
1
-6.268
1
-7.306
1
-2.606
1
-4.158
0
-7.774
0
-8.149
1
-0.881
0
-0.361
1
2.244
0
1.684
1
-5.453
1
1.167
1
0.475
0
2.81
1
-0.284
0
-5.418
1
-7.72
1
0.708
1
-2.18
1
-1.398
1
-5.164
0
3.441
0
3.715
1
-6.803
1
4.062
1
-5.328
0
-4.766
0
-3.919
1
3.802
1
-3.277
1
-1.856
1
-9.466
0
-2.55
1
-61.284
-40.477
0
-9.454
1
-0.148
1
-5.582
0
-4.757
1
-7.834
0
1.57
0
-0.584
0
4.951
0
-0.916999
1
0.24
0
5.388
0
1.132
1
-10.491
1
-3.676
0
6.591
0
4.97
1
-2.756
0
0.989
1
8.174
1
-3.101
1
-3.288
1
-2.542
1
-5.023
0
-4.408
1
6.409
1
-4.989
0
-0.656
1
2.222
1
2.957
1
2.813
1
0.582
0
-11.799
1
5.391
0
1.266
1
-1.385
1
2.117
0
-5.218
0
3.682
1
0.81
0
2.561
0
-1.796
1
-1.56
1
-5.203
1
-2.503
1
-40.477


-2.456
0
6.742
1
0.02
0
-0.25
0
5.105
0
-1.549
0
-2.189
1
-2.621
0
0.605
0
-7.987
0
-12.867
1
-11.592
1
-7.06
0
-8.378
0
1.775
0
1.673
0
-7.903
0
1.906
0
4.984
0
3.942
0
-5.111
0
-3.111
0
2.834
0
1.002
0
-1.183
0
17.626
0
0.253
1
-2.063
0
-5.723
0
0.83
0
1.38
0
1.124
0
1.929
0
2.952
0
-5.079
0
4.053
0
-2.465
0
-4.36
0
2.031
0
-5.874
0
-2.677
0
-3.498
1
-0.00699997
0
-3.066
0
-5.089
0
-2.456
-3.327
0
2.2
0
-4.513
0
2.801
0
-13.518
0
-12.212
0
-4.799
0
-6.063
0
0.398
0
8.435
0
2.832
0
-3.085
1
4.579
0
6.83
1
-7.263
0
1.668
1
-2.189
0
-8.723
0
-3.926
0
2.873
0
-0.922
0
-0.877
0
5.013
1
0.59
0
-2.237
0
-1.493
0
-5.107
0
4.212
0
-3.604
0
-6.303
0
-1.495
0
9.231
0
-1.797
0
-0.315
0
-12.017
0
-5.594
0
3.387
0
-5.375
0
-8.547
0
1.6
0
11.296
0
-4.482
0
-15.663
0
-2.583
0
7.705
0
-3.327
0.449001
0
-6.357
1
-0.429
0
3.658
0
9.79
0
4.124
0
0.782
0
-3.324
1
2.224
0
2.891
0
1.413
0
2.435
1
-7.662
0
0.224
1
-4.648
0
-6.725
0
-1.105
0
0.502
0
7.415
0
3.039
1
-0.000999928
0
0.143
0
-2.368
0
-6.28
0
-3.742
0
-6.353
0
-0.649
0
-5.038
0
-1.757
0
2.56
0
-5.964
0
7.074
0
-9.474
0
10.261
0
4.714
0
13.113
0
-0.878
0
-2.431
0
-3.519
0
-6.483
1
-0.0569999
0
-3.952
0
-14.293
0
-10.865
0
-1.612
0
0.449001
1.982
0
-4.892
0
-3.402
0
0.443
1
2.815
0
-4.579
1
0.769
0
-6.79
0
-1.535
0
2.327
0
0.225
1
8.747
1
-2.661
0
-4.521
1
6.138
0
-1.478
0
-6.855
0
-0.522
0
-1.885
1
0.036
0
-1.373
0
11.552
0
2.76
0
0.715
1
0.04
1
0.163
0
-0.986
0
-0.204
0
-0.41
0
-2.483
0
1.594
0
-14.374
0
5.885
0
-1.425
0
-0.834
0
-2.563
0
-5.617
0
-3.91
0
2.001
0
-6.013
0
-0.0990002
0
4.659
0
-4.107
0
1.668
0
-1.398
1
1.982
