

0
0
0
0
0
0
0
0
0
0
0
0
0
0
0
0
0
0
0
0
0
0
0
0
0
0
0
0
0
0
0
0
0
0
0
0
0
0
0
0
0
0
0
0
0
0
0
0
0
0
0
0
0
0
0
0
0
0
0
0
0
0
0
0
0
0
0
0
0
0
0
0
0
0
0
0
0
0
0
0
0
0
0
0
0
0
0
0
0
0
0
0
0
0
0
0
0
0
0
0
0
0
0
0
0
0
0
0
0
0
0
0
0
0
0
0
0
0
0
0
0
0
0
0
0
0
0
0
0
0
0
0
0
0
0
0
0
0
0
0
0
0
0
0
0
0
0
0
0
0
0
0
0
0
0
0
0
0
0
0
0
0
0
0
0
0
0
0
0
0
0
0
0
0
0
0
0
0
0
0
0
0
0
0
0
0
0
0
0
0
0
0
0
0
0
0
0
0
0
0
0
0
0
0
0
0
0
0
0
0
0
0
0
0
0
0
0
0
0
0
0
0
0
0
0
0
0
0
0
0
0
0
0
0
0
0
0
0
0
0
0
0
0
0
0
0
0
0
0
0
0
0
0
0
0
0
0
0
0
0
0
0
0
0
0
0
0
0
0
0
0
0
0
0
0
0
0
0
0
0
0
0
0
0
0
0
0
0
0
0
0
0
0
0
0
0
0
0
0
0
0
0
0
0
0
0
0
0
0
0
0
0
0
0
0
0
0
0
0
0
0
0
0
0
0
0
0
0
0
0
0
0
0
0
0
0
0
0
0
0
0
0
0
0
0
0
0
0
0
0
0
0
0
0
0
0
0
0
0
0
0
0
0
0
0
0
0
0
0
0
0
0
0
0
0
0
0
0
0
0
0
0
0
0
0
0
0
0
0
0
0
0
0
0
0
0
0
0
0
0
0
0
0
0
0
0
0
0
0
0
0
0
0
0
0
0
0
0
0
0
0
0
0
0
0
0
0
0
0
0
0
0
0
0
0
0
0
0
0
0
0
0
0
0
0
0
0
0
0
0
0
0
0
0
0
0
0
0
0
0
0
0
0
0
0
0
0
0
0
0
0
0
0
0
0
0
0
0
0
0
0
0
0
0
0
0
0
0
0
0
0
0
0
0
0
0
0
0
0
0
0
0
0
0
0
0
0
0
0
0
0
0
0
0
0
0
0
0
0
0
0
0
0
0
0
0
0
0
0
0
0
0
0
0
0
0
0
0
0
0
0
0
0
0
0
0
0
0
0
0
0
0
0
0
0
0
0
0
0
0
0
0
0
0
0
0
0
0
0
0
0
0
0
0
0
0
0
0
0
0
0
0
0
0
0
0
0
0
0
0
0
0
0
0
0
0
0
0
0
0
0
0
0
0
0
0
0
0
0
0
0
0
0
0
0
0
0
0
0
0
0
0
0
0
0
0
0
0
0
0
0
0
0
0
0
0
0
0
0
0
0
0
0
0
0
0
0
0
0
0
0
0
0
0
0
0
0
0
0
0
0
0
0
0
0
0
0
0
0
0
0
0
0
0
0
0
0
0
0
0
0
0
0
0
0
0
0
0
0
0
0
0
0
0
0
0
0
0
0
0
0
0
0
0
0
0
0
0
0
0
0
0
0
0
0
0
0
0
0
0
0
0
0
0
0
0
0
0
0
0
0
0
0
0
0
0
0
0
0
0
0
0
0
0
0
0
0
0
0
0
0
0
0
0
0
0
0
0
0
0
0
0
0
0
0
0
0
0
0
0
0
0
0
0
0
0
0
0
0
0
0
0
0
0
0
0
0
0
0
0
0
0
0
0
0
0
0
0
0
0
0
0
0
0
0
0
0
0
0
0
0
0
0
0
0
0
0
0
0
0
0
0
0
0
0
0
0
0
0
0
0
0
0
0
0
0
0
0
0
0
0
0
0
0
0
0
0
0
0
0
0
0
0
0
0
0
0
0
0
0
0
0
0
0
0
0
0
0
0
0
0
0
0
0
0
0
0
0
0
0
0
0
0
0
0
0
0
0
0
0
0
0
0
0
0
0
0
0
0
0
0
0
0
0
0
0
0
0
0
0


-112.843
0
0.179
0
-0.996
0
-3.939
1
5.61
0
-0.497
0
8.081
1
-10.029
0
-10.302
1
-3.617
0
-0.919
1
9.509
0
2.728
0
-0.181
0
4.163
1
4.945
1
4.272
0
0.774
0
-5.776
0
-3.186
0
9.14
1
-4.598
0
1.722
1
-8.037
1
-8.234
1
1.656
0
4.133
0
0.964
1
-3.306
1
-3.251
0
3.303
1
1.689
0
2.84
0
-1.404
0
-3.162
1
2.614
1
2.519
1
-9.091
0
-2.725
0
-5.881
1
-13.169
0
-0.434
0
-4.561
0
-3.31
0
-2.426
1
-112.843
-27.707
0
0.52
1
-9.454
0
-11.907
0
-1.179
1
-0.401
1
-9.44
1
0.721
0
-3.774
0
8.114
0
-3.996
1
-9.947
1
-9.134
0
6.616
1
-8.348
1
4.27
1
-0.594
1
-4.446
1
0.928
1
4.377
1
-1.229
0
-6.078
0
-1.701
0
-2.881
0
-3.632
0
-0.626
0
5.329
1
-4.668
0
-2.481
1
-7.987
1
-1.805
1
1.573
0
2.605
0
3.888
0
-1.365
0
-7.295
1
5.799
1
1.293
1
0.804
1
-3.443
1
-0.185
1
-2.698
0
8.747
1
-10.956
1
8.546
0
-27.707
-6.535
0
-4.614
1
-7.527
1
-7.111
0
4.994
0
-0.136
1
-4.335
1
5.176
1
4.254
0
6.85
1
-0.305
1
-4.635
0
-5.295
0
-4.476
1
-1.491
1
-4.269
0
2.357
0
-5.518
0
-6.986
0
-2.656
1
3.715
1
-2.477
1
-11.027
0
-7.969
1
-1.652
1
1.386
0
-6.089
1
9.871
0
2.666
0
2.152
0
1.287
1
8.993
0
6.359
0
-5.732
0
-2.813
0
5.829
0
-1.885
1
2.448
0
6.486
0
-7.446
1
-9.359
0
-2.817
0
-10.235
0
-5.286
0
4.87
1
-6.535
-87.23
0
-9.777
0
-8.653
0
0.257
1
5.895
0
3.464
1
-5.515
1
-2.77
1
2.153
0
8.231
1
-4.28
0
-5.688
0
-6.774
0
4.614
0
5.095
1
-2.469
1
2.85
0
-3.125
1
-5.491
0
10.57
1
4.962
1
-8.957
1
-2.022
1
-1.59
0
-3.63
0
-7.531
1
4.858
1
0.5
1
-8.044
0
-0.768
1
-5.185
0
1.026
1
-0.247
0
-5.985
0
-3.448
0
-7.288
1
1.13
1
-9.332
0
-2.108
0
-2.632
0
-2.553
1
0.435
1
2.829
1
0.632
1
2.846
0
-87.23
-31.119
0
-3.343
0
-6.531
0
-4.241
1
0.494
0
-3.21
0
-11.945
0
0.422
1
3.517
0
3.321
0
-1.859
1
-9.171
0
3.279
0
0.458
0
12.528
1
-0.0170001
0
7.167
1
-4.282
0
-3.504
1
0.856
0
-3.752
1
6.222
1
-1.52
1
-0.252
0
-4.131
0
-1.25
1
-1.306
0
-6.568
1
-3.727
1
-5.495
1
2.849
0
3.238
1
3.694
1
-2.937
1
-12.129
1
-1.629
1
-5.163
0
-1.666
1
-2.209
1
-2.958
1
3.092
1
-6.432
0
2.74
1
-10.732
0
8.465
1
-31.119
-94.615
1
-3.063
0
-1.538
1
-3.33
0
-13.494
0
1.737
1
-5.661
1
11.513
1
-5.365
0
-2.456
1
-1.623
0
5.379
1
-0.489
0
1.498
0
-1.633
1
10.076
0
-7.041
0
1.139
0
-5.411
0
-4.203
1
7.774
1
3.323
0
0.121
1
-3.387
1
-0.0210002
1
6.582
0
5.911
0
2.237
1
-2.759
1
3.398
0
4.993
1
-3.835
1
-2.47
1
-5.131
1
-1.316
1
7.374
1
-2.838
1
-0.406
0
-3.07
1
4.62
0
-4.301
1
-2.196
1
-8.357
1
-1.799
0
0.432
0
-94.615
20.101
1
-8.742
1
4.621
0
-0.369
0
-0.841
0
-9.619
0
4.628
1
-15.869
1
-3.134
0
-7.769
1
-0.845
1
-6.225
1
0.638
0
9.634
1
2.726
1
-8.23
0
-3.593
1
3.743
0
-1.254
1
-12.707
0
-9.428
0
2.809
1
-2.652
0
-6.365
0
-1.353
0
-6.178
1
6.18
0
2.777
0
11.874
1
3.262
0
-0.346
0
-1.524
1
-2.55
0
-4.834
0
3.201
0
-4.501
0
3.407
0
5.073
0
4.722
1
6.264
1
5.241
0
-5.991
1
3.752
0
1.236
0
-2.335
0
20.101
-80.321
1
-4.963
0
1.644
1
-9.86
0
5.955
0
-8.161
0
-5.224
1
1.864
1
0.0309998
0
-6.213
1
-8.454
1
-3.146
0
4.327
0
-3.098
0
-8.467
1
-2.454
1
-2.181
1
6.819
1
3.037
0
7.298
1
1.914
0
-8.422
1
3.024
0
4.882
1
0.523
0
-0.241
0
-2.689
1
3.124
0
8.769
1
-1.079
1
7.045
0
-6.021
0
1.021
1
-2.116
1
8.789
0
-3.188
1
-8.662
0
-2.114
0
0.606
0
-10.965
1
-4.35
1
-1.952
1
-1.61
0
3.668
1
-0.303
1
-80.321
-36.105
1
3.956
1
1.82
1
-11.005
0
2.995
1
-6.886
1
1.244
1
-11.717
0
6.421
1
-5.808
1
-2.989
1
2.694
0
0.264
0
1.87
0
-0.778
0
-9.38
1
-1.594
1
-5.421
0
-11.491
1
-1.665
1
0.795
0
-4.223
0
-6.007
1
-3.698
1
-4.101
0
9.196
0
-3.908
1
-7.388
1
-7.789
1
-2.351
0
10.23
1
-3.068
0
-6.378
1
-0.471
1
-0.458
0
0.528
0
10.902
1
-8.844
1
-5.207
1
-6.81
0
-0.607
0
-1.014
0
-0.280999
0
-0.113
1
0.061
1
-36.105
-32.396
0
3.865
1
3.453
1
4.327
0
-10.672
1
5.331
1
-24.121
0
3.168
1
1.981
1
0.496
0
-1.568
0
9.258
1
-5.93
1
-1.717
1
4.415
0
2.548
1
-8.997
1
-1.553
1
2.348
1
-7.46
1
-2.564
0
-5.339
1
9.624
0
5.771
0
-0.501
1
-6.324
0
1.535
0
2.204
0
1.389
1
-9.736
0
-3.273
1
8.363
1
1.93
0
4.121
0
-6.099
1
-0.565
0
0.902
0
1.433
0
-10.442
1
2.273
0
-7.418
1
-10.756
1
-3.163
0
7.328
1
3.702
0
-32.396


-41.989
0
-2.456
0
2.118
0
8.267
1
1.434
1
-6.839
0
1.727
1
-3.327
0
-6.02
0
2.395
1
-4.514
1
-0.527
0
-3.656
1
0.156
1
-10.876
0
2.216
1
-3.221
0
-3.381
1
2.229
1
1.795
0
-2.977
0
-12.752
1
2.514
0
9.289
0
-0.826
1
-2.684
1
-1.603
0
-1.47
1
-4.588
1
-5.909
1
4.429
1
-3.584
0
-6.08
0
-0.452
1
-9.36
1
0.581
1
-0.919
0
5.172
0
-0.889
0
-5.238
0
-1.758
0
-3.464
0
-3.083
1
-0.559
0
-0.563
1
-41.989
-45.384
0
1.209
1
-1.629
1
3.875
0
-8.687
0
15.265
1
1.87
1
-5.235
0
-6.464
1
-2.558
0
-1.064
0
0.0899999
0
-1.321
1
-4.407
1
-3.933
1
-8.701
1
2.736
1
-7.08
0
-0.729
1
-6.54
1
3.934
1
4.032
0
0.53
0
-1.322
1
1.531
0
-2.179
0
-0.301
0
0.771
1
-3.709
0
-9.178
1
-0.335
1
-5.859
1
-1.489
1
-4.29
1
0.0640004
1
7.73
1
0.186
1
0.933
1
-3.74
1
3.382
1
-0.518
0
4.621
0
-11.767
1
-1.984
1
-2.884
1
-45.384
1.607
0
-4.639
1
2.829
0
-0.258
1
-2.431
1
2.192
1
-2.181
1
4.998
1
-0.666
1
-2.831
0
6.025
1
3.434
0
-7.151
0
8.845
0
-0.86
0
0.407
0
-0.319
0
3.39
0
0.142
0
-1.521
0
0.519
0
3.872
1
-1.885
1
-0.798
0
-0.675
1
2.752
1
6.575
0
1.422
1
3.314
1
-12.946
1
1.214
0
1.495
1
-3.357
0
-3.672
1
8.945
0
-3.023
0
0.544
0
-0.662
0
2.962
0
-8.252
0
-0.702
0
-0.774
0
-4.876
0
1.316
0
-1.881
0
1.607
-43.459
1
-2.895
0
1.55
1
2.061
0
7.266
1
2.403
0
-0.0920001
1
-1.198
1
-13.07
0
-1.659
0
-4.439
0
3.37
0
-4.944
0
4.452
0
-0.487
0
1.442
1
-3.023
0
-1.936
1
0.85
0
7.366
1
-1.217
1
-8.764
0
-1.277
0
-9.019
0
3.952
1
5.196
0
4.121
1
2.188
1
-6.218
0
-4.378
0
-3.614
1
4.855
0
-3.348
1
8.019
0
4.289
0
-2.712
1
3.502
0
5.596
0
4.586
0
0.902
1
1.679
1
-6.504
1
-4.478
0
4.48
0
1.121
0
-43.459
-19.586
1
4.77
0
-8.964
1
2.714
1
-0.897
0
-17.759
1
-11.383
1
-4.134
1
-9.164
1
-12.152
1
-3.166
0
-4.375
0
-3.911
1
-2.055
1
-2.692
0
-2.087
0
2.461
0
0.307
0
0.491
1
-6.726
0
-1.297
1
-10.38
0
-1.858
1
3.895
1
-0.22
1
-5.06
0
-2.006
1
2.471
1
-6.467
1
-3.226
0
3.989
1
-4.852
1
3.498
0
7.775
1
2.065
1
4.029
1
0.291
1
-3.053
0
0.897
1
-8.358
1
0.712
0
-4.453
1
-6.256
1
4.616
0
-4.776
1
-19.586
-89.859
0
-3.957
1
-1.078
1
0.234
1
-2.152
1
2.231
0
-3.926
1
-4.879
1
-7.781
1
1.158
1
-2.243
1
-10.279
1
-1.073
0
4.513
1
-5.078
1
-2.153
1
-0.1
1
-1.514
0
2.057
1
-1.028
1
-6.722
0
-8.408
0
-3.182
0
-2.382
1
-7.106
0
11.226
0
6.353
1
-3.125
1
-6.073
1
-4.748
1
-3.318
1
-4.254
0
-7.437
1
-4.549
0
-5.072
0
0.209
0
0.541
0
-3.186
1
8.787
1
1.525
1
3.165
1
4.162
1
-1.118
1
-2.293
0
2.78
0
-89.859
-11.004
0
-3.569
1
-1.442
0
-3.646
0
-1.049
0
-1.803
1
4.056
0
-6.174
1
2.617
1
-5.296
0
-3.48
1
-8.754
1
-7.912
0
9.226
0
-2.121
1
1.786
1
-6.308
1
-7.686
0
5.622
1
-1.273
1
-1.602
0
3.25
1
2.807
0
-1.185
1
1.547
1
-0.702
0
3.785
0
2.814
0
-5.753
1
2.342
0
-3.625
0
-2.222
1
2.517
1
-5.521
1
5.544
0
-0.0490001
1
-3.11
1
3.782
0
-12.275
1
-3.077
0
0.104
1
1.523
1
4.169
0
6.467
1
-5.783
1
-11.004
-80.644
1
1.71
0
2.675
0
-4.485
0
-1.392
0
-11.712
0
3.768
0
0.394
1
-8.682
1
1.085
1
-0.575
0
0.744
0
-7.956
0
-2.687
0
-1.558
1
-0.72
0
-3.411
1
6.387
0
0.584
0
-5.394
0
6.646
0
-6.198
0
0.941
0
4.626
1
0.862
0
-6.801
0
-2.892
0
-10.498
1
-8.154
1
-8.398
0
11.105
0
2.318
0
-2.301
1
1.135
0
-2.206
1
-1.356
0
-7.191
0
1.372
1
0.652
1
0.873
0
-2.079
0
-9.293
1
-6.02
0
8.159
0
0.726
0
-80.644
-79.386
1
-6.661
0
-4.188
0
-3.613
1
-1.314
0
10.945
0
-7.714
0
-3.429
1
-2.116
1
7.678
0
2.041
0
4.204
1
-7.961
1
-6.315
0
-3.829
1
-4.198
1
-3.381
1
-8.97
1
9.657
1
6.07
0
-7.237
1
-7.961
1
-0.395
1
-3.208
1
0.548
0
0.133
1
0.892
0
4.391
1
3.443
1
-3.792
0
-1.104
0
-2.054
1
-7.46
1
-0.312
0
3.531
0
0.406
0
2.758
1
-0.24
1
1.615
0
7.089
0
1.214
1
-0.814
1
2.438
1
-8.17
0
-6.378
1
-79.386
-28.207
0
-2.269
1
-7.439
0
-2.576
1
-6.13
1
-2.975
1
4.074
1
6.036
0
0.348
1
2.507
0
-7.351
0
-0.856
1
-1.968
0
-5.316
1
-0.678
0
3.367
1
-3.602
1
3.8
1
3.241
0
2.281
1
1.268
1
-3.907
1
0.35
1
-6.446
0
-0.743
0
-3.241
0
4.19
0
-2.776
1
-10.022
0
4.531
1
-0.606
1
-4.463
0
0.78
0
-1.572
1
1.978
1
2.511
0
3.089
1
5.241
0
3.491
1
-16.581
1
-4.888
0
4.345
1
-1.656
0
-2.369
0
3.129
0
-28.207


8.027
0
9.268
0
1.337
0
-11.527
0
-5.615
1
-5.032
0
1.24
0
-0.273
0
-4.888
1
-2.821
0
-7.531
1
-8.711
0
0.00699978
1
-1.791
0
-3.061
1
-5.605
1
-10.071
0
0.769
0
-7.593
0
-9.962
1
-8.726
1
-3.021
0
-1.961
1
5.567
0
0.664
0
5.475
0
-8.496
0
4.32
1
-5.263
0
4.163
0
8.509
0
9.008
1
-0.58
0
-0.792
1
10.561
0
3.027
0
0.34
0
-0.393
0
-0.325
0
-3.542
0
-5.319
0
-2.424
1
2.396
1
10.18
1
-8.304
0
8.027
-28.679
0
-4.626
1
3.095
0
7.028
0
-1.225
0
3.324
1
-4.186
1
1.197
1
1.4
0
-10.712
1
-4.358
0
-1.588
1
4.985
0
-3.152
1
10.087
0
-6.16
0
-1.824
0
-6.087
0
2.514
1
-5.518
1
-9.053
1
-0.0979999
1
-0.447
1
-1.458
1
-2.437
1
-0.529
0
-3.293
1
2.848
0
-8.309
1
5.197
0
6.716
0
0.764
1
-3.47
1
2.635
0
6.735
1
-3.837
0
-0.833
0
1.395
0
-8.175
1
-5.358
0
-3.864
0
-0.78
0
-0.536
1
-2.032
0
-4.075
1
-28.679
-46.206
1
-8.541
0
0.386
0
-6.87
1
-5.959
0
5.326
1
0.674
0
-6.829
1
-4.611
0
-1.381
1
-3.448
0
-7.759
0
-7.683
0
2.069
0
-5.701
1
-7.654
1
10.986
0
5.638
1
0.726
0
1.445
0
11.439
1
4.193
1
-3.251
0
0.253
1
0.978
1
-1.341
1
-7.084
0
1.281
0
6.965
1
-0.42
1
-5.85
1
-4.659
1
-1.057
1
-3.255
0
-2.206
1
-2.75
1
5.169
1
-0.5
1
1.657
1
-2.961
0
-8.294
0
-0.159
1
-1.473
0
-2.134
1
2.883
0
-46.206
18.081
1
-0.845
1
-1.185
0
0.654
1
-1.983
1
8.331
1
1.75
0
-3.504
1
-10.582
1
-1.434
0
-1.822
1
5.571
0
1.097
1
4.17
0
-9.786
0
3.1
0
1.975
1
1.77
1
1.035
1
-0.539
1
-4.575
0
0.519
1
-6.143
1
5.783
0
-0.632
0
-0.0879998
0
0.0670001
0
4.245
0
1.23
1
6.143
1
3.771
1
4.777
0
6.695
0
-0.255
0
-8.974
0
5.05
0
-2.143
1
3.951
1
-1.884
0
2.096
1
-10.307
1
-2.094
1
0.53
0
4.235
0
-0.492
0
18.081
32.068
1
-2.315
0
6.743
1
-1.794
0
5.584
0
0.344
1
-1.332
0
-3.604
0
-1.274
0
2.923
0
-0.658
0
1.295
0
1.728
0
6.994
0
1.44
0
3.99
0
-4.806
0
4.741
1
1.405
0
1.546
1
9.404
0
2.978
1
1.468
1
-6.003
0
-0.00599971
0
9.407
0
0.751
1
1.204
1
-6.593
0
-1.906
1
-1.732
1
-0.0940001
0
5.179
0
-7.113
0
-6.871
1
-3.31
0
-3.106
1
1.998
0
1.884
1
-1.911
0
-3.031
1
-0.903
0
-0.853
1
5.495
1
2.026
1
32.068
18.18
1
-3.636
0
-2.508
1
-3.12
0
-1.741
0
-0.982
0
-0.616
0
-10.523
0
-12.582
1
-2.632
1
-5.981
0
3.386
0
-1.067
0
-1.279
0
-4.521
0
-4.3
1
-1.504
1
4.486
1
-3.259
1
-3.211
1
-0.963
1
-6.801
1
-6.193
0
-6.613
0
3.268
1
0.988
0
2.662
0
-2.292
1
3.249
1
-2.167
1
-3.054
0
5.931
1
-8.343
0
-1.172
1
5.716
1
-2.533
0
-6.151
0
4.028
0
-1.551
1
1.927
0
3.404
1
-8.227
1
0.447
0
3.82
1
-6.956
0
18.18
-32.036
0
1.658
0
-5.095
0
-3.41
0
0.283
1
-2.458
0
-4.072
1
-4.75
0
-6.121
0
-3.196
0
-0.049
1
-0.906
1
6.207
1
-1.231
1
13.409
1
5.722
1
0.0479999
0
1.609
1
-1.648
0
0.389
0
3.525
0
-2.241
1
-5.313
0
-4.346
0
6.895
0
-1.403
0
7.058
1
-6.39
1
-6.608
1
-4.344
0
-0.519
1
-4.805
0
-4.532
0
7.109
0
1.278
0
-1.391
1
-0.276
1
-6.469
1
-5.13
0
3.605
0
3.576
0
-0.37
0
-3.705
1
-2.238
0
-4.383
1
-32.036
-45.171
0
5.555
1
5.323
1
-8.788
1
-1.037
1
-2.755
1
5.929
1
-8.506
1
-5.911
1
-4.414
0
3.628
0
0.708
1
-10.031
0
8.504
0
6.067
1
2.631
1
8.878
0
1.457
1
-4.659
1
1.226
0
-0.265
0
1.273
1
-5.477
1
0.74
0
4.791
1
3.114
1
2.724
1
-0.749
1
1.647
0
-3.647
1
-1.964
0
-3.515
0
-4.028
1
1.156
1
-11.113
1
-0.37
0
-0.398
0
-5.063
0
1.528
0
4.745
1
-0.299
1
1.84
0
5.599
0
-7.063
0
-6.573
0
-45.171
-62.735
0
-1.002
1
0.95
0
-9.209
0
2.856
0
-2.6
0
0.573
0
-4.348
1
0.541
1
-1.889
1
1.504
1
-2.215
1
5.409
0
-1.4
0
0.76
1
-6.718
1
7.578
0
-0.501
0
6.836
1
-4.555
0
5.231
0
-2.662
0
4.516
0
5.442
0
-2.737
1
3.164
1
9.742
1
-5.66
0
3.648
1
-3.871
0
0.354
1
-9.174
0
-2.781
1
0.19
0
0.0150001
1
-4.585
0
-0.372
1
0.302
1
-4.448
1
8.512
0
1.552
0
-2.96
1
-6.574
0
5.355
1
5.077
1
-62.735
-46.731
0
-2.87
1
2.473
1
3.44
1
-0.535
0
-11.833
1
-0.213
1
-3.262
0
-4.552
1
0.216
1
-0.595
0
-7.527
1
-7.607
1
1.238
1
-8.147
0
2.864
1
-0.33
0
2.272
0
-3.527
1
0.515
1
12.247
1
-4.61
1
6.608
1
-10.439
1
-0.671
1
-7.309
1
3.037
1
-8.598
0
4.989
1
-7.447
0
-1.09
0
5.414
0
-2.483
1
-7.83
0
7.35
0
-4.956
1
-11.991
1
-2.43
1
-1.389
1
-8.546
1
0.112
1
-3.565
1
-4.423
0
2.859
0
0.812
1
-46.731


4.165
0
1.254
0
3.006
0
4.385
0
0.782
1
-2.35
0
-11.407
0
-3.186
0
1.006
0
-2.851
1
-0.0720002
0
0.603
0
-1.704
1
-5.034
0
-2.687
0
-14.52
0
-13.256
0
-4.103
1
-0.76
0
-3.028
0
-7.274
0
5.09
0
4.877
0
-1.845
1
-1.226
0
1.031
0
-2.004
0
3.098
0
-14.05
1
7.091
1
-3.694
1
3.435
1
-2.517
0
-3.211
1
4.424
0
-0.185
1
-2.894
1
1.943
1
1.7
1
0.255
0
3.719
1
-0.0310001
1
0.284
0
5.3
0
-12.278
1
4.165
-3.246
0
4.453
0
-1.89
0
-2.677
0
-0.013
0
-2.94
1
-2.53
1
2.322
0
0.075
1
1.072
0
-5.595
1
0.791
1
1.324
1
-7.639
1
0.497
0
-1.789
1
0.448
0
-7.43
0
-8.711
0
2.468
1
-2.185
0
-4.359
0
-3.905
1
0.872
0
-7.436
0
-2.382
1
-1.56
0
0.17
0
4.723
0
4.765
0
-6.391
0
-2.211
0
-0.407
0
-2.966
0
1.171
0
-6.959
0
7.147
0
-4.576
1
1.835
0
-6.253
0
-1.91
0
2.028
0
-2.531
1
-0.19
0
-7.251
0
-3.246
3.41
0
-2.687
0
-3.277
0
1.211
1
7.265
1
4.865
1
-2.361
1
-3.216
1
-5.292
0
3.093
0
-8.779
0
-6.114
1
1.502
1
-7.941
1
-3.631
0
-4.106
0
-1.104
1
3.779
1
-2.661
0
2.724
0
3.994
0
-16.457
0
1.055
0
1.453
0
6.55
1
-0.759
0
1.519
1
2.126
0
-4.697
1
1.663
0
-2.395
0
1.653
0
0.814
0
-4.188
1
3.988
0
-8.241
0
-6.123
0
5.29
1
1.351
0
0.977
0
-3.405
1
-0.299
0
7.069
0
3.859
0
0
0
3.41
-1.965
0
-5.415
0
-6.29
0
0.504
0
-3.004
0
1.143
1
5.451
0
-2.742
1
9.221
1
-1.775
0
-6.162
1
-1.54
0
2.432
1
4.027
0
0.624
0
-0.292
0
-13.39
1
-2.844
0
-1.309
0
-5.629
0
5.882
0
-12.224
1
1.7
1
0.205
0
2.317
1
2.068
0
-10.01
1
0.824
0
1.627
0
-4.38
0
4.078
0
3.497
0
-1.919
0
1.168
0
4.129
1
2.935
0
-3.392
1
0.617
0
0.213
0
-3.997
0
-9.36
0
1.09
0
-10.139
0
-4.128
0
-2.541
0
-1.965
