

0
0
0
0
0
0
0
0
0
0
0
0
0
0
0
0
0
0
0
0
0
0
0
0
0
0
0
0
0
0
0
0
0
0
0
0
0
0
0
0
0
0
0
0
0
0
0
0
0
0
0
0
0
0
0
0
0
0
0
0
0
0
0
0
0
0
0
0
0
0
0
0
0
0
0
0
0
0
0
0
0
0
0
0
0
0
0
0
0
0
0
0
0
0
0
0
0
0
0
0
0
0
0
0
0
0
0
0
0
0
0
0
0
0
0
0
0
0
0
0
0
0
0
0
0
0
0
0
0
0
0
0
0
0
0
0
0
0
0
0
0
0
0
0
0
0
0
0
0
0
0
0
0
0
0
0
0
0
0
0
0
0
0
0
0
0
0
0
0
0
0
0
0
0
0
0
0
0
0
0
0
0
0
0
0
0
0
0
0
0
0
0
0
0
0
0
0
0
0
0
0
0
0
0
0
0
0
0
0
0
0
0
0
0
0
0
0
0
0
0
0
0
0
0
0
0
0
0
0
0
0
0
0
0
0
0
0
0
0
0
0
0
0
0
0
0
0
0
0
0
0
0
0
0
0
0
0
0
0
0
0
0
0
0
0
0
0
0
0
0
0
0
0
0
0
0
0
0
0
0
0
0
0
0
0
0
0
0
0
0
0
0
0
0
0
0
0
0
0
0
0
0
0
0
0
0
0
0
0
0
0
0
0
0
0
0
0
0
0
0
0
0
0
0
0
0
0
0
0
0
0
0
0
0
0
0
0
0
0
0
0
0
0
0
0
0
0
0
0
0
0
0
0
0
0
0
0
0
0
0
0
0
0
0
0
0
0
0
0
0
0
0
0
0
0
0
0
0
0
0
0
0
0
0
0
0
0
0
0
0
0
0
0
0
0
0
0
0
0
0
0
0
0
0
0
0
0
0
0
0
0
0
0
0
0
0
0
0
0
0
0
0
0
0
0
0
0
0
0
0
0
0
0
0
0
0
0
0
0
0
0
0
0
0
0
0
0
0
0
0
0
0
0
0
0
0
0
0
0
0
0
0
0
0
0
0
0
0
0
0
0
0
0
0
0
0
0
0
0
0
0
0
0
0
0
0
0
0
0
0
0
0
0
0
0
0
0
0
0
0
0
0
0
0
0
0
0
0
0
0
0
0
0
0
0
0
0
0
0
0
0
0
0
0
0
0
0
0
0
0
0
0
0
0
0
0
0
0
0
0
0
0
0
0
0
0
0
0
0
0
0
0
0
0
0
0
0
0
0
0
0
0
0
0
0
0
0
0
0
0
0
0
0
0
0
0
0
0
0
0
0
0
0
0
0
0
0
0
0
0
0
0
0
0
0
0
0
0
0
0
0
0
0
0
0
0
0
0
0
0
0
0
0
0
0
0
0
0
0
0
0
0
0
0
0
0
0
0
0
0
0
0
0
0
0
0
0
0
0
0
0
0
0
0
0
0
0
0
0
0
0
0
0
0
0
0
0
0
0
0
0
0
0
0
0
0
0
0
0
0
0
0
0
0
0
0
0
0
0
0
0
0
0
0
0
0
0
0
0
0
0
0
0
0
0
0
0
0
0
0
0
0
0
0
0
0
0
0
0
0
0
0
0
0
0
0
0
0
0
0
0
0
0
0
0
0
0
0
0
0
0
0
0
0
0
0
0
0
0
0
0
0
0
0
0
0
0
0
0
0
0
0
0
0
0
0
0
0
0
0
0
0
0
0
0
0
0
0
0
0
0
0
0
0
0
0
0
0
0
0
0
0
0
0
0
0
0
0
0
0
0
0
0
0
0
0
0
0
0
0
0
0
0
0
0
0
0
0
0
0
0
0
0
0
0
0
0
0
0
0
0
0
0
0
0
0
0
0
0
0
0
0
0
0
0
0
0
0
0
0
0
0
0
0
0
0
0
0
0
0
0
0
0
0
0
0
0
0
0
0
0
0
0
0
0
0
0
0
0
0
0
0
0
0
0
0
0
0
0
0
0
0
0
0
0
0
0
0
0
0
0
0
0
0
0
0
0
0
0
0
0
0
0
0
0
0
0
0
0
0


-0.196
0
-0.877
0
-3.661
0
-0.7
0
-2.91
1
-2.404
0
3.593
0
-9.629
0
1.34
0
-2.911
0
0.423
0
-0.807
1
2.848
1
-5.727
1
2.235
0
-3.409
0
1.843
0
-4.314
1
-3.902
0
2.983
1
3.415
1
-1.954
1
-4.229
1
-11.17
0
-0.215
1
3.482
1
-13.859
0
1.546
0
1.846
1
-1.716
1
-3.206
0
-3.961
1
2.761
0
-8.249
1
-5.774
1
-1.755
0
-7.453
1
-2.762
1
-3.698
0
-1.531
1
-5.024
1
-1.213
1
2.773
1
-5.094
1
5.163
1
-0.196
-1.37
0
-3.997
0
-5.979
1
-1.638
0
-2.021
1
0.22
0
-3.332
0
-4.664
0
-9.636
0
-8.737
0
9.334
0
2.186
0
-3.551
1
1.222
1
-3.734
1
-3.221
1
-1.675
1
-0.448
0
3.119
0
1.113
1
-0.449
0
-0.976
1
2.724
1
-4.795
0
5.935
0
-3.336
0
-18.259
1
5.114
0
-0.0179996
0
-1.345
0
-3.429
0
4.083
1
-2.65
0
-8.372
1
-3.109
0
3.253
1
-4.664
0
-4.426
0
-6.66
0
4.109
1
-4.708
0
-5.295
0
7.953
0
-1.791
1
4.698
1
-1.37
18.205
1
14.674
0
-30.317
1
-17.812
1
0.198
1
-1.533
0
-3.242
1
1.654
0
2.84
1
-62.56
0
-44.656
0
4.777
0
-0.854
1
-0.0520002
0
-7.462
1
-6.091
1
-7.84
1
2.168
1
-8.693
0
7.478
0
8.926
1
8.322
1
5.465
1
-3.986
1
-8.334
1
2.791
0
-4.31
0
-2.932
0
-2.214
0
-7.025
0
4.498
0
-2.365
0
-4.952
0
-6.071
0
-8.412
0
9.082
0
-0.35
1
4.622
1
3.212
0
-2.948
0
-3.816
0
3.594
0
-2.288
1
13.263
0
0.931
0
18.205
-20.789
1
0.0849999
1
2.647
1
1.998
1
1.38
0
-12.816
1
-0.863
0
-2.6
1
0.558
0
1.208
1
1.976
1
-4.053
1
-1.086
1
-3.328
1
-3.215
1
-6.502
1
-0.579
0
-12.391
0
-0.851
0
-3.117
1
-5.815
1
1.011
0
-4.388
0
-3.304
0
-2.81
1
-3.77
0
0.313
0
-1.974
0
-1.028
1
-8.551
1
2.432
0
1.404
0
-2.998
1
0.539001
0
-4.702
0
5.778
1
-3.489
0
6.027
0
0.436
1
-2.52
0
-3.473
0
-8.42
0
-5.73
1
-5.889
0
0.409999
1
-20.789
-0.520999
0
0.864
1
10.672
1
0.367
1
0.0179999
0
5.642
1
0.35
0
1.458
1
-0.344
1
4.422
0
-7.381
0
-6.345
0
-5.726
0
1.247
1
-5.198
0
-0.113
0
5.64
0
-8.313
0
-2.136
0
-9.868
0
6.733
0
4.449
1
0.911
0
-3.717
0
-3.792
0
1.833
1
-4.001
1
-1.183
0
-3.762
1
-9.066
1
-5.265
1
-16.18
1
1.975
0
3.43
1
-3.415
1
-2.178
1
-9.597
1
-15.648
1
-12.386
1
-9.671
1
0.0900004
1
-6.282
1
7.748
0
5.6
1
-3.104
0
-0.520999
-13.528
1
-3.874
1
-1.016
0
-11.277
0
-0.146
1
-1.524
0
-17.816
0
-4.443
0
-3.385
1
-1.823
0
-6.006
1
-5.975
1
1.941
1
-5.497
0
-2.866
1
12.699
0
-0.491
1
-2.954
1
-10.095
0
-6.041
0
2.272
1
-1.025
0
8.93
0
-4.309
1
0.654
0
-2.911
1
-4.652
0
1.69
1
-3.602
1
-7.645
0
-0.63
1
-0.795
0
1.815
1
-7.874
1
0.95
1
-0.125
1
13.707
0
-2.006
0
3.057
0
0.156
1
0.67
1
-0.573
1
0.654
0
-2.81
1
2.284
0
-13.528
-36.067
0
5.512
0
3.142
0
2.452
1
-6.759
1
4.065
0
-7.233
1
-2.107
0
0.826
0
-6.567
1
2.596
0
-3.729
0
0.636
0
-0.929
0
-8.996
0
-0.321
1
-2.362
1
-3.329
1
-6.322
0
-2.946
0
-8.121
0
-1.266
0
-4.015
1
1.73
1
-2.852
1
-5.943
0
-6.724
1
5.921
1
2.67
0
4.579
0
4.193
0
-4.152
1
-0.495
0
-2.226
1
-1.794
1
-5.019
1
-2.422
0
-1.765
1
1.174
1
3.607
1
-1.367
0
-0.348
0
2.602
0
0.227
1
-1.857
1
-36.067
-73.963
1
-1.607
1
7.223
1
-12.951
1
-9.266
0
0.6
0
1.347
1
-0.999
1
-4.145
1
-7.552
0
-6.383
1
-7.664
1
-1.629
0
-8.709
1
-4.016
1
-4.317
0
3.71
1
-2.2
0
0.794
0
8.704
0
-6.439
1
3.694
0
-2.817
1
0.957
0
-1.414
0
11.33
1
-3.805
1
-0.808
1
-5.155
0
-3.133
1
1.474
0
-4.233
1
-11.463
0
-1.1
1
6.316
1
2.039
1
-9.761
0
-0.0879997
0
-1.883
1
4.767
0
0.719
0
-11.449
1
-0.33
1
1.928
1
-3.216
0
-73.963
-4.364
0
0.614
0
-5.407
1
-1.83
0
-2.439
0
-1.245
0
3.001
1
-4.586
0
-6.633
0
1.838
1
-3.461
1
-11.043
1
1.982
1
1.162
1
3.131
0
-2.461
1
-3.294
1
2.534
0
-1.466
0
3.855
0
-1.828
1
3.013
0
-3.1
0
-6.547
1
-2.759
1
3.154
0
-1.443
1
3.009
1
-5.614
1
-11.634
1
-6.69
0
-2.055
1
-0.189
0
-2.859
0
-1.486
0
7.886
0
5.8
0
-6.926
1
-7.329
0
-12.09
1
4.497
1
0.926
1
-5.258
0
-3.236
0
-4.74
0
-4.364
-2.568
0
-4.889
1
5.975
1
6.857
0
-0.977
1
-10.533
0
-6.26
0
-6.051
0
1.673
0
-1.661
1
6.383
0
-5.028
0
-6.526
1
1.34
0
3.763
0
-4.514
0
-1.091
1
0.73
0
-6.134
1
6.915
0
3.349
1
-0.536
1
2.772
0
-5.903
1
2.346
0
3.346
0
-7.45
1
-3.184
0
2.484
1
1.203
1
-0.454
1
-1.14
0
-4.652
1
-2.025
0
2.388
0
9.677
0
-3.751
1
1.154
1
-13.236
1
-1.172
1
1.52
0
-2.159
0
3.771
1
-1.402
1
1.18
0
-2.568


-0.278
0
4.862
1
-0.158
0
-7.976
0
-1.842
0
-2.478
0
-1.643
0
-3.486
0
0.0820001
1
3.373
0
-3.684
1
-0.393
0
-1.849
1
8.392
0
-0.141
1
1.139
0
-7.033
0
0.393
0
-5.744
0
-5.148
0
-3.409
0
2.714
0
-0.789
0
-5.503
0
-4.195
1
-7.594
0
6.113
0
-3.623
0
-4.98
1
-2.504
0
1.211
1
-6.42
0
-1.993
0
7.285
1
-3.554
1
-2.376
0
-10.952
1
-3.803
0
-3.46
0
-4.04
1
-11.865
0
-0.00600028
1
1.874
0
1.299
0
-10.311
1
-0.278
-11.682
0
-1.623
1
-4.927
1
-3.331
1
-2.427
1
8.892
1
-3.579
0
-5.209
0
2.338
1
-4.662
1
2.739
0
-3.628
0
10.067
0
-2.881
1
-7.83
1
2.827
0
-2.037
0
-0.122999
1
0.342
1
-5.594
1
1.577
1
-3.275
0
-6.705
1
4.776
1
-3.163
0
2.644
1
8.505
0
-0.713
0
-7.202
0
-1.088
0
-10.266
1
-6.173
1
-1.213
0
-0.168
1
1.953
0
-0.525
1
-8.108
1
-5.924
0
6.495
1
-1.89
1
-2.35
0
-4.022
1
-1.889
1
-2.438
1
-1.721
1
-11.682
7.6
1
2.706
1
0.224
0
2.45
0
-4.562
0
-1.67
0
-1.425
1
0.0770001
0
-5.963
1
0.419
1
1.163
1
0.287
1
-6.737
1
3.045
0
4.754
0
4.168
0
0.826
1
-0.126
1
5.239
1
1.431
0
-6.114
0
4.81
0
5.808
0
-6.327
0
-2.465
0
-8.812
0
5.62
0
1.247
0
-5.315
0
5.377
1
2.532
0
1.815
1
-0.302
0
2.8
0
4.958
1
5.54
0
3.575
1
-3.24
1
-1.084
1
-7.338
0
3.322
1
-4.114
0
2.48
0
-2.27
0
3.888
1
7.6
-12.293
0
1.364
0
9.831
0
-1.542
0
-9.888
1
-0.535
1
-15.355
1
2.215
0
-12.238
0
-3.448
0
-4.073
0
-1.329
1
-3.764
0
3.182
1
-13.297
0
6.094
0
2.318
1
9.655
1
0.243
0
4.154
0
1.411
0
4.019
1
-5.645
0
3.943
1
-3.608
1
1.947
0
2.595
0
-2.071
1
-11.735
0
-0.332
1
-5.41
1
-2.962
1
-17.063
0
0.626
1
2.161
0
-0.838
0
-2.266
0
4.455
0
4.026
0
4.062
1
1.468
0
0.664
1
-3.208
1
0.0189999
0
-6.209
1
-12.293
-70.981
0
6.321
1
-0.764
1
-0.189
1
4.055
0
4.657
1
2.578
1
-6.8
1
-0.935
1
0.711
1
-2.839
1
-1.019
1
-16.742
0
-8.088
0
6.42
0
0.89
0
6.307
0
-4.282
1
-0.563
1
-4.849
1
-5.628
0
3.159
1
5.824
1
-0.154
1
2.209
1
-2.626
1
-5.612
0
0.471
1
-5.371
0
-2.16
0
-0.458
1
-0.972
0
-4.517
0
-3.652
1
-6.767
0
-3.582
1
-8.154
1
5.626
1
6.318
0
-3.915
1
-4.48
0
2.067
1
1.391
1
3.097
1
1.087
1
-70.981
-17.763
1
9.687
0
-1.556
0
-7.112
1
3.817
1
-4.349
0
-1.038
1
-5.436
0
-4.638
0
-5.361
0
2.839
1
4.495
0
-7.399
1
-0.305
1
-1.911
0
-3.55
0
1.425
0
-4.15
0
-0.601
0
-7.787
0
-0.814
1
3.763
0
-4.65
1
5.112
0
1.414
0
-2.946
1
-0.481
1
-11.188
1
-2.003
1
-4.065
0
5.411
0
-1.032
1
-5.38
1
1.42
0
-3.216
0
-0.277
1
-7.186
0
2.062
0
-4.412
1
-0.643
0
-3.406
1
-0.563
1
-0.475
0
3.674
1
-1.179
0
-17.763
9.269
0
1.017
0
5.399
0
-0.0490001
0
0.217
0
0.864
1
-0.571
0
4.969
1
5.826
0
-4.988
0
-0.834
1
-4.344
0
-0.695001
0
0.397
1
0.666
1
-4.7
1
1.924
1
1.997
0
3.248
0
-0.848
1
3.911
1
2.704
1
-1.926
0
-6.808
1
6.321
1
-0.792
0
-7.07
0
3.167
0
7.424
0
-1.118
0
-3.049
1
0.222
1
-1.255
1
4.084
0
-10.106
0
2.549
0
-2.045
1
2.833
1
-5.61
1
-2.723
0
0.82
0
-2.347
0
-1.473
0
-2.759
1
-4.526
1
9.269
7.49
0
3.446
0
-3.582
1
-2.068
1
-6.246
1
2.476
1
-3.573
1
5.585
0
-4.615
0
4.18
1
-0.55
0
10.791
1
-2.749
0
-1.651
1
-1.116
0
4.756
1
-0.452
0
-4.644
1
2.417
0
-2.589
0
8.158
1
-5.727
0
-1.548
1
6.418
0
-5.161
0
1.512
1
7.046
0
-7.422
0
-6.253
0
-1.814
0
-3.7
0
0.449
1
0.862
0
-9.564
1
0.163
0
-0.836
0
-3.14
1
-1.882
0
1.923
1
-6.07
0
0.451
0
-5.58
0
-3.488
1
-10.858
0
5.481
1
7.49
-9.657
0
-9.007
1
0.577
0
-2.635
0
-3.88
1
2.404
0
-10.155
1
3.163
1
-11.261
0
-0.176001
0
-2.698
0
4.544
1
1.455
1
5.036
0
0.767
1
-1.956
1
8.22
0
1.849
1
5.652
1
-9.927
0
-6.877
1
3.807
0
-2.472
0
-7.53
0
5.339
0
2.466
1
4.231
1
1.63
1
0.332
0
9.28
1
-12.339
1
-1.07
0
-5.297
1
2.24
1
1.094
1
-4.609
0
9.157
0
0.03
0
2.654
0
-3.708
0
4.368
0
-3.555
1
-6.949
1
-2.251
0
-9.247
0
-9.657
-77.831
1
7.945
0
-1.046
1
0.746
1
-5.493
0
-2.566
0
3.92
0
7.992
1
-4.327
1
-4.148
0
0.662
1
10.393
0
-8.168
0
-4.805
1
3.494
1
8.738
1
1.152
0
-0.378999
1
-11.769
0
4.386
1
-2.068
1
0.927001
0
-4.648
1
-3.741
0
-13.901
0
0.17
1
-2.027
1
9.514
0
-0.598
0
-4.784
0
-1.599
1
3.45
1
7.635
0
-6.827
0
-8.138
1
-7.612
0
-10.758
0
9.369
0
-1.291
0
3.591
0
5.036
1
4.775
0
-4.826
0
5.807
0
-7.088
1
-77.831


-33.03
0
-9.984
1
-5.863
1
5.415
1
5.975
0
-1.531
0
4.875
0
3.429
0
3.172
1
-0.754
0
3.056
1
-4.223
0
-1.079
0
-1.651
0
2.531
0
3.08
1
-2.671
0
-4.402
0
4.363
1
3.684
0
-1.594
0
-7.405
0
-2.799
0
-5.763
0
-0.892
1
7.463
0
-4.944
1
-5.324
1
-5.439
0
-6.759
1
-2.263
0
0.158999
0
0.214
1
-1.012
0
10.358
0
2.877
1
-5.4
1
-4.065
1
1.428
0
-5.982
1
-9.24
1
-2.478
0
-12.006
0
-12.294
1
-3.289
1
-33.03
-51.716
1
-1.618
1
-0.0429997
0
4.65
1
2.178
0
-9.829
0
-0.588
0
-1.731
0
-5.508
1
-2.616
1
-1.602
0
-7.319
0
-5.965
0
-0.804
1
2.425
1
1.585
0
-1.292
0
-0.734
0
-10.277
0
2.747
0
-2.653
1
-10.704
0
-3.561
0
0.534
0
7.058
0
3.489
1
-1.027
0
-2.809
1
-4.314
1
2.442
0
3.241
0
4.85
1
-6.321
0
-0.919
1
-4.952
0
-3.621
0
0.622
1
-6.081
0
5.732
0
-1.664
1
-3.777
1
4.398
0
-0.243
0
-9.938
1
-7.395
0
-51.716
-20.355
1
-17.735
1
0.00200009
0
-5.618
1
-7.92
0
2.681
1
-3.922
0
-2.183
0
3.487
0
-5.63
0
6.763
1
-4.307
1
-5.253
0
1.738
1
-4.297
0
4.085
1
2.473
1
3.323
1
2.722
1
1.907
0
2.144
0
-4.213
1
-1.806
1
-0.715
0
3.236
0
0.449
0
-3.691
0
-3.549
1
-2.751
0
-1.036
1
-6.193
1
-5.492
0
-5.168
0
-3.625
0
2.103
0
-2.107
1
-1.991
1
-2.956
0
-2.597
1
-6.038
0
4.705
1
4.27
1
-13.765
1
4.53
0
-7.136
0
-20.355
-16.662
1
-4.374
1
0.163
1
-6.838
1
1.387
0
10.85
1
2.119
0
-0.656
0
-3.429
1
-3.157
1
0.322
0
0.283
0
-2.533
0
-1.406
0
-4.982
1
0.17
1
3.138
0
-2.36
1
0.0960001
1
-10.669
0
-2.81
0
-3.886
0
-6.21
0
-1.06
0
2.36
1
0.153
1
-3.988
0
-0.0340003
1
1.424
0
8.939
0
-4.462
1
-4.407
0
6.87
1
-1.949
0
-0.784
1
-0.182
1
-3.685
1
1.499
0
5.175
1
-3.534
1
-3.119
0
3.617
1
4.283
1
-3.14
0
0.877
1
-16.662
-70.386
1
-1.952
0
8.812
0
-8.455
0
-0.248001
0
3.101
1
5.318
0
-12.882
1
0.0820004
1
-6.91
0
1.446
1
-1.796
0
-6.96
0
-0.685
1
2.458
0
-8.688
1
-5.185
0
-0.894
0
4.157
0
3.926
1
2.682
1
-3.483
1
-5.677
0
-0.463
0
-3.798
1
-1.927
0
-6.769
1
-1.362
1
-1.902
1
2.45
0
-1.585
0
1.454
1
8.04
0
4.809
1
-3.947
1
3.958
0
-2.128
1
2.49
1
0.965
1
1.611
1
2.934
1
5.018
1
-6.719
1
12.979
0
5.727
0
-70.386
-9.983
0
4.962
1
1.915
0
8.386
1
-2.235
0
-3.715
0
5.058
0
-5.296
0
2.692
1
0.178
0
-7.913
1
-5.464
1
3.799
0
-1.571
1
-0.163
1
0.983
1
-2.041
0
3.486
0
4.224
0
-8.795
1
-1.152
1
1.395
0
-11.04
0
-0.295
0
-4.927
1
-11.001
0
-2.4
0
0.94
0
-5.294
1
-0.781
0
0.397001
1
-2.456
1
-1.549
1
-3.799
0
-1.127
1
2.279
1
3.764
1
4.105
1
2.23
1
-9.768
0
-2.158
0
5.901
0
-0.557
0
-4.462
1
-0.277
0
-9.983
-62.769
1
-4.679
0
5.103
0
2.213
1
2.654
1
1.92
1
13.699
0
-6.05
1
9.629
1
5.958
0
-1.891
1
-7.506
0
-9.252
0
-0.975
1
7.938
1
-7.995
1
-0.714
1
-0.506
0
-0.226
1
8.255
1
-5.159
0
-6.348
0
-7.979
0
2.602
0
-3.088
0
-2.556
0
-0.275
1
12.812
0
-15.704
1
1.076
0
2.222
0
-3.545
1
-3.588
0
-8.771
0
0.733
0
0.806
0
3.893
0
-11.146
0
-1.072
1
-2.887
1
-0.967
0
-5.727
0
5.251
1
7.312
0
-3.614
0
-62.769
-18.463
1
-4.007
0
6.303
1
-4.265
1
-4.895
0
-6.155
1
4.228
1
3.542
1
0.615
1
14.913
0
-0.108
0
-4.554
1
-0.11
0
-1.715
0
4.339
0
-3.088
0
1.387
1
-1.265
0
-0.144
1
7.102
0
-10.369
0
3.445
0
-0.111
1
-7.608
0
-2.873
1
-6.769
0
-6.839
0
-4.405
1
-10.791
1
-8.682
0
-9.705
1
1.633
1
13.174
0
6.479
1
-2.246
0
1.324
1
1.591
1
1.06
0
-1.352
0
0.866
1
-0.679
1
-2.75
0
2.438
1
-0.846
0
-2.977
1
-18.463
-47.977
1
-6.564
0
5.718
0
-0.465
1
-2.692
0
-6.001
0
-4.244
1
-3.136
1
-3.335
0
-8.499
1
2.769
1
-2.019
0
-5.643
1
-7.306
0
-2.606
1
-5.76
0
-7.774
1
-8.504
0
1.372
0
-0.776
1
2.244
1
1.684
1
-7.437
1
0.715
0
0.475
0
4.88
1
0.389
0
-6.513
0
-5.89
0
0.708
0
-2.18
1
-1.398
1
-2.032
0
3.034
1
6.175
0
-6.803
1
4.062
0
0.133
0
-3.817
0
-6.03
0
1.66
1
-1.048
0
-1.083
1
-9.466
0
-2.55
0
-47.977
-27.724
0
-10.045
0
-0.148
1
-6.795
1
-6.206
1
-8.358
0
3.129
1
-0.584
0
4.028
0
-2.084
1
0.887
0
5.388
1
1.132
1
-6.624
1
-2.619
1
6.591
1
4.758
0
-1.351
0
0.989
1
8.174
0
-1.205
1
-0.417
1
-2.033
1
-5.023
0
-3.271
1
6.409
1
-7.04
0
-0.656
1
2.222
1
0.8
1
-2.683
1
0.582
0
-11.799
1
5.391
1
3.618
1
-1.385
0
-0.199999
0
-4.291
0
3.682
1
0.338
1
2.561
0
-1.796
1
-0.871
1
-4.743
1
-2.503
1
-27.724


-2.456
0
5.804
1
0.02
0
-0.25
0
5.159
0
-0.255
0
-2.189
1
-2.621
0
0.605
0
-7.987
0
-12.867
0
-11.592
1
-7.06
1
-3.579
1
2.486
0
1.673
0
-8.093
0
3.143
0
4.519
0
6.151
0
-5.111
0
-3.236
0
5.442
0
1.002
0
1.079
0
17.626
0
-1.111
1
-2.063
0
-5.354
0
0.799
0
1.38
1
0
0
1.929
0
1.971
0
-2.914
0
6.344
0
-1.975
0
-1.733
0
0.212
0
-5.874
0
-4.257
0
-1.16
1
-0.00699997
0
-0.939
0
-3.072
1
-2.456
-3.327
0
0.983
0
-4.513
0
2.801
0
-13.518
0
-12.212
0
-5.705
0
-4.284
0
0.368
0
5.853
0
0.158
1
-3.085
0
4.579
1
0.403
1
-7.263
0
-0.767
1
-2.189
0
-7.16
0
-1.527
0
0.496
0
-0.922
0
0.027
0
4.572
1
0.59
0
-2.219
0
-1.493
0
-5.107
0
3.621
0
-1.755
0
-4.022
0
-1.495
0
9.24
0
-0.892
0
-0.315
0
-9.576
0
-5.594
0
3.387
0
-3.321
0
-7.736
0
1.6
0
8.559
0
-4.482
0
-15.663
0
-1.873
0
9.15
0
-3.327
0.449001
0
-6.357
1
-0.429
0
3.516
0
7.457
0
4.237
0
1.772
0
-3.324
1
2.224
0
4.372
0
1.413
0
2.899
1
-5.777
0
-1.093
1
-4.648
0
-6.725
0
0.990001
0
-0.17
0
5.012
0
3.039
0
-0.000999928
0
0.143
0
-5.717
0
-4.057
0
-3.742
0
-6.353
0
1.376
0
-6.035
0
-1.111
0
0.699
0
-7.235
0
7.074
0
-9.474
0
9.407
0
2.638
0
12.777
0
-0.878
0
0.0390003
0
-3.519
0
-6.483
1
-0.0569999
0
-5.344
0
-14.293
0
-9.488
0
0.38
0
0.449001
1.982
0
-3.109
0
-3.402
0
2.073
1
2.815
0
-4.579
1
0.769
0
-6.79
0
-1.944
0
3.844
0
-0.0329995
0
8.747
0
-2.661
0
-6.769
0
5.318
0
-1.478
0
-4.606
0
-0.522
0
-1.885
1
0.036
0
-1.373
0
9.963
0
2.76
0
0.715
1
0.04
1
0.163
0
-0.986
0
0.514
0
-0.41
0
-1.208
0
-0.0600007
0
-14.374
0
5.885
0
-1.425
0
-0.834
0
-3.516
0
-5.617
0
-2.951
0
3.278
0
-3.504
0
-2.942
0
5.938
0
0.395
0
2.34
0
-1.398
1
1.982
