

0
0
0
0
0
0
0
0
0
0
0
0
0
0
0
0
0
0
0
0
0
0
0
0
0
0
0
0
0
0
0
0
0
0
0
0
0
0
0
0
0
0
0
0
0
0
0
0
0
0
0
0
0
0
0
0
0
0
0
0
0
0
0
0
0
0
0
0
0
0
0
0
0
0
0
0
0
0
0
0
0
0
0
0
0
0
0
0
0
0
0
0
0
0
0
0
0
0
0
0
0
0
0
0
0
0
0
0
0
0
0
0
0
0
0
0
0
0
0
0
0
0
0
0
0
0
0
0
0
0
0
0
0
0
0
0
0
0
0
0
0
0
0
0
0
0
0
0
0
0
0
0
0
0
0
0
0
0
0
0
0
0
0
0
0
0
0
0
0
0
0
0
0
0
0
0
0
0
0
0
0
0
0
0
0
0
0
0
0
0
0
0
0
0
0
0
0
0
0
0
0
0
0
0
0
0
0
0
0
0
0
0
0
0
0
0
0
0
0
0
0
0
0
0
0
0
0
0
0
0
0
0
0
0
0
0
0
0
0
0
0
0
0
0
0
0
0
0
0
0
0
0
0
0
0
0
0
0
0
0
0
0
0
0
0
0
0
0
0
0
0
0
0
0
0
0
0
0
0
0
0
0
0
0
0
0
0
0
0
0
0
0
0
0
0
0
0
0
0
0
0
0
0
0
0
0
0
0
0
0
0
0
0
0
0
0
0
0
0
0
0
0
0
0
0
0
0
0
0
0
0
0
0
0
0
0
0
0
0
0
0
0
0
0
0
0
0
0
0
0
0
0
0
0
0
0
0
0
0
0
0
0
0
0
0
0
0
0
0
0
0
0
0
0
0
0
0
0
0
0
0
0
0
0
0
0
0
0
0
0
0
0
0
0
0
0
0
0
0
0
0
0
0
0
0
0
0
0
0
0
0
0
0
0
0
0
0
0
0
0
0
0
0
0
0
0
0
0
0
0
0
0
0
0
0
0
0
0
0
0
0
0
0
0
0
0
0
0
0
0
0
0
0
0
0
0
0
0
0
0
0
0
0
0
0
0
0
0
0
0
0
0
0
0
0
0
0
0
0
0
0
0
0
0
0
0
0
0
0
0
0
0
0
0
0
0
0
0
0
0
0
0
0
0
0
0
0
0
0
0
0
0
0
0
0
0
0
0
0
0
0
0
0
0
0
0
0
0
0
0
0
0
0
0
0
0
0
0
0
0
0
0
0
0
0
0
0
0
0
0
0
0
0
0
0
0
0
0
0
0
0
0
0
0
0
0
0
0
0
0
0
0
0
0
0
0
0
0
0
0
0
0
0
0
0
0
0
0
0
0
0
0
0
0
0
0
0
0
0
0
0
0
0
0
0
0
0
0
0
0
0
0
0
0
0
0
0
0
0
0
0
0
0
0
0
0
0
0
0
0
0
0
0
0
0
0
0
0
0
0
0
0
0
0
0
0
0
0
0
0
0
0
0
0
0
0
0
0
0
0
0
0
0
0
0
0
0
0
0
0
0
0
0
0
0
0
0
0
0
0
0
0
0
0
0
0
0
0
0
0
0
0
0
0
0
0
0
0
0
0
0
0
0
0
0
0
0
0
0
0
0
0
0
0
0
0
0
0
0
0
0
0
0
0
0
0
0
0
0
0
0
0
0
0
0
0
0
0
0
0
0
0
0
0
0
0
0
0
0
0
0
0
0
0
0
0
0
0
0
0
0
0
0
0
0
0
0
0
0
0
0
0
0
0
0
0
0
0
0
0
0
0
0
0
0
0
0
0
0
0
0
0
0
0
0
0
0
0
0
0
0
0
0
0
0
0
0
0
0
0
0
0
0
0
0
0
0
0
0
0
0
0
0
0
0
0
0
0
0
0
0
0
0
0
0
0
0
0
0
0
0
0
0
0
0
0
0
0
0
0
0
0
0
0
0
0
0
0
0
0
0
0
0
0
0
0
0
0
0
0
0
0
0
0
0
0
0
0
0
0
0
0
0
0
0
0
0
0
0
0
0
0
0
0
0
0
0
0
0
0
0
0
0
0
0
0
0
0
0
0


-0.196
0
1.212
0
-3.585
0
3.1
1
0
1
-2.386
0
5.879
0
-8.56
0
-1.346
0
1.767
0
-3.264
0
-0.223
0
0.61
1
-2.579
1
-1.243
1
2.522
0
3.625
1
-3.788
1
-2.836
0
1.806
0
-0.218
1
1.875
0
-1.503
1
-8.703
1
2.091
0
0.637
1
-5.227
0
-0.833
1
1.205
1
-0.539
0
-0.0059998
1
-0.7
0
4.854
0
-2.44
0
-7.509
1
-1.107
1
-5.476
0
-1.488
1
-3.254
0
-0.679
1
-4.983
0
-4.289
0
2.773
1
1.081
1
3.282
0
-0.196
-1.382
0
-1.154
0
-0.314
1
-1.638
0
0.545
1
0.22
0
-3.432
0
-2.415
0
-9.722
0
-3.021
0
8.282
1
2.16
0
-2.179
0
0.573
0
-4.646
0
-4.329
0
0.686
1
-1.293
1
0.397
0
1.7
0
1.164
0
2.134
1
1.473
1
-4.872
1
1.911
1
-5.761
0
-12.17
0
7.974
0
4.555
0
0.305
0
-0.111
1
2.233
1
1.343
0
-6.632
1
1.976
1
-4.303
1
-4.879
0
-3.528
0
-9.666
1
2.705
0
-0.727
1
2.164
1
1.81
1
3.925
0
5.441
0
-1.382
9.448
1
4.319
1
-23.656
1
-18.704
0
2.782
0
0.585
1
-0.991
1
1.626
0
2.908
1
-30.02
1
-22.728
0
0.594
1
1.119
1
-0.00699997
1
-2.877
1
-6.997
1
-3.488
0
0.656
0
-3.651
0
4.497
1
5.63
0
1.123
1
5.488
0
-1.028
0
-6.835
0
0.336
0
-3.311
0
-0.593
1
-2.14
0
1.609
1
0.127
1
-0.842
1
-0.296
1
0.815
0
-1.293
0
0.492
1
3.315
1
-1.682
0
1.552
1
-2.264
0
2.563
0
2.109
1
-1.755
1
4.309
1
3.74
1
9.448
-21.244
0
-1.27
1
2.647
1
1.998
1
1.416
0
-6.226
1
-0.996
0
-4.284
0
2.688
0
0.851
1
1.976
0
-0.515
1
-1.84
1
-0.265
1
-2.095
0
-4.399
0
0.803
0
-6.374
0
-3.708
0
-0.5
1
-0.446
1
1.589
1
-5.054
1
0.845
1
-1.459
1
-5.363
1
0.146
1
-0.709
0
-3.504
1
-4.413
1
4.445
0
-5.075
0
-1.685
0
-6.327
0
-7.015
1
-0.476
0
-3.137
1
6.433
0
0.191
0
-5.979
1
-0.912
1
-6.594
1
-2.029
1
-4.002
1
0.0609996
1
-21.244
-0.429999
0
2.535
1
8.199
1
0.367
1
0.0149999
0
4.811
1
0.242
0
-1.037
1
-0.344
1
3.062
0
-2.674
1
-4.137
1
-2.766
1
2.552
1
1.233
0
1.789
0
4.683
1
-2.081
1
0.328
1
-6.494
0
1.069
1
2.234
0
-2.18
1
-1.169
1
-2.552
1
1.498
0
-1.561
1
0.979
0
3.756
0
-4.328
0
-4.193
0
-7.28
0
7.646
0
3.069
0
-2.551
0
-4.422
0
-6.021
0
-9.014
1
-7.493
0
-6.537
0
-1.439
1
-3.237
1
1.359
0
0.848
1
-4.182
1
-0.429999
3.202
1
1.02
0
4.897
1
-9.529
1
2.072
0
-1.739
1
-17.899
0
-4.036
1
-1.681
0
-1.781
1
-2.008
0
-2.378
1
-0.537
0
-2.859
1
-0.676
1
8.282
0
1.104
1
0.95
1
-5.662
0
0.977
1
5.997
0
-1.498
1
5.02
0
-1.108
1
1.481
1
-0.751
1
1.08
0
1.31
0
-2.43
0
-9.841
1
-1.15
0
0.566
1
0.473
0
-6.042
1
-1.129
0
1.215
1
8.958
0
1.255
1
0.23
1
-2.987
1
2.344
1
-3.049
1
-1.444
0
-2.094
0
2.002
1
3.202
-42.383
1
1.904
0
2.875
1
1.375
0
-6.019
1
5.159
0
-6.232
1
0.282
1
-3.613
0
-1.556
0
3.252
0
-3.732
0
1.258
0
-0.563
1
-5.45
0
-0.82
1
-2.787
0
-3.534
0
-1.322
1
1.16
1
-3.058
1
-1.264
0
-4.833
1
-0.344
1
-2.207
1
2.502
0
0.074
1
4.796
0
3.166
1
1.467
0
0.567
1
-2.989
1
1.021
1
2.981
1
-0.387
0
4.339
1
-5.278
1
0.547
1
1.512
1
-0.183
1
-2.14
1
-1.878
0
1.35
0
3.071
1
-5.204
1
-42.383
-60.25
0
-2.211
0
3.286
0
-10.678
1
-3.134
1
-1.387
1
0.512
1
0.049
1
-4.709
0
-5.215
0
-3.035
0
-3.94
1
1.547
0
-4.354
0
-1.113
1
-3.357
0
3.732
1
-4.628
1
-3.409
0
3.029
1
-4.919
1
4.587
1
-2.919
0
0.539
1
2.083
0
10.133
0
1.082
1
-3.367
0
-6.859
0
-1.142
1
3.099
0
0.791
0
-4.421
1
-1.625
1
3.882
0
2.665
1
-5.857
1
2.089
1
-5.549
0
6.656
0
0.335
1
-6.363
1
0.46
0
0.898
1
0.384
0
-60.25
-4.449
0
-1.779
0
1.738
1
-1.83
0
-6.709
0
-0.258
0
0.234
1
-4.586
0
-5.014
0
1.251
1
-3.461
0
-3.79
0
0.075
0
1.128
1
0.0860001
0
-2.717
0
-0.978
0
3.651
0
-2.062
0
5.192
1
-4.045
0
3.013
0
-0.757
1
-4.176
0
0.376999
0
7.187
0
1.376
1
3.992
0
-3.042
0
-9.47
1
-6.095
0
-2.662
1
-0.53
1
2.687
0
-0.47
0
-0.031
0
3.93
0
-5.468
0
-4.816
0
-7.886
0
8.08
0
3.612
1
-1.812
0
-0.964
1
-1.818
1
-4.449
-7.143
0
2.505
1
1.636
1
4.437
1
-8.125
0
-6.927
0
-8.621
0
-2.757
1
0.872
0
-2.76
1
9.072
0
-3.653
1
-5.196
0
-2.064
0
3.028
0
-2.112
1
1.301
1
1.527
0
-4.135
0
7.8
1
2.944
1
-3.022
0
-2.469
0
-4.07
0
0.237
1
-2.903
1
-3.637
0
1.417
0
-3.054
1
1.203
0
-2.295
0
-1.892
1
-8.679
0
3.194
1
1.444
0
5.112
1
-1.361
1
2.746
0
-10.241
0
0.00600028
0
0.834
0
-1.916
0
-0.867
1
-2.025
1
-1.417
0
-7.143


-0.278
0
0.628
1
-0.158
0
-6.543
0
-2.438
0
0.466
0
-3.469
0
0.2
0
-0.793
1
3.373
0
-3.563
0
3.132
1
1.459
1
1.091
1
-0.88
1
1.139
0
-5.748
0
0
0
-0.627
0
-9.866
0
0
0
3.296
0
-0.0929998
0
-5.002
0
0.879
0
-5.391
0
3.41
0
-3.399
0
-1.177
0
-2.374
0
1.485
0
0.307
1
-1.635
1
3
0
-3.017
1
-0.809
0
-5.165
0
-5.943
1
1.043
0
-3.436
0
-5.493
1
-1.657
1
1.874
0
-0.567
0
-2.395
1
-0.278
-12.48
0
-2.062
0
-1.36
1
1.135
1
-0.447
1
3.025
0
-3.559
0
-2.503
0
-2.633
1
-0.268
0
4.964
1
-0.707
1
7.235
1
-4.721
0
-1.871
1
-1.671
1
-2.323
0
-1.503
0
-1.238
0
-7.736
1
-1.049
1
-2.023
0
-4.147
1
7.049
0
-3.475
1
-2.288
0
3.315
1
2.898
1
-8.932
1
-3.004
1
-5.789
1
-7.499
1
-2.77
1
-0.373
1
-4.095
1
-0.545
0
-2.46
0
-2.636
0
2.217
1
-2.532
1
-3.154
1
-2.607
0
1.985
0
4.761
0
-2.122
1
-12.48
7.654
1
2.706
1
0.224
0
-0.366
0
2.204
0
-0.725
0
0.0600001
1
0.0770001
0
-2.238
1
0.419
1
1.163
0
-1.966
0
-1.229
0
2.319
1
0.0710002
0
3.917
1
0
1
-0.126
1
5.239
1
1.431
0
-2.489
0
1.499
0
5.661
0
-4.255
0
-1.254
1
-7.425
1
5.319
0
-0.00800025
0
-3.615
0
3.519
0
3.712
1
0.628
0
-6.25
1
3.96
0
5.005
0
4.197
1
2.279
1
2.582
0
-1.958
0
-4.43
0
2.102
0
-2.181
0
-2.4
0
0.277
1
4.656
0
7.654
-10.208
0
2.903
1
2.748
0
0.863
1
-4.104
1
-0.651
0
-3.998
1
2.932
1
-7.435
0
-3.04
1
-1.086
0
2.656
1
1.893
0
-0.872
0
-7.556
1
1.816
0
1.148
1
7.898
0
-0.00999999
1
1.585
1
1.821
0
2.896
0
-2.932
1
0.87
1
-7.919
0
0.151
0
-1.629
0
-1.813
0
-13.005
1
0.502
0
-3.556
1
-4.408
0
-11.229
1
1.744
0
-1.232
0
3.953
0
-0.685
0
1.688
0
-1.81
0
5.273
1
-0.296
0
-0.443
0
0.783
1
-1.634
0
-1.454
1
-10.208
-41.157
1
2.131
0
0.4
0
-2.013
0
-2.257
1
1.568
1
1.785
0
-8.526
0
0.276
0
1.23
0
-1.848
0
-1.184
0
-8.726
1
-9.855
0
7.307
0
3.083
0
1.61
0
-3.637
0
0.419
1
-1.024
0
1.032
1
1.125
1
5.891
1
1.125
1
6.165
0
-4.229
0
0.0900002
1
-1.291
1
-2.168
0
0.939
0
1.126
1
-7.412
0
1.795
0
-2.543
1
-4.601
1
-4.39
0
-5.089
1
3.723
1
-0.023
1
1.589
0
-3.385
1
0.478
0
-3.781
0
2.764
0
-2.12
0
-41.157
-4.125
0
6.675
0
0.836
0
-3.956
1
3.363
1
-4.451
1
0.350001
0
-2.497
1
-6.349
1
-2.244
0
2.446
0
3.841
0
-5.825
1
-1.265
0
3.886
1
-0.367
0
2.929
0
-2.372
1
-1.644
1
-4.726
0
-1.754
0
2.374
1
-3.562
0
3.771
1
3.638
1
-5.205
0
3.874
0
-9.529
1
1.375
1
0.0759996
1
9.258
1
-2.158
0
-3.624
1
1.938
1
-2.502
1
3.326
0
0.454
1
-6.786
1
-0.56
0
-5.083
0
-3.93
0
-0.739
0
1.033
0
-0.372
1
-0.203
1
-4.125
25.008
0
-1.065
1
0.241
1
4.748
1
2.201
0
4.637
1
1.162
0
1.595
1
1.298
1
-5.673
1
2.528
1
-1.145
0
-2.677
0
2.166
1
0.461
0
-5.7
1
0.637
0
1.27
1
-0.0819999
0
0.118
1
0.045
0
1.162
1
-1.926
1
1.615
0
1.47
0
-1.535
0
-3.113
1
3.496
1
1.45
1
4.88
0
-6.835
0
0.277
1
0.702
1
-0.528
0
-6.909
0
-1.485
0
0.507
1
-0.437
0
3.344
1
-3.12
0
1.049
1
-0.775
1
-3.731
0
-2.241
0
2.874
1
25.008
-3.723
1
-3.318
0
-0.0210001
1
-3.36
0
-7.826
0
2.387
0
-2.873
0
6.246
1
-3.697
1
2.906
1
-1.843
1
7.708
1
1.688
0
-2.095
0
0.173
1
1.329
1
-0.283
1
-1.489
1
0.973
0
-1.574
1
5.725
0
1.495
1
0.663
1
0.758
1
-4.195
0
-3.128
1
3.659
0
-2.029
0
-4.288
0
2.239
1
-0.264
0
2.082
0
3.574
0
-2.861
1
2.518
1
0.381
0
-0.981
1
-2.608
1
-1.657
0
-5.916
0
1.223
1
-4.8
0
-4.772
1
-2.829
1
1.282
0
-3.723
-2.72
0
0.328
0
-0.256
1
-0.876
0
-5.901
1
2.179
1
-5.016
1
-1.097
0
-3.4
1
-1.07
0
1.761
0
0.571
1
4.155
1
-3.038
1
1.241
1
2.32
1
4.597
0
0.933
1
-0.816
0
-4.166
1
-1.229
0
1.522
0
0.671
0
-6.234
0
3.744
1
2.946
1
6.108
1
-1.627
0
1.693
1
6.31
0
-11.551
1
-2.112
0
0.751
0
-1.358
1
7.507
0
-5.898
0
9.731
1
0.102
1
5.527
0
-3.714
1
5.322
0
-5.05
0
-4.561
1
-2.115
1
-3.78
0
-2.72
-35.424
1
3.675
0
-2.489
0
-3.489
1
-2.954
1
-1.594
1
0.995
1
1.429
0
-2.227
0
-2.272
0
-0.966
0
7.74
0
-6.103
0
-4.412
1
3.048
1
6.21
0
-2.198
0
0.97
0
-5.57
1
1.82
0
0.885
1
0.631
0
-1.076
1
1.464
0
-6.328
0
0.442
0
-1.535
1
3.947
1
1.898
0
-0.683
0
0.2
0
3.314
1
2.264
1
0.749
1
-3.995
1
-2.74
1
-3.617
1
0.982
1
1.49
0
3.597
1
5.222
0
1.581
1
-4.435
1
-0.117
0
1.312
0
-35.424


3.146
1
-8.129
1
-3.292
1
4.311
1
2.438
0
0.985
0
3.555
1
3.495
0
0.875
1
-0.448
0
6.871
0
-0.448
1
-5.75
0
-0.808
1
-1.343
0
-1.699
1
-1.857
0
-3.367
1
2.677
0
-0.639
0
0.246
0
-4.605
1
-2.446
0
-4.367
1
-1.222
1
3.412
0
-1.432
1
-0.995
1
-3.144
1
-2.308
0
-2.673
1
2.441
1
0.754
0
-1.652
1
4.356
0
1.239
0
-1.532
0
3.18
1
2.131
0
4.353
0
-2.319
0
0.0669998
0
-6.999
0
-8.743
0
-2.822
0
3.146
-13.576
0
-1.174
1
-2.405
0
2.155
0
0.322
0
-3.83
1
-2.108
1
0.338
1
-3.598
0
-3.183
0
-3.407
0
-4.044
1
0.386
1
-3.55
1
0.092
1
-0.332
1
-0.593
1
0.725
1
-2.135
0
4.649
1
0.0210001
0
-3.5
0
-5.983
1
-3.767
1
7.538
0
0.713
0
-2.006
0
-2.832
1
-4.002
0
0.608
1
0.64
1
1.394
0
-6.102
1
2.834
0
-5.402
1
-3.108
0
5.227
1
-3.896
0
1.527
0
0.869
0
1.977
0
1.52
1
-0.0170002
1
-1.519
0
-5.257
1
-13.576
13.272
0
-10.792
1
0.31
0
-4.984
1
-5.627
1
4.363
1
-1.904
1
0.177
1
2.559
1
-3.925
1
-1.799
0
2.289
0
-4.165
1
1.113
1
-4.257
0
4.8
0
2.681
0
2.625
0
0.694
0
-0.909
0
3.441
1
-1.787
1
3.18
1
-4.272
1
1.049
0
-2.023
0
-3.066
0
-2.805
1
1.552
1
-2.806
1
-3.71
1
-1.8
0
-1.18
0
-5.427
1
1.831
0
-1.974
0
-1.149
0
-2.299
0
-2.746
0
-0.256
1
2.276
1
3.145
0
-9.735
1
0.396
1
-4.117
0
13.272
-9.231
1
-0.00300014
1
0.578
1
-3.476
0
3.531
0
10.429
1
1.416
1
-1.161
0
-2.949
0
0.075
0
-1.44
0
-2.861
0
-3.392
1
0.323
0
-3.191
1
-2.443
0
1.988
0
-0.151
1
-2.176
1
-5.277
1
-0.768
0
-3.047
1
-5.289
0
4.049
1
3.401
0
-3.46
1
-4.41
1
1.771
0
1.756
1
7.24
0
-3.787
0
-4.405
1
-0.267
0
0.344
0
-2.13
1
-0.25
1
-4.574
0
-2.414
1
2.208
1
-2.323
1
0.796
0
-1.901
0
3.037
0
-0.735
0
2.262
0
-9.231
-9.416
1
-4.568
1
10.529
0
0.778
0
-2.73
0
4.03
0
3.485
0
-10.49
1
-0.55
0
-7.318
0
-1.801
0
-2.939
0
0.779
0
0.603
0
-3.263
0
-6.565
0
-1.446
1
0.299
0
3.567
1
0.714
0
3.41
1
-2.026
1
-1.961
1
0.118
1
-5.089
0
2.434
1
-5.527
0
0.246
1
1.758
0
4.608
0
2.169
1
0.605
0
6.456
1
3.826
1
-2.694
0
3.943
1
-1.677
0
-0.0420003
1
2.561
1
-1.179
1
1.876
0
1.272
0
-0.593
0
0.793
1
5.582
0
-9.416
-1.66
0
4.333
1
-1.848
0
8.498
0
1.187
0
-6.182
0
7.964
1
-0.578
1
2.242
1
-1.632
0
-3.858
1
0.418
0
2.776
1
-1.571
1
-2.508
0
1.509
1
-1.252
1
0.845
0
3.387
0
-2.437
1
0.11
0
1.267
0
-3.543
0
0
0
-2.4
1
-8.023
0
-1.685
0
0
0
-2.901
0
-0.9
1
2.358
1
-1.6
0
-4.229
1
-1.419
1
-0.0539999
0
1.986
0
1.253
1
1.53
0
-0.0520002
0
-3.194
1
-2.374
0
2.123
1
0.635
0
0.0170002
1
1.341
1
-1.66
-54.979
1
-5.199
1
0.854
1
2.489
0
0.925
1
1.171
1
9.767
1
-2.449
0
6.012
0
3.371
1
0.989
0
-6.09
1
-5.289
1
-2.604
0
4.309
1
-2.401
0
2.924
1
1.617
0
0.786
1
9.549
1
-1.417
0
-3.879
1
-6.965
1
0.0630001
1
-1.556
0
-1.053
0
1.695
0
7.622
0
-6.043
1
3.13
1
3.048
0
-4.961
0
-2.407
1
-6.043
0
2.869
0
2.057
0
1.533
1
-9.084
0
-4.496
1
-6.257
1
-1.716
1
0.159
1
0.293999
0
2.218
0
-3.206
0
-54.979
1.517
0
-0.227
0
0.403
1
0.542
1
-6.78
0
-4.454
1
-1.623
1
1.433
0
0.946
0
10.305
0
-0.0929999
1
-1.912
1
-0.447
1
1.713
1
0.674
0
2.924
1
-0.549
1
2.535
0
-0.887
1
8.753
0
-4.645
1
5.261
1
-0.848
1
-4.892
1
-2.518
0
-5.873
0
-2.171
1
-4.762
1
-6.761
0
-3.764
1
-10.062
1
1.814
0
11.134
0
6.106
1
0.612
0
3.655
0
-1.408
1
2.992
0
-0.761
1
0.765
0
-2.092
1
0.871
1
0.427
1
0.491
0
-0.234
1
1.517
-54.418
1
-2.773
0
2.11
1
-3.689
0
-5.331
1
-0.473
1
0.518
0
-1.555
1
-0.583
1
-0.571
1
1.597
0
0.202
1
-5.509
0
-4.399
0
-0.995
0
-1.929
1
-5.103
0
-2.469
0
-4.46
0
-2.182
0
-1.838
1
4.6
1
-4.721
1
1.589
1
2.262
0
1.277
0
3.573
1
-2.607
0
-5.003
0
2.46
0
-5.646
1
-0.639
0
0.341
1
3.926
1
4.55
1
-6.832
0
3.55
1
1.193
1
-1.546
1
-4.74
0
4.725
0
1.479
1
-0.148
0
-3.974
0
-1.761
1
-54.418
-3.241
1
-7.51
0
-0.217
1
-2.1
1
-6.315
0
-5.703
1
-4.6
0
0.703
0
5.914
1
1.307
1
-2.717
1
4.805
0
3.191
0
-4.927
0
-3.731
1
7.103
0
6.697
0
-0.404
0
-1.034
1
-0.188999
0
-2.781
1
-3.637
0
-5.697
1
-7.841
0
-0.893
1
6.936
1
-3.479
0
-3.287
1
1.828
0
4.544
0
-0.218
1
-1.317
1
-5.826
0
4.522
1
2.485
0
-1.522
0
-2.862
1
0.852
0
5.175
0
-3.18
1
-1.926
1
-1.746
1
-6.612
1
-0.82
0
-3.099
1
-3.241


-2.455
0
5.018
1
0.02
0
-4.095
0
5.184
0
2.826
0
0.623
1
-2.621
1
-0.0179999
0
-5.821
0
-4.917
1
-9.071
0
-6.647
0
-3.579
0
0.882
0
1.261
0
-5.964
1
0
0
3.212
0
2.831
0
-7.223
0
-0.814
0
-2.078
0
1.431
0
0.28
0
7.507
0
-2.819
1
-2.063
0
-0.923
0
1.003
0
-0.948
0
0
0
2.524
0
-2.395
0
-5.076
0
4.11
0
-3.157
0
-3.146
0
-0.305
0
-8.343
0
-2.222
0
-0.238
1
-0.00699997
0
-0.547
0
-0.435
0
-2.455
-3.327
0
3.232
0
-1.852
0
5.129
0
-6.164
0
-5.628
0
-2.055
0
-2.194
0
0
0
5.029
0
0.758
1
-2.858
1
2.477
1
6.202
1
-0.206
0
-1.919
1
-2.189
0
-3.548
0
-2.34
0
-2.834
0
0.95
0
0.959
0
2.607
1
0.59
0
1.43
0
-0.393
0
0.698
0
-0.222
0
-0.75
0
-3.866
0
3.405
0
2.808
0
-1.989
0
-1.588
0
-3.999
0
-0.708
0
-0.995
0
-3.286
0
-0.35
0
1.407
0
4.976
0
-5.39
0
-13.108
0
0.61
0
4.044
0
-3.327
0.449001
0
2.926
1
-0.429
0
-0.897
0
6.233
0
0.334
0
-0.383
0
-1.538
1
2.224
0
4.088
0
3.639
0
2.899
0
-4.967
0
1.803
0
-1.837
0
-6.302
0
-1.285
0
-3.67
0
-1.089
0
5.63
0
-2.995
0
-2.568
0
-1.648
0
-0.578
0
2.656
0
-5.216
0
-0.208
0
-6.938
0
-3.167
0
-1.924
0
-5.164
0
4.555
0
-1.55
0
7.207
0
-1.007
0
8.872
0
-0.842
0
1.483
0
-3.087
0
-5.602
1
-0.0569999
0
-5.149
0
-8.688
0
-4.415
0
2.845
1
0.449001
1.982
0
-2.794
0
0.865
0
0.454
1
2.815
0
-4.719
1
0.769
0
-0.945
0
-1.166
0
3.706
0
3.785
0
4.97
1
-1.278
1
-3.189
0
6.339
1
0
0
-2.003
0
3.027
0
-3.151
1
0.036
0
0.193
0
4.69
0
-1.726
0
1.779
1
0.04
1
0.163
0
-3.644
0
-0.347
0
-5.451
0
-0.963
0
0.541
0
-7.346
0
-1.024
1
0
0
-4.409
1
0
0
2.245
0
-1.122
0
3.102
0
-2.767
0
1.992
0
0.538
0
3.396
0
1.994
0
-0.66
1
1.982
