

0
0
0
0
0
0
0
0
0
0
0
0
0
0
0
0
0
0
0
0
0
0
0
0
0
0
0
0
0
0
0
0
0
0
0
0
0
0
0
0
0
0
0
0
0
0
0
0
0
0
0
0
0
0
0
0
0
0
0
0
0
0
0
0
0
0
0
0
0
0
0
0
0
0
0
0
0
0
0
0
0
0
0
0
0
0
0
0
0
0
0
0
0
0
0
0
0
0
0
0
0
0
0
0
0
0
0
0
0
0
0
0
0
0
0
0
0
0
0
0
0
0
0
0
0
0
0
0
0
0
0
0
0
0
0
0
0
0
0
0
0
0
0
0
0
0
0
0
0
0
0
0
0
0
0
0
0
0
0
0
0
0
0
0
0
0
0
0
0
0
0
0
0
0
0
0
0
0
0
0
0
0
0
0
0
0
0
0
0
0
0
0
0
0
0
0
0
0
0
0
0
0
0
0
0
0
0
0
0
0
0
0
0
0
0
0
0
0
0
0
0
0
0
0
0
0
0
0
0
0
0
0
0
0
0
0
0
0
0
0
0
0
0
0
0
0
0
0
0
0
0
0
0
0
0
0
0
0
0
0
0
0
0
0
0
0
0
0
0
0
0
0
0
0
0
0
0
0
0
0
0
0
0
0
0
0
0
0
0
0
0
0
0
0
0
0
0
0
0
0
0
0
0
0
0
0
0
0
0
0
0
0
0
0
0
0
0
0
0
0
0
0
0
0
0
0
0
0
0
0
0
0
0
0
0
0
0
0
0
0
0
0
0
0
0
0
0
0
0
0
0
0
0
0
0
0
0
0
0
0
0
0
0
0
0
0
0
0
0
0
0
0
0
0
0
0
0
0
0
0
0
0
0
0
0
0
0
0
0
0
0
0
0
0
0
0
0
0
0
0
0
0
0
0
0
0
0
0
0
0
0
0
0
0
0
0
0
0
0
0
0
0
0
0
0
0
0
0
0
0
0
0
0
0
0
0
0
0
0
0
0
0
0
0
0
0
0
0
0
0
0
0
0
0
0
0
0
0
0
0
0
0
0
0
0
0
0
0
0
0
0
0
0
0
0
0
0
0
0
0
0
0
0
0
0
0
0
0
0
0
0
0
0
0
0
0
0
0
0
0
0
0
0
0
0
0
0
0
0
0
0
0
0
0
0
0
0
0
0
0
0
0
0
0
0
0
0
0
0
0
0
0
0
0
0
0
0
0
0
0
0
0
0
0
0
0
0
0
0
0
0
0
0
0
0
0
0
0
0
0
0
0
0
0
0
0
0
0
0
0
0
0
0
0
0
0
0
0
0
0
0
0
0
0
0
0
0
0
0
0
0
0
0
0
0
0
0
0
0
0
0
0
0
0
0
0
0
0
0
0
0
0
0
0
0
0
0
0
0
0
0
0
0
0
0
0
0
0
0
0
0
0
0
0
0
0
0
0
0
0
0
0
0
0
0
0
0
0
0
0
0
0
0
0
0
0
0
0
0
0
0
0
0
0
0
0
0
0
0
0
0
0
0
0
0
0
0
0
0
0
0
0
0
0
0
0
0
0
0
0
0
0
0
0
0
0
0
0
0
0
0
0
0
0
0
0
0
0
0
0
0
0
0
0
0
0
0
0
0
0
0
0
0
0
0
0
0
0
0
0
0
0
0
0
0
0
0
0
0
0
0
0
0
0
0
0
0
0
0
0
0
0
0
0
0
0
0
0
0
0
0
0
0
0
0
0
0
0
0
0
0
0
0
0
0
0
0
0
0
0
0
0
0
0
0
0
0
0
0
0
0
0
0
0
0
0
0
0
0
0
0
0
0
0
0
0
0
0
0
0
0
0
0
0
0
0
0
0
0
0
0
0
0
0
0
0
0
0
0
0
0
0
0
0
0
0
0
0
0
0
0
0
0
0
0
0
0
0
0
0
0
0
0
0
0
0
0
0
0
0
0
0
0
0
0
0
0
0
0
0
0
0
0
0
0
0
0
0
0
0
0
0
0
0
0
0
0
0
0
0
0
0
0
0
0
0
0
0
0
0
0
0
0
0
0
0
0
0
0
0


-0.196
0
1.212
0
-4.573
0
3.139
1
0
1
-2.404
0
5.879
0
-9.625
0
-1.346
0
0.682001
0
-3.264
0
-0.223
0
1.665
0
-1.831
1
-0.951
1
0.462001
1
2.972
0
-4.599
1
-4.312
0
3.144
0
3.063
1
1.875
1
0.751
1
-9.819
0
1.778
0
2.768
1
-8.467
0
0.0780001
1
1.205
1
-0.632
0
-0.0059998
1
-3.755
0
5.147
1
-6.235
0
-7.509
0
-1.599
1
-7.145
0
-3.177
1
-3.254
1
-2.728
0
-4.983
0
-1.912
0
2.773
0
-2.884
1
3.282
0
-0.196
-1.335
0
-1.154
0
-2.344
1
-1.638
0
-1.914
1
0.22
0
-4.56
0
-4.585
0
-10.929
0
-3.933
0
9.059
0
2.336
0
-3.551
0
1.722
1
-4.345
1
-4.329
1
-1.245
1
-1.293
0
0.744
1
5.919
1
1.164
1
3.055
0
1.473
0
-5.454
0
2.165
0
-5.487
0
-15.131
0
8.85
0
3.528
1
-1.696
1
-3.028
1
3.865
1
-0.915
0
-6.632
0
0.488
1
-3.344
0
-7.506
0
-4.093
0
-10.477
1
2.705
0
-2.796
1
-2.412
0
1.147
1
3.925
0
2.89
1
-1.335
11.746
1
6.045
0
-29.142
1
-17.895
1
5.541
0
-1.591
0
-0.991
1
1.596
0
2.908
1
-38.264
1
-30.233
1
0.656
0
-0.186
1
0.853
1
-4.748
1
-6.997
1
-3.698
1
3.037
1
-4.902
1
7.435
0
9.345
0
4.727
1
5.24
0
-1.028
1
-9.209
0
2.827
1
-3.311
1
-0.963
0
-0.192
0
-1.865
1
-1.139
1
1.231
0
-4.208
1
0.815
0
-1.293
1
4.969
1
3.315
1
1.785
0
4.556
0
-1.175
0
2.563
0
-0.151
0
-1.755
1
5.588
1
4.806
1
11.746
-20.669
1
0.0849999
1
2.647
1
1.998
1
1.379
0
-7.828
1
-0.996
0
-2.6
0
0.448
0
0.851
1
1.976
1
-3.083
1
-0.887
0
-0.755
0
-3.311
0
-7.274
0
-0.768
1
-9.617
1
-4.511
0
-3.117
1
-0.897
0
1.407
1
-5.069
1
-0.464
1
-1.719
1
-6.793
0
1.287
0
0.0879997
0
-1.451
0
-4.413
1
1.267
0
-3.769
1
-1.942
1
-4.229
0
-5.315
1
3.215
0
-3.137
0
6.11
0
-0.331
1
-4.832
1
-1.029
1
-5.561
1
-6.219
0
-6.244
1
0.662999
0
-20.669
-0.479999
0
0.586
1
8.775
1
0.367
1
0.0149999
0
4.223
1
0.294
0
-1.037
1
-0.344
1
3.316
0
-0.558
1
-4.137
0
-2.333
0
6.724
1
-0.533
0
1.789
0
4.653
1
-3.567
0
0.191
0
-7.121
0
-0.313
1
2.327
1
-3.593
0
-1.541
0
-2.552
0
1.498
0
-4.001
1
0.837
0
1.22
0
-4.261
0
-4.193
0
-15.375
0
5.339
1
3.072
0
-4.166
0
-2.178
1
-8.118
0
-9.014
1
-11.419
1
-8.429
1
-1.96
1
-1.951
1
1.359
1
2.222
0
-4.618
0
-0.479999
7.478
1
-2.872
0
4.897
0
-10.238
1
2.912
0
-1.739
0
-14.741
1
-4.036
1
-1.901
0
0.614
1
-4.417
0
-4.592
1
3.176
0
-4.795
1
-0.676
0
7.839
1
1.104
1
0.95
1
-5.662
0
0.265
0
4.067
0
-1.639
1
8.614
1
-5.474
1
1.631
1
-0.751
0
1.08
1
2.555
0
-2.43
0
-9.841
1
0.909
0
-0.298
0
-0.576
1
-6.042
1
1.189
0
1.483
0
8.958
1
2.763
1
2.021
1
-2.376
0
2.344
0
-3.167
1
0.551
1
-0.626
0
2.002
1
7.478
-49.45
1
3.719
0
3.16
0
0.461
0
-6.21
1
5.159
1
-4.69
1
-0.529
0
-3.539
1
-2.652
0
2.81
1
-2.453
1
1.876
1
1.586
1
-6.668
0
1.519
1
-3.456
1
-3.887
1
-3.437
0
-0.847
0
-3.058
1
-0.391
0
-4.434
1
-0.386
1
0.694
1
2.502
1
-2.025
0
4.754
0
2.012
0
2.712
1
5.463
1
-6.025
0
-1.119
0
3.115
1
-2.54
1
2.636
1
-3.868
1
-0.619
0
2.185
1
-0.519
1
0.594
1
-1.878
1
3.426
1
0.999
1
-2.522
0
-49.45
-69.026
1
-3.446
0
1.967
0
-13.671
0
-5.634
0
-2.015
1
2.732
1
0.049
1
-2.707
0
-7.048
0
-3.035
0
-6.934
1
-0.884
0
-8.352
1
-2.527
1
-3.357
0
3.529
1
-3.028
1
-1.68
0
6.707
0
-4.919
0
6.914
0
-3.652
0
0.0900003
0
2.083
0
9.481
1
-2.334
0
-3.367
0
-6.859
0
-1.094
1
0.683
0
-1.522
0
-6.233
1
-3.42
1
5.801
0
3.219
1
-5.857
1
0.671
0
-1.883
0
8.735
1
1.847
1
-8.197
1
-0.464
1
1.388
0
0.384
0
-69.026
-4.397
0
0.315
0
-0.145
1
-1.83
0
-6.709
0
-2.755
0
0.801
1
-4.586
0
-5.014
0
0.155
1
-3.461
0
-7.188
1
0.719
0
3.01
0
0.0860001
1
-1.638
0
-3.303
1
5.124
0
-2.331
0
5.192
1
-2.45
0
3.013
0
-2.326
0
-6.083
0
0.185999
1
7.187
1
0.221
1
3.214
0
-6.015
0
-11.408
0
-6.095
0
-2.662
1
-0.53
1
2.687
1
1.301
0
1.359
0
5.8
0
-6.586
1
-7.325
1
-8.93
0
6.023
0
1.535
1
-3.181
1
-2.67
0
-3.882
0
-4.397
-3.547
0
-0.258
0
3.393
1
6.457
1
-5.665
0
-10.255
0
-9.497
0
-2.757
1
0.899
0
-1.758
1
7.286
1
-3.653
1
-7.741
1
-2.695
0
3.028
0
-2.729
1
1.301
1
1.64
1
-6.103
1
5.347
1
1.772
1
-4.378
0
-1.31
0
-5.299
1
0.368
0
-1.423
0
-3.382
0
-0.388
0
-0.72
1
1.203
0
-2.295
1
-2.257
1
-6.23
1
3.194
1
0.947
1
5.112
0
-1.361
1
0.387
1
-10.241
1
0.401
0
1.357
0
-1.916
1
1.974
1
-2.011
1
2.614
1
-3.547


-0.278
0
0.628
1
-0.158
0
-6.543
0
-2.391
0
0.466
0
-3.192
0
0.2
0
-0.793
1
3.373
0
-5.225
0
3.009
0
1.459
1
2.992
1
-0.454
1
1.139
0
-9.166
0
2.776
0
0.785
0
-8.74
0
-3.626
0
2.714
0
-0.0929998
0
-3.939
0
-5.669
0
-4.441
1
6.083
1
-3.399
0
-1.177
0
-0.311
0
1.665
0
-3.568
1
-4.364
1
3
0
-3.017
0
-0.207
0
-6.485
0
-4.042
0
-1.514
1
-4.04
0
-5.493
0
-1.657
1
1.874
0
1.547
1
-2.939
1
-0.278
-13.865
0
-4
0
-1.36
1
-1.303
1
-1.137
1
3.392
0
-3.559
1
-4.139
1
-1.688
0
-1.895
0
3.106
1
-4.005
1
7.235
1
-8.724
0
-2.24
1
0.398
0
-3.206
0
-4.196
0
-2.831
1
-7.649
1
-1.049
1
-0.787
0
-7.356
0
5.423
0
-5.087
0
-1.446
0
7.05
1
-1.102
0
-6.37
0
-2.284
1
-9.395
1
-7.278
0
-2.77
0
2.115
0
-4.095
0
-0.545
0
-4.796
1
-2.636
1
2.698
0
-2.532
0
-3.154
1
-5.397
0
1.985
0
2.473
0
-1.573
0
-13.865
7.649
1
2.706
1
0.224
0
-0.0630002
0
-1.238
0
-0.725
0
0.0600001
1
0.0770001
0
-1.749
1
0.419
1
1.163
0
-0.916
0
-3.107
0
4.084
0
3.294
0
5.493
0
0
1
-0.126
1
5.239
1
1.431
0
-3.894
0
1.499
0
7.955
0
-5.42
0
-1.254
1
-7.141
1
3.848
1
1.411
1
-4.806
1
3.519
0
3.712
0
-1.483
1
-4.782
1
3.96
0
6.904
0
5.868
0
2.279
1
-1.113
0
-1.958
0
-6.051
0
2.102
0
-2.181
1
-1.083
1
0.277
1
5.844
0
7.649
-17.495
0
2.705
0
3.125
0
2.957
0
-10.468
1
-0.651
0
-12.171
0
1.706
0
-6.468
0
-3.04
1
-4.073
0
-1.923
0
-1.218
0
1.362
0
-9.645
0
0.634
1
0.864
1
7.351
0
2.434
1
2.833
1
5.401
0
4.803
1
-4.959
0
2.913
1
-1.688
1
-0.147
1
1.9
1
-0.542
1
-12.694
1
0.502
1
-7.005
1
-4.408
0
-13.272
1
-0.447
0
-1.232
1
0.998
1
-2.266
1
2.312
0
-0.923
0
5.273
1
-0.371
1
3.653
1
0.783
0
-1.634
0
-2.957
0
-17.495
-49.604
0
3.224
1
-1.511
0
-2.013
0
0.242
1
1.161
1
0.93
1
-8.526
0
0.276
1
0.916
1
-3.612
1
-2.485
0
-13.391
0
-8.946
1
6.42
0
3.083
0
4.021
1
-3.637
1
3.194
1
-2.442
1
-2.27
0
1.124
0
6.161
1
-0.0669999
1
6.165
0
-4.229
0
0.0900002
1
0.576
1
-4.106
1
-0.56
0
-0.629
1
-6.485
0
-0.406
1
-2.543
1
-4.218
0
-4.39
1
-10.075
0
3.723
1
1.589
0
3.586
1
-1.149
1
0.478
0
-0.916
0
4.968
0
-2.12
1
-49.604
-7.784
0
6.675
0
0.836
0
-5.278
0
1.709
1
-3.827
1
-1.725
0
-3.267
1
-8.232
0
-5.457
0
3.481
0
3.943
1
-3.486
1
-2.106
1
3.486
0
-1.503
0
2.557
0
-2.649
1
-1.644
1
-5.781
0
1.064
0
2.374
1
-5.985
0
3.665
1
3.367
0
-2.952
1
1.962
1
-12.945
1
0.362
1
-0.318
1
5.742
0
-4.023
0
-5.896
1
2.9
0
-2.502
1
2.682
0
-1.494
0
-4.559
1
-0.56
1
-3.036
0
-3.406
0
0.207
0
0.605
1
-0.372
1
-1.444
1
-7.784
13.98
0
0.085
0
2.962
1
1.136
0
0.154
0
3.477
0
-0.711
0
3.951
1
1.298
1
-3.567
1
2.528
0
-7.1
0
-3.36
0
1.267
1
0.461
1
-4.107
0
-1.72
0
1.27
1
-1.949
0
0.118
1
2.619
0
0.689
1
-1.926
1
-3.408
0
0.0189999
0
-1.535
1
-5.251
0
1.446
1
3.704
1
2.568
0
-6.835
0
0.436
1
2.809
0
2.999
0
-6.067
1
-0.193
0
-1.535
1
1.731
0
4.834
1
-3.12
0
1.049
0
-1.867
1
-3.731
1
-4.662
1
-0.540001
1
13.98
3.022
0
-1.841
0
-0.0210001
1
-3.36
0
-7.826
0
2.642
1
1.492
0
5.898
0
-4.25
1
4.946
1
-0.567
1
9.034
1
3.292
0
-1.651
0
1.839
1
2.673
1
-1.375
0
-1.489
1
2.558
0
-1.574
1
5.648
0
-2.023
0
-1.573
0
1.172
1
-3.244
1
-1.217
0
3.659
1
-2.029
1
-3.145
1
-1.193
0
-1.805
0
0.195
1
3.574
0
-5.513
1
1.322
1
0.387
0
-0.676
1
-1.172
1
0.131
0
-8.098
1
1.585
1
-6.443
1
-5.234
1
-7.564
1
0.877
0
3.022
-4.817
0
-0.778
0
-1.513
0
-2.763
0
-3.435
0
1.146
1
-8.29
0
-2.864
0
-7.884
0
-0.592
0
1.581
0
6.698
1
4.155
1
-3.038
0
1.241
1
-1.495
1
6.923
0
1.886
1
2.437
0
-4.166
0
-3.432
1
0.676
0
-3.091
0
-6.234
0
6.372
1
4.468
0
8.569
1
-1.627
1
1.406
1
8.413
1
-11.551
1
-0.342
1
-2.309
1
-1.358
0
3.483
0
-2.158
0
9.157
1
0.102
0
5.527
1
-3.714
0
3.168
0
-5.05
1
-5.481
1
-2.796
1
-3.78
1
-4.817
-34.121
0
5.21
0
-2.507
0
-2.709
1
-2.954
1
-0.797
1
2.127
1
1.429
0
-4.384
1
-2.272
0
-0.966
0
7.74
1
-6.103
0
-4.412
0
1.768
0
8.201
0
-1.265
1
-2.867
1
-7.45
1
1.82
1
0.885
1
3.957
1
-1.076
1
-1.351
0
-7.981
1
0.442
1
-2.602
1
5.311
0
-2.589
0
-0.683
1
-3.886
1
4.596
0
6.489
0
-2.903
0
-3.995
1
-7.159
1
-4.691
0
4.42
0
3.821
1
3.597
1
3.608
0
3.112
1
-2.36
0
-0.117
0
1.312
0
-34.121


-4.342
1
-7.701
1
-3.292
0
4.311
0
2.69
0
-0.198
1
1.84
1
2.04
0
4.143
1
0.0529996
0
4.336
0
-0.448
1
-5.75
0
1.083
1
1.179
0
-1.699
1
-1.857
0
-3.367
1
6.281
1
3.161
1
0.707
0
-4.605
0
-3.786
0
-4.367
0
-1.429
0
3.412
1
-2.979
1
-2.115
1
-3.144
0
-0.275
0
-0.181
1
0.158999
0
1.342
0
-1.652
1
10.358
0
2.737
0
-2.265
0
-0.531
1
0.564
1
-0.805
0
-3.509
1
-2.526
0
-7.624
0
-9.803
0
1.155
0
-4.342
-2.073
0
-0.854
1
-2.5
0
7.412
0
0.172
1
-5.121
1
-2.108
1
-3.118
1
-3.598
1
-2.616
1
-4.408
1
-4.044
1
-2.414
1
-3.55
1
0.092
0
2.963
1
-0.593
1
-0.881
1
-3.58
1
4.649
0
0.0210001
1
-7.283
1
-4.737
1
1.55
0
7.039
0
5.013
0
-0.806
0
-1.343
1
-4.002
0
-1.665
1
2.345
0
6.446
0
-7.853
0
1.574
0
-5.402
0
-2.528
1
5.227
1
-5.901
1
1.627
1
2.928
0
3.953
0
2.887
0
-0.0170002
1
-4.009
1
-7.533
1
-2.073
-12.804
0
-12.649
0
2.072
0
-4.984
0
-5.627
0
2.898
1
-1.904
1
1.525
1
-0.17
1
-6.406
0
2.98
0
-0.135
1
-5.253
0
1.113
0
-4.257
1
6.736
0
1.81
1
2.625
0
2.994
0
1.536
1
1.95
0
-1.787
1
3.224
0
-3.011
0
3.876
1
-2.023
0
-4.43
0
-4.422
0
0.0109996
1
-2.031
1
-5.744
0
-3.758
0
-2.608
0
-7.288
1
1.831
1
-5.339
0
-2.633
0
-2.299
0
-2.746
1
-4.081
0
6.986
1
4.399
0
-9.735
0
1.131
1
-4.117
1
-12.804
-15.321
0
-0.85
1
4.208
1
-3.476
0
2.375
0
9.356
1
1.688
0
-1.161
0
-3.067
0
-0.711
0
-0.469
0
-1.03
1
-2.533
0
1.579
0
-5.009
1
-2.456
0
1.01
0
-1.114
1
-2.266
1
-7.653
1
-0.879
1
-2.241
0
-6.933
0
4.049
0
0.938
1
-5.379
1
-4.402
1
-1.668
0
1.424
0
8.09
0
-1.62
0
-6.532
1
2.164
0
0.344
0
-2.13
0
-0.25
1
-5.814
0
-1.341
0
4.671
1
-3.609
1
0.902
0
0.574
0
3.037
0
-0.735
1
2.28
1
-15.321
-20.252
0
-2.203
0
10.529
0
-2.24
1
-2.73
0
5.308
1
0.655
0
-11.112
1
1.579
0
-5.571
1
-0.0629998
1
-0.907
1
-0.772
0
0.603
1
-1.386
1
-6.565
0
1.732
1
1.575
1
3.874
0
0.714
1
3.62
1
-3.917
0
-3.837
0
-1.311
1
-4.002
0
2.434
0
-3.714
0
0.0839999
0
0.478
0
4.608
1
1.328
1
-2.594
1
9.369
1
2.764
1
-4.205
1
1.932
0
-1.677
0
2
0
0.863
1
-0.0929998
1
3.487
0
2.188
1
-1.896
0
1.765
1
5.76
1
-20.252
-8.658
0
3.558
1
-0.275
0
9.105
1
0.676
0
-4.562
0
6.971
0
-2.522
1
2.242
0
-3.012
0
-5.088
1
-2.32
0
3.058
1
-1.571
1
-2.508
0
0.425
1
-1.252
1
0.845
0
1.678
0
-2.437
1
-0.701
0
3.748
0
-5.367
1
-0.196
0
-4.802
1
-10.455
1
-1.685
0
0
0
-8.549
1
-0.473
0
1.454
1
-2.306
0
-3.423
1
-4.603
1
-0.957
1
1.986
0
0.459
1
1.427
0
1.612
1
-6.557
1
-1.213
0
3.103
0
1.136
0
-2.271
0
0.0200001
1
-8.658
-68.41
1
-2.663
1
0.854
1
2.195
1
0.925
0
1.5
0
11.832
1
-3.275
1
9.572
1
3.486
0
-2.422
0
-7.789
1
-3.234
1
-3.531
0
6.429
0
-4.696
1
2.804
0
3.336
1
0.122
0
6.438
1
-1.343
0
-3.879
0
-4.63
1
0.0630001
0
-3.908
0
-4.825
0
0.254
0
7.69
0
-9.099
0
4.955
0
4.296
0
-3.175
0
-2.407
0
-5.336
0
2.12
0
4.679
1
1.533
0
-9.084
1
-2.014
0
-2.887
0
-2.473
1
0.159
0
1.633
1
2.218
0
-3.206
0
-68.41
-3.913
1
-0.249
0
1.838
1
-3.052
0
-5.9
0
-5.794
1
0.714
1
1.433
1
-1.12
1
10.841
0
0.16
0
-2.091
1
-0.447
1
0.619
0
3.464
1
1.089
0
0.746
0
2.097
0
-1.056
1
8.753
0
-4.645
0
2.385
1
0.546
1
-4.892
1
-2.518
0
-2.163
0
-2.171
0
-2.449
1
-6.761
0
-4.905
1
-12.055
1
1.814
0
7.291
0
6.583
1
0.612
0
1.924
1
1.06
1
5.32
0
-1.352
1
2.544
0
-1.583
1
-3.743
1
4.37
1
1.066
0
-2.742
1
-3.913
-42.494
1
-6.581
0
2.029
1
-1.541
1
-7.232
1
-2.9
1
-0.28
0
-2.711
1
-0.623
0
-2.345
1
3.472
0
-1.822
0
-5.198
1
-3.915
0
-3.836
1
-1.151
0
-9.932
1
-1.201
0
-2.44
0
-3.056
1
-3.863
0
3.498
0
-3.503
1
3.387
0
3.541
0
1.514
1
1.173
0
-0.755
0
-5.003
1
0.453
1
-3.683
0
0.382
0
0.341
1
0.316
0
2.092
1
-7.564
1
3.451
1
2.448
1
-0.996
0
-6.988
0
6.151
0
1.103
1
0.438
1
-5.482
0
-2.908
1
-42.494
-17.705
1
-4.006
1
-0.371
1
-3.312
1
-6.256
0
-5.703
0
-0.978
0
0.703
1
4.77
0
-1.082
0
-0.4
0
6.987
1
0.443
0
-5.915
1
-2.686
0
7.887
0
7.391
1
-0.404
0
-1.083
1
2.656
1
-4.164
0
-3.637
1
-3.483
0
-4.16
0
-2.362
1
6.996
1
-7.035
0
-3.287
1
4.561
1
3.313
1
-1.054
1
-0.107
1
-3.594
1
6.879
1
4.522
1
-1.733
0
-2.177
0
-4.566
0
3.575
0
0.416
1
0.218
0
-3.16
0
-3.567
0
-0.82
0
-3.157
0
-17.705


-2.455
0
2.04
1
0.02
0
-2.617
0
4.27
0
0.0159999
0
0.328
1
-2.621
0
1.378
0
-6.248
0
-7.593
1
-9.071
0
-7.398
1
-3.579
0
3.057
0
0.615
0
-4.533
0
-1.162
0
3.212
0
3.082
0
-6.694
0
-0.814
0
2.454
0
2.794
0
1.152
0
11.138
0
-2.377
1
-2.063
0
-3.78
0
2.671
0
-5.121
1
0
0
0.854
0
-3.018
0
-3.12
0
4.683
0
-4.222
0
-1.805
0
0.221
0
-5.405
0
-5.914
0
1.459
1
-0.00699997
0
-1.451
0
-2.417
0
-2.455
-3.327
0
3.232
0
-2.39
0
5.924
0
-8.32
0
-5.776
0
-3.848
0
-4.235
1
0
0
5.029
0
3.028
1
-3.746
1
3.984
1
2.747
0
-4.617
0
-1.919
1
-2.189
0
-2.655
0
-0.105
0
-1.651
0
2.27
0
2.462
0
3.869
1
0.59
0
0.853
0
-0.393
0
-1.255
0
-2.614
0
-2.654
0
-6.085
0
3.405
0
4.705
0
-1.989
0
-0.475
0
-5.455
0
-3.059
0
0.774001
0
-1.235
0
-1.892
0
1.162
0
3.565
0
-6.502
0
-17.856
0
1.382
0
5.458
1
-3.327
0.449001
0
1.412
1
-0.429
0
-0.897
0
4.319
0
2.782
0
0.885
0
-3.16
1
2.224
0
5.206
0
2.405
0
2.899
0
-4.967
1
0.962
0
-3.132
0
-6.302
0
-0.0129997
0
-5.476
0
0.718
0
2.522
0
0.738
0
-0.557
0
-5.279
0
-4.478
0
1.106
0
-5.216
0
-0.635
0
-6.199
0
-2.456
0
2.687
0
-7.089
0
4.891
0
-4.174
0
9.034
0
-0.769
0
9.284
0
-0.842
0
3.592
0
-3.519
0
-5.602
1
-0.0569999
0
-6.075
0
-8.688
0
-4.415
0
1.322
1
0.449001
1.982
0
-2.829
0
-1.639
0
-0.518
1
2.815
0
-2.274
1
0.769
0
-2.7
0
1.418
0
1.178
0
5.784
0
3.761
0
-2.284
1
-4.111
1
4.787
1
0
0
-3.698
0
3.027
0
-3.151
1
0.036
0
-3.191
0
8.763
0
0.0969998
0
1.665
1
0.04
1
0.163
0
-5.532
0
-1.823
0
-5.451
0
0.326
0
-0.604001
0
-12.531
0
6.892
1
0
0
-2.932
0
-2.121
0
3.567
0
-0.965
0
2.688
0
-2.767
0
-0.383
0
0.538
0
0.531
0
1.994
0
-1.156
0
1.982
