

0
0
0
0
0
0
0
0
0
0
0
0
0
0
0
0
0
0
0
0
0
0
0
0
0
0
0
0
0
0
0
0
0
0
0
0
0
0
0
0
0
0
0
0
0
0
0
0
0
0
0
0
0
0
0
0
0
0
0
0
0
0
0
0
0
0
0
0
0
0
0
0
0
0
0
0
0
0
0
0
0
0
0
0
0
0
0
0
0
0
0
0
0
0
0
0
0
0
0
0
0
0
0
0
0
0
0
0
0
0
0
0
0
0
0
0
0
0
0
0
0
0
0
0
0
0
0
0
0
0
0
0
0
0
0
0
0
0
0
0
0
0
0
0
0
0
0
0
0
0
0
0
0
0
0
0
0
0
0
0
0
0
0
0
0
0
0
0
0
0
0
0
0
0
0
0
0
0
0
0
0
0
0
0
0
0
0
0
0
0
0
0
0
0
0
0
0
0
0
0
0
0
0
0
0
0
0
0
0
0
0
0
0
0
0
0
0
0
0
0
0
0
0
0
0
0
0
0
0
0
0
0
0
0
0
0
0
0
0
0
0
0
0
0
0
0
0
0
0
0
0
0
0
0
0
0
0
0
0
0
0
0
0
0
0
0
0
0
0
0
0
0
0
0
0
0
0
0
0
0
0
0
0
0
0
0
0
0
0
0
0
0
0
0
0
0
0
0
0
0
0
0
0
0
0
0
0
0
0
0
0
0
0
0
0
0
0
0
0
0
0
0
0
0
0
0
0
0
0
0
0
0
0
0
0
0
0
0
0
0
0
0
0
0
0
0
0
0
0
0
0
0
0
0
0
0
0
0
0
0
0
0
0
0
0
0
0
0
0
0
0
0
0
0
0
0
0
0
0
0
0
0
0
0
0
0
0
0
0
0
0
0
0
0
0
0
0
0
0
0
0
0
0
0
0
0
0
0
0
0
0
0
0
0
0
0
0
0
0
0
0
0
0
0
0
0
0
0
0
0
0
0
0
0
0
0
0
0
0
0
0
0
0
0
0
0
0
0
0
0
0
0
0
0
0
0
0
0
0
0
0
0
0
0
0
0
0
0
0
0
0
0
0
0
0
0
0
0
0
0
0
0
0
0
0
0
0
0
0
0
0
0
0
0
0
0
0
0
0
0
0
0
0
0
0
0
0
0
0
0
0
0
0
0
0
0
0
0
0
0
0
0
0
0
0
0
0
0
0
0
0
0
0
0
0
0
0
0
0
0
0
0
0
0
0
0
0
0
0
0
0
0
0
0
0
0
0
0
0
0
0
0
0
0
0
0
0
0
0
0
0
0
0
0
0
0
0
0
0
0
0
0
0
0
0
0
0
0
0
0
0
0
0
0
0
0
0
0
0
0
0
0
0
0
0
0
0
0
0
0
0
0
0
0
0
0
0
0
0
0
0
0
0
0
0
0
0
0
0
0
0
0
0
0
0
0
0
0
0
0
0
0
0
0
0
0
0
0
0
0
0
0
0
0
0
0
0
0
0
0
0
0
0
0
0
0
0
0
0
0
0
0
0
0
0
0
0
0
0
0
0
0
0
0
0
0
0
0
0
0
0
0
0
0
0
0
0
0
0
0
0
0
0
0
0
0
0
0
0
0
0
0
0
0
0
0
0
0
0
0
0
0
0
0
0
0
0
0
0
0
0
0
0
0
0
0
0
0
0
0
0
0
0
0
0
0
0
0
0
0
0
0
0
0
0
0
0
0
0
0
0
0
0
0
0
0
0
0
0
0
0
0
0
0
0
0
0
0
0
0
0
0
0
0
0
0
0
0
0
0
0
0
0
0
0
0
0
0
0
0
0
0
0
0
0
0
0
0
0
0
0
0
0
0
0
0
0
0
0
0
0
0
0
0
0
0
0
0
0
0
0
0
0
0
0
0
0
0
0
0
0
0
0
0
0
0
0
0
0
0
0
0
0
0
0
0
0
0
0
0
0
0
0
0
0
0
0
0
0
0
0
0
0
0
0
0
0
0
0
0
0
0
0
0
0
0
0
0
0
0
0
0
0
0
0
0
0
0
0
0
0
0
0
0
0
0
0
0
0
0


-0.196
0
-0.877
0
-4.573
0
3.139
0
0
1
-2.404
0
5.331
0
-9.065
0
1.34
0
0.682001
0
0.423
0
-2.294
0
1.665
0
-5.262
0
1.517
1
0.462001
0
3.805
1
-4.285
0
-6.357
0
0.669
0
3.751
1
0.295001
0
-2.687
1
-9.66
0
2.16
0
3.482
0
-10.322
1
1.561
0
1.846
1
-0.467
0
-2.202
0
-4.609
0
3.574
0
-9.151
0
-6.599
0
-0.847
1
-9.273
0
-2.762
0
-3.254
1
-3.286
0
-5.878
1
-1.912
0
2.773
1
-5.094
1
3.403
1
-0.196
-1.391
0
-1.576
0
-6.074
1
-1.638
0
-2.021
1
0.22
0
-4.635
0
-4.451
0
-8.587
0
-4.908
0
9.334
0
3.943
1
-3.551
0
0.294
1
-1.363
1
-3.745
1
-2.646
0
-4.756
0
2.474
1
5.007
0
1.533
1
1.114
1
3.743
0
-6.505
1
1.791
0
-3.612
0
-17.407
0
6.765
1
0.919
0
-1.696
0
-0.67
0
2.074
0
-2.7
0
-8.372
0
-1.875
1
-2.652
0
-7.324
0
-4.426
0
-8.569
0
3.651
1
-6.396
1
-5.797
0
5.784
1
0.863
0
6.097
0
-1.391
18.653
1
12.89
0
-29.658
1
-19.154
0
0.977
1
-1.533
0
-1.754
1
1.654
0
2.84
1
-55.195
1
-40.332
1
0.396
0
-0.186
0
1.089
1
-7.462
1
-7.813
0
-7.345
1
3.037
1
-8.693
0
4.971
1
8.225
0
4.902
1
4.701
1
-1.951
0
-9.639
0
2.983
1
-3.491
1
-0.73
1
-2.214
1
-4.602
0
4.498
0
-2.365
0
-4.952
0
-6.071
0
-5.41
1
4.105
1
1.622
1
4.129
0
1.058
1
-1.311
0
-0.165
0
2.032
0
-1.755
0
12.189
1
6.059
0
18.653
-20.64
1
0.0849999
1
2.647
1
1.998
1
1.379
0
-7.676
1
-0.965
0
-2.6
0
0.448
0
-0.359
1
1.976
1
-1.818
0
-1.086
0
-2.035
1
-4.856
0
-5.199
1
-1.323
1
-11.084
1
-2.671
1
-3.117
1
-5.33
0
1.011
0
-4.388
0
-1.533
1
-3.05
1
-3.77
1
0.313
0
-1.974
1
-1.104
1
-6.061
0
0.934
0
-0.958
1
-2.494
0
-1.625
1
-5.679
0
6.098
0
-1.766
1
6.027
0
-0.615
0
-4.06
0
-2.047
1
-7.289
0
-4.265
0
-5.889
0
0.409999
0
-20.64
-0.493999
0
0.586
1
11.073
1
0.367
1
0.0179999
0
4.223
1
0.346
0
-1.037
1
-0.344
1
4.038
0
-2.699
0
-4.198
1
-3.31
0
3.764
1
-3.218
0
1.95
0
5.614
0
-6.195
0
-1.927
0
-9.224
0
-3.171
1
5.741
1
0.911
0
-1.349
0
-3.792
1
1.833
1
-4.001
1
-1.183
0
-1.308
0
-7.29
0
-5.265
1
-18.228
1
5.339
0
2.542
0
-4.166
0
-2.178
0
-11.555
1
-15.426
1
-8.464
0
-9.544
1
-0.213
1
-5.323
0
6.072
1
5.6
1
-4.744
1
-0.493999
-6.908
1
-1.861
0
2.035
1
-11.277
0
2.285
1
-3.002
0
-16.127
0
-2.476
1
-1.901
0
1.311
0
-8.179
0
-5.975
0
2.465
0
-6.451
1
-0.93
0
11.531
1
1.03
0
2.36
1
-10.253
0
-6.476
0
2.319
0
-3.822
1
8.614
1
-3.024
1
-0.769
0
1.508
0
-3.359
0
2.555
0
-1.221
0
-9.759
1
-0.815
1
-0.298
0
1.909
1
-7.874
1
2.005
1
0.546
1
11.908
1
-0.821
0
4.228
1
-1.453
1
-2.069
1
-1.319
0
0.654
0
-0.768
0
2.671
0
-6.908
-40.507
0
5.512
0
2.397
1
2.724
1
-6.15
0
5.159
0
-4.69
1
-3.632
0
2.271
1
-4.798
0
2.596
1
-2.819
1
1.876
0
2.358
0
-7.123
0
0.834
1
-3.456
0
-5.712
0
-6.322
1
-2.903
0
-7.252
1
-0.391
0
-3.373
0
1.986
1
-2.905
1
-2.969
0
-4.789
1
3.714
1
5.177
1
5.809
0
5.341
0
-4.576
0
-1.119
0
1.534
0
-2.626
1
-3.757
1
-3.868
1
-1.765
1
2.185
1
3.607
0
0.594
0
-1.553
0
2.602
0
0.999
1
0.0869999
0
-40.507
-62.971
0
-1.607
0
7.081
1
-13.671
0
-6.892
0
-0.821
1
3.763
1
-0.999
0
-5.879
1
-5.922
1
-5.72
0
-7.96
1
0.33
0
-9.874
0
-0.994
1
-6.87
1
3.71
0
-0.461
1
0.202
0
6.707
0
-4.919
0
5.498
1
-3.934
0
0.95
1
0.511
0
10.382
1
-1.735
1
0.559
1
-5.78
1
-1.094
1
1.8
0
-2.176
0
-11.189
0
-1.644
0
5.801
0
3.219
0
-5.857
1
0.343
1
-1.883
0
8.735
0
0.719
1
-8.212
1
-1.976
1
1.451
0
1.78
0
-62.971
-4.514
0
0.614
0
-5.402
1
-1.83
0
-5.127
0
-1.301
0
0.681
1
-4.586
0
-4.594
0
0.702
1
-3.461
0
-9.253
0
0.157
0
1.162
1
1.236
0
-2.461
1
-0.407
1
5.248
0
-3.042
0
3.942
1
-3.113
0
3.013
1
-3.465
1
-7.898
0
0.185999
1
7.752
0
-0.646
1
3.009
0
-5.614
1
-12.691
0
-4.424
0
-5.325
0
-2.929
1
1.187
0
-1.486
1
3.4
1
5.8
0
-6.148
0
-6.722
1
-11.415
0
6.657
1
5.703
0
-2.061
0
-3.25
0
-4.375
1
-4.514
-3.589
0
-0.854
0
3.777
1
5.869
1
-3.315
0
-10.255
0
-7.954
0
-3.949
0
3.803
1
-3.556
1
6.533
1
-4.634
1
-6.676
0
-3.856
0
3.028
0
-2.729
0
-1.091
0
1.695
1
-7.982
0
6.975
1
2.268
1
-4
1
-0.406
0
-4.477
0
0.368
1
-0.351
0
-6.108
1
-1.114
0
0.1
0
1.203
1
0.394
0
-2.257
0
-4.681
1
1.542
1
0.947
1
5.99
0
-4.587
1
2.868
0
-12.003
1
-1.172
1
-0.425
0
-2.974
0
2.369
1
-1.402
1
0.498
0
-3.589


-0.278
0
6.843
1
-0.158
0
-8.274
0
-0.831
0
-2.233
0
-4.61
0
-2.194
0
0.0820001
1
3.373
0
-5.225
0
0.516
0
-0.482
0
7.107
0
0.737
1
1.139
0
-7.033
0
0.138
0
-1.932
0
-6.276
0
-2.735
0
2.714
0
-2.766
0
-2.326
0
-5.669
1
-8.581
1
7.53
0
-3.755
0
-1.177
0
-2.611
0
-0.924
0
-4.272
0
-1.993
0
4.404
1
-2.934
0
-2.376
0
-8.774
1
-4.767
0
-1.276
0
-4.04
1
-6.924
1
-0.307
0
1.874
0
2.239
0
-7.528
1
-0.278
-5.124
1
-1.97
1
-4.927
1
-3.331
1
-2.427
1
3.392
0
-4.522
0
-6.306
0
0.326
1
0.414
0
2.698
1
-3.628
1
8.482
0
-6.941
1
-7.539
1
0.398
1
-0.854
0
-1.85
0
0.342
1
-5.376
1
2.168
0
-4.579
0
-7.356
1
5.552
0
-1.614
1
0.533
1
7.178
0
1.264
0
-7.057
0
-2.284
1
-10.957
0
-9.068
0
-1.213
0
-0.168
1
3.213
0
-1.784
1
-4.796
1
-4.916
0
6.495
1
-1.89
1
-2.546
1
-5.397
0
4.321
0
2.687
1
-0.972
0
-5.124
7.612
1
2.706
1
0.224
0
0.847
0
-5.142
0
-0.987
0
0.0600001
1
0.0770001
0
-3.829
1
0.419
1
1.163
1
-1.729
1
-6.737
0
0.562999
0
3.294
0
3.038
0
1.506
1
-0.126
1
5.239
1
1.431
0
-3.109
0
1.859
0
9.388
0
-0.963
0
-0.684
1
-9.133
1
5.011
1
1.411
1
-4.83
0
3.606
0
2.885
1
-0.557
1
-1.889
0
2.8
1
4.958
1
5.941
0
-2.01
1
-2.787
0
0.406
0
-6.464
1
3.244
1
-4.75
0
0.764
1
-1.758
1
4.086
1
7.612
-15.753
1
2.705
0
6.553
0
-2.263
1
-8.394
0
0.945
1
-10.965
1
-1.379
0
-9.835
1
-2.708
0
-4.073
1
-1.137
0
-3.764
0
2.638
1
-11.905
0
5.324
0
1.261
1
10.946
0
0.401
1
1.664
0
3.567
1
4.557
1
-5.447
0
1.697
0
-2.29
0
1.947
0
-0.457
1
-2.071
0
-14.063
1
0.502
1
-6.09
0
-6.125
1
-13.581
1
-0.447
0
1.83
1
-0.838
0
-2.266
1
4.899
1
1.781
1
7.383
1
4.061
0
2.937
1
-1.682
1
0.295
0
-6.209
1
-15.753
-63.447
1
6.321
1
-1.511
0
-0.536
0
2.786
1
4.657
1
0.314
1
-7.442
1
-0.935
1
-1.128
1
-6.382
0
1.665
1
-16.313
1
-8.946
1
6.42
0
0.89
0
6.307
1
-4.519
1
-0.563
0
-4.143
0
-5.628
0
3.159
0
6.098
1
-3.727
0
4.217
0
-4.229
1
-5.612
0
0.628
0
-5.795
0
-2.16
0
-0.194
1
-2.25
0
-2.928
1
-2.543
0
-5.941
1
-3.582
0
-8.411
0
6.351
0
4.168
1
-0.0689999
1
-0.791
0
0.478
1
1.391
1
3.097
0
-0.152
0
-63.447
1.983
1
9.126
0
-0.472
0
-7.757
1
2.142
1
-5.66
1
-1.038
0
-4.454
0
-4.769
1
-4.853
1
3.99
0
2.255
1
-5.169
1
-2.699
1
0.442
1
-3.55
1
1.726
0
-2.649
1
-2.667
1
-8.095
1
-0.24
0
3.763
1
-4.193
0
5.112
1
1.414
1
-2.952
1
-2.35
1
-12.945
1
-2.575
0
-3.042
1
5.411
1
-3.862
1
-5.896
1
-1.5
1
-2.502
1
6.519
1
-5.49
0
0.762
0
-4.582
1
-2.815
0
-3.406
1
-4.117
0
0.27
0
-0.372
1
-1.312
1
1.983
0.597996
0
-1.287
1
5.399
0
1.136
1
0.217
0
5.48
1
0.538
0
4.969
0
2.967
0
-2.578
1
0.462
1
-5.193
0
-4.264
0
-0.677
1
1.991
0
-4.7
1
-0.18
0
2.296
1
0.477
0
-1.449
1
2.619
0
1.027
0
-1.926
0
-3.412
0
1.144
0
-1.535
1
-7.07
1
1.43
1
5.586
1
2.568
0
-1.038
1
3.539
0
3.555
1
4.51
0
-6.067
1
-1.412
1
-2.764
0
1.091
1
4.194
1
-4.649
0
0.775
1
-2.269
0
-7.071
0
-4.662
1
-5.504
1
0.597996
3.912
1
-0.946
0
-3.582
1
-3.57
1
-6.478
0
2.642
0
-3.053
0
5.898
1
-4.438
1
4.18
0
-0.567
0
9.034
0
0.712
1
-1.651
0
2.634
0
5.426
0
-1.212
0
-2.696
0
2.558
1
-2.589
1
7.432
0
-5.727
1
-1.548
0
2.766
0
-3.244
1
0.191
1
7.323
1
-8.918
0
-3.91
1
-0.0609998
1
-1.805
0
-0.485
1
2.42
1
-6.74
1
2.228
1
1.614
1
-0.676
0
-1.454
0
-0.447
0
-5.71
0
1.792
1
-6.682
1
-4.273
1
-10.858
1
3.791
1
3.912
-7.729
0
-2.845
1
-0.503
0
-2.763
0
-4.823
0
2.404
1
-8.29
0
-0.104
0
-7.889
1
-2.783
0
-2.611
0
6.683
1
1.455
1
0.37
0
-0.738
0
0.248
1
6.292
0
3.826
1
-1.993
1
-8.994
0
-5.592
1
2.005
0
-2.056
0
-8.309
0
4.795
1
2.042
0
10.226
1
0.491
0
0.332
1
9.637
1
-11.551
1
-0.342
1
-6.117
1
2.24
1
1.094
0
-3.876
0
9.157
0
-0.436
1
3.41
0
-3.76
0
3.929
0
-3.686
0
-7.129
1
-3.345
0
-9.765
0
-7.729
-74.844
0
6.013
0
-2.915
0
-1.424
0
-4.975
0
-0.797
0
3.92
0
2.614
1
-4.384
0
-4.148
0
-0.966
1
9.867
1
-6.554
1
-2.594
0
2.43
0
7.83
0
1.152
1
-0.378999
0
-8.004
0
3.102
1
-2.068
0
2.436
0
0.694
1
0.921
0
-11.365
0
0.658
0
-0.477
1
9.709
1
-0.598
1
-2.881
0
-3.702
0
4.705
0
7.635
0
-2.903
0
-7.474
0
-7.612
0
-6.731
0
8.675
1
0.919
0
3.597
0
5.036
1
4.132
0
-2.502
0
1.884
0
-3.084
0
-74.844


-8.019
0
-7.701
0
-0.673
1
4.311
1
3.99
1
-1.531
0
1.087
0
1.717
0
5.214
1
1.573
0
5.392
0
-0.799
1
-1.079
1
-4.388
0
-0.347
1
-1.431
1
-2.639
0
-3.69
1
2.758
0
1.032
1
-1.352
0
-6.297
0
-3.67
1
-5.763
1
-2.687
0
7.862
1
-2.44
1
-0.953
0
-5.202
0
-2.624
0
-2.263
1
0.158999
1
0.0760002
1
-1.012
0
10.358
0
1.783
0
-2.599
1
-2.971
1
0.871
1
-3.268
1
-5.828
1
-2.51
1
-7.944
0
-8.929
0
-0.209
1
-8.019
-19.303
1
-1.247
1
-0.813
0
7.712
1
0.172
0
-5.121
1
-1.723
1
-1.352
0
-3.786
1
-2.616
0
-4.262
1
-5.459
0
-5.051
0
-1.113
1
1.351
1
1.585
1
0.436
1
-0.881
1
-3.58
1
3.158
0
-2.951
1
-8.585
0
-5.945
1
1.55
0
10.349
0
5.569
1
-2.11
0
-1.251
1
-3.444
1
-1.929
1
2.345
1
6.713
1
-6.31
0
3.54
1
-5.402
1
-2.528
1
2.798
1
-7.74
0
4.57
0
0.53
0
-0.131
0
4.265
0
-1.66
0
-10.002
0
-8.556
1
-19.303
-14.472
0
-16.334
1
-1.963
1
-5.618
0
-5.782
1
2.898
0
-3.922
0
-0.543
0
2.288
1
-5.63
1
6.661
1
-2.008
1
-5.253
0
-1.989
0
-2.777
1
4.477
1
0.165
0
3.323
1
3.998
1
1.536
0
-0.492
0
-4.213
0
2.049
1
0.612
1
7.719
1
-1.98
0
-5.228
0
-4.794
0
-1.449
1
-2.031
1
-5.744
0
-6.012
1
-6.57
0
-3.813
0
2.202
0
-2.107
1
0.347
1
-4.588
0
-2.597
0
-5.273
0
5.443
1
4.671
0
-9.994
0
0.775
1
-6.658
0
-14.472
-21.048
1
-0.388
1
1.318
1
-6.142
1
0.574
1
10.921
1
2.119
0
0.316
0
-3.429
1
-0.711
1
-1.089
1
1.341
0
-2.533
0
1.082
0
-4.753
1
-0.744
1
2.816
0
1.153
1
-0.491
0
-8.132
0
-3.102
0
-3.886
0
-5.285
0
0.766
0
0.691
0
-2.311
1
-3.713
0
-0.355
1
1.424
1
8.09
0
-1.62
0
-4.824
1
4.375
0
-0.752
0
-0.239
0
1.123
1
-3.685
1
-1.202
0
3.262
1
-3.038
0
-2.866
0
1.758
0
3.013
0
0.886
0
-0.944
0
-21.048
-43.531
0
-1.952
0
9.371
1
-2.24
0
-1.545
0
5.316
1
2.031
0
-10.982
1
0.0820004
0
-4.597
1
3.44
1
0.0739998
1
0.625
0
-1.283
1
2.162
0
-7.934
0
-0.756
1
-0.11
0
3.55
1
1.437
1
1.367
1
-5.665
1
-5.677
0
-0.463
0
-3.798
0
-1.245
1
-5.61
1
0.357
1
-1.824
1
2.45
1
-0.887
0
-0.576
1
9.369
0
2.137
1
-1.779
1
2.463
0
-3.772
1
2.49
0
-1.365
0
1.23
1
2.934
1
2.564
0
-4.283
1
11.586
1
7.88
0
-43.531
-7.126
0
2.206
0
1.915
0
12.06
1
-1.18
1
-1.672
0
5.752
0
-4.967
1
2.692
0
-0.445
0
-6.639
1
-7.24
0
3.799
1
-1.571
1
-0.163
1
0.983
1
-1.491
1
0.283
0
2.392
0
-4.285
0
-1.314
0
1.395
0
-8.277
1
-0.544
0
-1.079
1
-11.157
1
-1.428
1
0.94
0
-5.027
0
-0.637
0
2.625
1
-2.456
0
-3.833
1
-3.799
0
-1.728
1
2.279
0
3.024
0
3.552
0
-0.0130002
1
-3.215
0
-1.213
1
5.269
0
-0.748
1
-2.271
0
0.25
0
-7.126
-58.462
0
-4.429
0
0.854
1
1.879
1
2.016
0
1.101
1
13.699
0
-5.613
1
10.297
1
5.121
1
-0.998
1
-6.339
1
-6.391
0
-3.387
0
7.938
0
-8.286
1
-0.714
0
-0.506
1
0.122
0
6.091
1
-3.643
1
-8.029
0
-4.32
1
1.675
0
-2.801
0
-4.126
0
1.672
1
11.971
1
-12.839
0
4.955
1
3.986
0
-4.487
0
-4.945
1
-7.083
0
1.844
0
2.93
1
2.553
1
-8.895
1
-2.014
1
-2.887
0
-1.319
0
-3.867
1
1.782
0
3.619
1
-3.206
0
-58.462
-7.06
1
-4.049
0
1.614
1
-4.32
1
-4.895
0
-7.813
1
2.415
1
3.542
1
-0.123
1
14.753
0
2.106
1
-5.783
1
1.294
0
0.164
0
4.339
0
-3.088
0
4.321
1
-0.941
0
-0.144
1
5.622
0
-7.969
0
3.445
1
-0.111
1
-7.608
1
-2.873
1
-6.769
1
-4.424
0
-4.725
1
-7.534
0
-3.787
1
-11.242
0
1.026
0
10.788
0
8.075
1
-0.0960003
1
3.554
0
5.949
0
3.299
0
-1.352
0
0.543
0
-0.304
1
-3.743
1
4.37
0
1.066
0
-4.664
0
-7.06
-51.156
0
-7.34
1
3.015
0
-1.541
0
-4.682
0
-6.001
0
-2.406
0
-3.217
0
-0.874
1
-6.455
1
3.486
0
-2.019
0
-4.055
1
-2.887
0
-2.606
1
-4.825
1
-9.932
1
-2.916
1
-2.625
1
-1.016
1
-3.799
0
1.684
1
-5.071
0
2.401
0
0.731
0
3.839
0
0.363
0
-4.608
1
-2.976
1
0.284
1
-1.502
1
-1.363
1
-3.527
1
0.789
0
3.645
0
-5.532
0
5.199
0
0.133
1
-2.833
0
-6.988
1
6.151
1
-2.378
1
0.438
1
-6.535
1
-2.908
0
-51.156
-39.195
0
-7.689
1
-0.148
1
-4.443
1
-3.908
0
-9.324
0
-0.978
1
-2.2
0
4.028
1
-1.989
1
2.141
0
6.548
0
-1.108
1
-4.683
0
-4.53
0
5.533
0
5.388
0
-2.098
0
2.033
1
6.04
0
-3.996
1
-3.637
1
-4.38
1
-5.392
0
-2.078
0
4.877
1
-7.153
0
-2.697
0
1.293
0
3.313
1
-2.125
1
0.582
0
-4.212
0
5.66
1
6.766
1
-1.044
0
-0.199999
0
-4.291
0
2.512
0
0.84
1
2.116
0
-3.16
1
-1.862
0
-1.106
0
-2.503
0
-39.195


-2.455
0
1.48
1
0.02
0
-2.247
0
4.151
0
-0.255
0
-0.135
1
-2.621
0
-2.503
0
-7.826
0
-9.641
1
-12.042
0
-7.06
0
-3.579
1
2.486
0
0.101
0
-4.12
0
-1.149
0
4.519
0
4.669
0
-6.694
0
-2.324
0
3.877
0
1.002
0
-0.767
0
16.399
0
-3.308
1
-2.063
0
-3.911
0
1.688
0
-2.714
1
0
0
-2.345
0
-2.646
0
-1.465
0
5.939
0
-3.781
0
-4.461
0
-1.039
0
-4.39
0
-3.576
0
1.166
1
-0.00699997
0
-1.087
0
-2.417
0
-2.455
-3.327
0
2.895
0
-4.513
0
5.006
0
-13.518
0
-12.642
0
-4.726
0
-4.687
0
0
0
5.853
0
1.255
1
-2.842
1
3.984
1
1.169
1
-4.617
0
-1.919
1
-2.189
0
-5.097
0
-1.527
0
0.989
0
1.579
0
1.42
0
4.572
1
0.59
0
-1.704
0
-0.0270002
0
-5.107
0
0.31
0
-1.962
0
-6.085
0
3.405
0
8.545
0
0.409
0
-0.315
0
-5.455
0
-4.414
0
3.387
0
-0.817
0
-1.892
0
-0.84
0
6
0
-8.141
0
-16.813
0
0.00899982
0
7.232
1
-3.327
0.449001
0
0.052
1
-0.429
0
1.511
0
3.905
0
3.767
0
1.772
0
-2.288
1
2.224
0
3.906
0
3.076
0
2.899
1
-6.281
1
0.684
1
-3.395
0
-5.272
0
0.468001
0
-2.314
0
2.621
0
3.197
0
1.738
0
-2.306
0
-5.717
0
-4.8
0
-0.984
0
-6.512
0
1.834
0
-8.091
0
-2.456
0
2.099
0
-8.897
0
8.218
0
-5.733
0
9.034
0
2.745
0
11.45
0
1.392
0
2.727
0
-3.519
0
-6.913
1
-0.0569999
0
-5.344
0
-8.278
0
-9.431
0
-0.308
1
0.449001
1.982
0
-3.109
0
-4.588
0
2.073
1
2.815
0
-5.516
1
0.769
0
-6.79
0
0.366
0
2.815
0
2.447
0
4.816
0
-2.661
1
-5.348
1
5.318
1
0
0
-3.581
0
-0.775
0
-2.947
1
0.036
0
-3.191
0
8.935
0
1.03
0
1.655
1
0.04
1
0.163
0
-3.938
0
-1.65
0
-5.925
0
1.244
0
-0.577001
0
-13.427
0
4.698
0
0
0
-2.932
0
-1.372
0
-0.224
0
-2.951
0
3.278
0
-3.504
0
-2.586
0
6.474
0
0.531
0
2.575
0
-1.156
0
1.982
