

0
0
0
0
0
0
0
0
0
0
0
0
0
0
0
0
0
0
0
0
0
0
0
0
0
0
0
0
0
0
0
0
0
0
0
0
0
0
0
0
0
0
0
0
0
0
0
0
0
0
0
0
0
0
0
0
0
0
0
0
0
0
0
0
0
0
0
0
0
0
0
0
0
0
0
0
0
0
0
0
0
0
0
0
0
0
0
0
0
0
0
0
0
0
0
0
0
0
0
0
0
0
0
0
0
0
0
0
0
0
0
0
0
0
0
0
0
0
0
0
0
0
0
0
0
0
0
0
0
0
0
0
0
0
0
0
0
0
0
0
0
0
0
0
0
0
0
0
0
0
0
0
0
0
0
0
0
0
0
0
0
0
0
0
0
0
0
0
0
0
0
0
0
0
0
0
0
0
0
0
0
0
0
0
0
0
0
0
0
0
0
0
0
0
0
0
0
0
0
0
0
0
0
0
0
0
0
0
0
0
0
0
0
0
0
0
0
0
0
0
0
0
0
0
0
0
0
0
0
0
0
0
0
0
0
0
0
0
0
0
0
0
0
0
0
0
0
0
0
0
0
0
0
0
0
0
0
0
0
0
0
0
0
0
0
0
0
0
0
0
0
0
0
0
0
0
0
0
0
0
0
0
0
0
0
0
0
0
0
0
0
0
0
0
0
0
0
0
0
0
0
0
0
0
0
0
0
0
0
0
0
0
0
0
0
0
0
0
0
0
0
0
0
0
0
0
0
0
0
0
0
0
0
0
0
0
0
0
0
0
0
0
0
0
0
0
0
0
0
0
0
0
0
0
0
0
0
0
0
0
0
0
0
0
0
0
0
0
0
0
0
0
0
0
0
0
0
0
0
0
0
0
0
0
0
0
0
0
0
0
0
0
0
0
0
0
0
0
0
0
0
0
0
0
0
0
0
0
0
0
0
0
0
0
0
0
0
0
0
0
0
0
0
0
0
0
0
0
0
0
0
0
0
0
0
0
0
0
0
0
0
0
0
0
0
0
0
0
0
0
0
0
0
0
0
0
0
0
0
0
0
0
0
0
0
0
0
0
0
0
0
0
0
0
0
0
0
0
0
0
0
0
0
0
0
0
0
0
0
0
0
0
0
0
0
0
0
0
0
0
0
0
0
0
0
0
0
0
0
0
0
0
0
0
0
0
0
0
0
0
0
0
0
0
0
0
0
0
0
0
0
0
0
0
0
0
0
0
0
0
0
0
0
0
0
0
0
0
0
0
0
0
0
0
0
0
0
0
0
0
0
0
0
0
0
0
0
0
0
0
0
0
0
0
0
0
0
0
0
0
0
0
0
0
0
0
0
0
0
0
0
0
0
0
0
0
0
0
0
0
0
0
0
0
0
0
0
0
0
0
0
0
0
0
0
0
0
0
0
0
0
0
0
0
0
0
0
0
0
0
0
0
0
0
0
0
0
0
0
0
0
0
0
0
0
0
0
0
0
0
0
0
0
0
0
0
0
0
0
0
0
0
0
0
0
0
0
0
0
0
0
0
0
0
0
0
0
0
0
0
0
0
0
0
0
0
0
0
0
0
0
0
0
0
0
0
0
0
0
0
0
0
0
0
0
0
0
0
0
0
0
0
0
0
0
0
0
0
0
0
0
0
0
0
0
0
0
0
0
0
0
0
0
0
0
0
0
0
0
0
0
0
0
0
0
0
0
0
0
0
0
0
0
0
0
0
0
0
0
0
0
0
0
0
0
0
0
0
0
0
0
0
0
0
0
0
0
0
0
0
0
0
0
0
0
0
0
0
0
0
0
0
0
0
0
0
0
0
0
0
0
0
0
0
0
0
0
0
0
0
0
0
0
0
0
0
0
0
0
0
0
0
0
0
0
0
0
0
0
0
0
0
0
0
0
0
0
0
0
0
0
0
0
0
0
0
0
0
0
0
0
0
0
0
0
0
0
0
0
0
0
0
0
0
0
0
0
0
0
0
0
0
0
0
0
0
0
0
0
0
0
0
0
0
0
0
0
0
0
0
0
0
0
0
0
0
0
0
0
0
0
0
0
0
0
0
0
0
0
0


1.098
1
0
0
0
0
0
0
0
0
0
0
-2.671
0
-1.973
0
0
0
-3.953
0
0
0
0
0
4.78
0
-1.945
0
-4.595
0
0
0
0
0
0
0
0
0
0
0
0
0
-2.737
0
0
0
0
0
0
0
0
0
-2.036
0
0
0
0
0
0
0
-4.901
0
0
1
0
0
0
0
0
0
-1.884
0
1.233
0
2.909
0
4.826
0
0
0
0
1
0
0
0
0
0
0
1.959
0
1.098
-16.133
0
-4.971
0
0
0
-2.633
0
0
0
0
0
0
0
0
0
3.73
0
3.553
0
0.53
0
0
0
0
0
0
0
0
0
2.551
0
0
0
0
0
0
0
0
1
2.28
0
-0.301
0
0
0
0
0
5.132
0
0
0
0
0
3.006
0
0
0
0
0
3.194
0
0
0
0
0
0
0
-4.881
1
-2.267
0
0
0
0
0
0
0
0
0
0
0
0
0
0
0
0
0
0
0
-16.133
-12.982
0
0
0
0
1
0
0
3.645
0
0
0
-1.327
0
-3.7
0
0
0
0
0
0
1
0
0
0
0
0
0
0
0
0
0
0
0
0
0
1.238
0
0
0
0
0
0
0
0
0
0
0
-4.202
0
4.472
0
-1.852
0
0
0
0
0
0
0
0
0
0
0
0
0
0
0
0
0
6.89
0
0
0
0
0
0
0
0
0
0
0
0
0
0
0
0
0
-2.363
0
-12.982
-18.757
0
-1.031
0
0
0
0
0
0
0
0
1
0
0
0
1
0
0
0
0
0
0
2.771
0
0
0
0
0
0
0
0
0
2.366
0
0
0
0
0
2.283
0
0
0
-1.259
0
0
0
0
0
0
0
0
0
0.429
1
0
0
0
0
0
0
0
0
0
0
0
1
-4.549
0
0
0
0
0
-2
0
0
0
-0.551
1
0
0
0
0
0
0
0
0
0
0
0
0
-18.757
-19.656
0
0
0
0
0
0
0
-4.774
0
0
0
0
0
0
0
0
0
-4.584
0
0
0
0
0
0
0
0
0
0
0
-4.052
0
0
0
-4.936
0
0
0
0
0
-1.674
0
0
0
-3.028
0
4.629
0
0
0
0
0
0
0
0
0
1.091
0
-3.086
0
-2.202
0
-1.976
0
0
1
3.416
0
0
0
0
0
0
0
-3.017
0
-4.487
0
0
0
0
0
0
0
0
0
0
0
-2.421
0
-19.656
4.311
0
0
0
0
0
0
0
-0.104
0
0
0
0
0
0
0
0
0
0.287
0
0
0
-2.242
0
0
0
-3.792
0
0
0
0
0
0
0
0
0
0
0
0
0
0
0
-2.131
0
0
0
-3.657
0
0
0
0
0
0
0
0
0
0
0
0
0
0
0
0
0
-4.407
0
0
0
0
0
0
0
0
0
-4.192
0
3.944
0
0
0
3.785
0
0
0
0
0
0
0
4.735
0
4.311
-2.856
0
0
0
4.873
1
4.991
0
0
0
-4.486
0
0
0
0
0
0
0
0
0
0
0
0.706
0
0
0
0
0
0
0
0
0
0
0
2.848
1
0
0
0
0
-1.96
0
-3.543
0
-3.579
0
0
0
0
0
0
1
0
0
0
0
-2.897
0
0
0
0
0
0
0
-2.837
0
0
0
0
0
-1.298
0
3.731
0
1.773
0
1.517
0
0
0
4.157
0
0
0
0
0
0
0
0
0
-2.856
-10.754
0
0
0
2.296
0
0
0
0
0
0
0
0
0
0
0
0
0
0
0
0
0
0
0
0
0
0
0
0
0
0
0
2.628
1
0
0
0
0
0
0
0
1
0
0
1.401
0
0
0
0
0
0
0
0
0
0
0
0
0
0
0
0
0
0.02
0
3.283
0
0
0
0
0
0
0
0
0
-3.17
0
0
0
0
0
0
0
0
0
0
0
0
0
0
0
-10.754
-11.651
0
0
0
-0.93
0
0
0
0
0
0
0
0
0
0
0
0
0
0
0
0
0
0
0
0
0
0
0
1.058
0
0
0
0
0
-4.566
0
-4.114
0
0
0
0
0
0
0
0
0
0
0
0
0
0
0
0
0
1.239
0
-3.809
0
-3.605
0
2.527
0
0
0
0
0
0
0
0
0
0
0
0
0
0
0
0
0
-4.22
0
0
0
0
1
0
0
-2.407
0
0
0
-11.651
-21.131
0
0
0
0
0
0
0
0
0
0
0
0
0
2.819
0
0
0
0
0
0
0
0
0
0
0
0
0
0
0
0
0
0
0
0
0
0
0
0
0
0
0
0
0
0
0
0
0
3.6
0
0
0
-4.486
0
0
0
3.615
0
1.738
0
0
0
0
0
0
0
-5.289
0
2.301
1
2.124
0
0
0
-0.509
0
0
0
4.186
0
0
0
3.059
0
0
0
0.903
0
0
0
-21.131


0.294001
0
0
0
0
0
0
0
-0.689
0
3.472
0
0
0
0
1
1.35
0
0
0
0
0
0
0
2.584
0
0
0
0.629
0
0
0
0
0
0
0
0
0
0
0
0
0
0
0
3.426
0
0
0
0
0
1.349
0
-2.988
0
0
0
0
0
0
0
0
0
0
1
0
0
0
1
0
0
-0.000999928
0
0
0
2.135
0
-4.645
0
0
0
0
0
0.147
0
0
0
0
0
0
0
0.294001
13.724
0
0
0
0
0
0
0
0
0
0
0
1.628
0
0
0
0
0
0
0
0
0
-2.976
0
0
0
-2.848
0
0
0
0
1
-0.632
0
0.144
0
0
0
0
0
0
0
0
0
0
0
0
0
0
0
0
0
-4.199
0
0
1
2.043
0
0
0
0
0
0
0
1.199
0
0
0
0
0
0
0
0
0
0
0
-2.86
0
0
0
0
0
2.371
0
0
0
-0.379
0
0.41
0
13.724
2.064
0
0
0
0
0
0
0
0
0
0
0
0
0
0
0
0
0
0
0
0
0
0
0
-2.173
0
0
0
0
0
3.09
0
0
0
0
0
0
0
2.762
0
0
0
0
0
0.453
0
0
0
-0.63
0
0
0
0
0
0
1
0
0
0
0
0
0
0
0
-3.452
1
0.736
0
0
0
-4.441
0
4.854
0
3.798
0
0
0
0
0
0
0
0
0
-1.616
0
-0.375
0
0
0
2.064
-5.228
0
1.222
0
0
0
0
0
2.334
0
-2.799
0
0
1
0
0
0
0
-0.892
0
0
0
4.807
0
3.071
0
0
0
0
0
0
0
0
1
0
0
0
0
0
0
0
0
0
0
0
0
0
0
0
0
0
0
0
0
-0.886
0
0
0
0
0
0
0
2.412
0
0
0
0.562
0
0
0
0
0
0
0
0.177
0
4.406
0
0
0
0
0
0
0
0
0
0
1
-4.483
0
-5.228
-15.533
0
0
0
2.107
0
0
0
0
0
0
0
0
0
0
0
0
0
4.113
0
0
0
0
0
0
0
0
0
0
0
0
0
0
0
0
0
0
0
0
1
0
0
0
0
0
0
0
0
0
0
0
0
0.085
0
0
0
0
0
-6.419
0
0
0
-3.314
1
0
0
0
0
1.161
0
0
0
0.366
0
0
0
0
1
0
0
0
0
0
0
0
0
-0.632
0
0
1
-15.533
-16.546
0
0
0
0
0
3.178
0
0
0
0
1
0
0
0
0
0
0
0
0
0
0
-2.928
0
0
0
0
0
0
0
-0.106
0
0
0
0
0
1.075
0
0
0
0
0
0
0
0
0
0
0
0
0
0
0
0
0
0
0
0
0
0
0
-2.907
0
0
0
0
0
0
0
0
0
0
0
0
0
0
0
0
0
0
0
0
0
0
0
0
0
0
0
0
1
-16.546
-33.866
0
2.996
0
0
0
0
0
0
0
0
0
0
0
0
0
4.389
0
-7.99
0
0
0
0
0
-4.463
0
0
0
0
1
0
0
0
0
0
0
0
0
0
0
0
0
0
0
0
0
-2.098
0
0
0
0
0
0
0
-0.687
0
0
0
0
0
-3.132
1
0
0
0
0
0
0
0
0
0
0
0
0
-0.515
0
0
0
0
0
0
0
0
1
0
0
0
0
0
0
-33.866
3.821
0
-2.482
0
0
0
0
1
0.0110002
0
-2.402
0
0
1
7.308
0
0
0
0.798
0
0
0
0
0
0
0
0
0
0
0
0
0
4.441
0
0
0
0
0
-4.776
0
0
0
2.219
0
-3.889
0
0
0
0
0
1.971
0
0
0
0
0
0
0
0
0
0
0
3.583
0
0
0
0
0
0
0
0
0
0
0
0
0
0
0
0
0
0
0
1.347
0
0
0
0
0
0
0
3.821
-1.287
0
0
1
0
0
0
0
0
0
0
0
1.788
0
0
0
0
0
-1.777
0
0
0
0
0
0
0
-4.679
0
0
0
0
0
0
0
0
0
0
0
0
0
0
0
0
0
0
0
0
0
-0.704
0
0
0
0
0
0
0
-2.948
0
0
0
0
1
0
1
0
0
0
0
0
0
0
0
-4.94
0
0
0
0
0
3.359
0
0
0
-3.922
0
0
0
0
0
0.724
1
-1.287
2.877
0
0
0
0
0
0
0
0
0
-2.336
0
0
0
0
0
-3.344
0
0
0
-2.328
0
0
0
0
0
0
0
0
0
0
0
0
0
0
0
0
0
0
0
0
0
0
0
0
0
0
0
0
0
-2.876
0
-3.029
0
-3.81
0
0
0
0
0
0
0
0
0
0
0
0
0
-1.161
0
0
0
-1.983
0
0
0
0
0
0
0
0
0
0
0
0
0
-3.418
1
3.033
0
2.877


-5.19
0
0
0
0
0
0
1
0
0
0
0
0
0
0
0
0
0
0
0
0
1
0
0
0
0
0
0
0
0
0
0
0.785
0
0
0
-4.873
0
0
0
0
0
-1.197
0
0
0
2.403
0
0
0
2.327
1
0
0
0
0
1.583
0
0
0
0
0
0
0
0
0
0
0
0
0
0
0
0
0
0
0
-1.072
0
0
0
0
0
0
0
0
0
3.727
0
0
0
-5.19
-5.167
0
0
0
3.525
0
0
0
0
0
0
0
4.401
0
0
0
0
0
0
0
0
0
0
0
0
0
0
0
0
0
0
0
0
0
0
0
0
0
0
0
0
0
0
0
0
0
0
0
0
0
0
0
0
0
0
0
0
0
0
0
-4.05
0
0
0
0
0
0
0
-2.245
0
0
0
0
0
-3.026
0
-2.471
0
0
0
0
0
0
0
-4.827
0
-6.308
0
0
0
-5.167
-2.211
1
0
0
0
0
0
0
0
0
0
0
0
0
1.576
0
0
0
0
0
0
0
-3.829
0
0
0
0
0
0
0
0
0
1.834
0
0
0
0
0
2.521
1
0
0
4.25
0
4.529
0
0
0
0
0
0
0
0
0
0
0
0
0
0
0
0
0
4.559
0
0
0
-4.117
0
0
0
0
0
2.318
0
0
0
0
0
3.99
1
0
0
0
0
0.102
0
0
0
0
0
-2.211
-13.88
0
4.197
0
0
0
0
0
0
0
0
0
0
0
0
0
0
0
0
0
-0.153
0
0
0
0
0
0
0
0
0
0
0
0
1
0
1
0
0
0.201
0
0
0
0
0
0
0
-3.439
0
0
0
2.848
0
0
0
0
0
0
0
0
1
0
0
0
0
0
0
0
0
4.927
0
0
0
0
0
0
0
4.46
0
4.733
0
0
0
0
0
0
0
4.705
0
0
0
-13.88
1.701
0
1.539
0
0
0
0
0
0
0
0
0
0
0
0
0
0
0
0.772
0
0
0
0
1
-4.673
0
0
0
0
0
0
0
0
0
0
0
2.714
0
0
0
0
0
0.994
0
0
0
4.029
0
0
0
0
0
0
0
0
0
0
0
0
0
0
0
0
0
0
0
4.692
0
-4.947
0
0
0
0
0
0
0
0
0
0
0
0
0
0
0
4.077
0
0.208
0
-2.987
0
1.701
-21.236
0
0
0
0
0
0
0
0
0
0
0
1.813
0
0
0
0
1
0
0
-1.27
0
0
0
0
0
0
0
0
0
0
0
-8.331
0
0
0
0
0
0
0
-1.106
0
0
0
0
0
0.911
0
0
0
0
0
0
0
0
0
0
0
-3.855
0
0
0
4.091
0
0
0
-3.702
0
0
0
0
0
0
0
0
0
0
0
0
1
0
0
0.448
0
0
0
0.169
0
0
0
-21.236
11.811
0
0
0
0
0
0
0
0
0
0
0
3.793
0
0
0
0
0
0
0
0
0
0
0
-1.914
0
0
0
0
0
0
0
1.708
0
0
0
-0.00299978
0
0
0
0
1
0.862
0
2.854
0
0
0
0
0
-0.445
0
-0.677
0
-3.858
0
-2.171
0
3.838
0
-1.521
0
4.618
0
0
0
0
0
0
0
-1.107
0
4.656
0
0
0
0
0
1.871
0
0
0
0
0
0
0
0
0
8.249
0
11.811
-13.085
0
0
0
0
0
0
0
0
0
4.66
1
0
0
0
0
-3.787
0
0
0
0
0
-6.144
0
2.526
0
0
0
-4.752
0
0
0
0
0
0
0
0
0
0
0
0
0
0
0
0
0
0
0
-3.119
1
0
0
0
0
0
0
0
0
1.459
0
0
0
0
0
0
0
0
0
0
0
-2.688
0
0
0
0
0
0
0
1.447
0
-1.267
1
0
0
0
0
0.524
0
0
0
-13.085
-4.127
0
0
0
0
1
0
0
-1.655
0
0
0
0
0
0
0
-2.89
0
0
0
3.59
0
0
0
0
0
0
0
0
0
0
0
0
0
0
0
0
0
0
0
0
0
-2.613
0
2.163
0
0
0
-3.156
0
0
0
-4.435
0
0
0
0
1
0
0
0
1
-3.087
0
0
0
0
0
0
0
-3.212
0
0
0
0
0
3.554
0
0
0
0
0
0
0
0
0
0
0
0
0
-4.127
7.609
0
0
0
0
0
0
0
0
0
0
0
0
0
0
0
-0.533
0
0
0
0
0
0
0
1.078
0
0
0
0
0
0
0
0.039
0
0
0
3.934
0
0
0
-3.511
0
0
0
0
0
4.788
0
0
0
0
1
3.914
0
0
0
-4.15
0
0
0
0
0
3.632
0
0
0
0
0
0
0
0
0
-0.115
0
0
0
0
0
0
0
-4.158
0
0
0
0
0
0
1
0
0
7.609


6.56
0
0
0
0
0
0
1
0
0
0
0
0
0
0
0
0
0
0
0
0
0
0
0
0
0
0
0
2.901
0
0
0
0
0
0
0
0
0
0
0
0
0
0
0
0.192
0
0
0
-1.369
0
0
0
0
0
0
0
0
0
0
0
0
0
0
1
3.694
0
0
0
0
0
0
0
0
0
0.921
0
0
0
0
0
0
0
-2.771
0
0
0
0
1
0
0
6.56
-9.774
0
-2.493
0
-2.37
0
-3.357
0
0
0
0
0
-2.592
0
1.663
0
0
1
-4.565
0
0
0
0
0
0
0
0
0
4.15
1
-0.217
0
0
1
0
0
0
0
-1.583
0
0
0
0.568
0
0
0
0
0
-1.478
0
0
0
0
0
0
0
0
0
0
0
0
0
0
0
1.883
0
0
0
0
0
0
0
3.215
1
0.652
0
0
1
4.107
0
0
0
0
0
4.591
0
0
0
0
0
-9.774
-6.752
0
0
0
0
0
2.841
0
0
1
6.923
0
0
0
0
0
0
0
0
0
4.878
0
0
0
0
0
0
0
0
0
0
0
4.102
0
0
0
0
0
0
0
0
0
0
0
0
0
0
0
0.111
0
0
0
0
0
0
0
0.585
0
0.156
0
0
0
-0.122
0
0
0
0
0
0
0
0
0
0
0
-4.62
0
1.343
0
0
0
0
0
0
0
0
1
0
0
-1.892
0
-6.752
-4.754
0
0
0
0
0
-1.667
1
2.944
0
0.564
0
0
0
0
0
0
0
0
0
0
0
0
0
0
0
0
0
0
0
0
1
0
0
0
0
0
0
-1.608
0
0
0
-1.47
0
0.262
0
0
0
0
0
0
0
0
0
0
0
0
0
0
0
1.836
0
0
0
-1.822
0
0
0
3.238
0
1.848
0
0
0
0
1
0
0
0
0
0
0
0
1
0.0300002
0
0
0
0
0
-4.754
