

0
0
0
0
0
0
0
0
0
0
0
0
0
0
0
0
0
0
0
0
0
0
0
0
0
0
0
0
0
0
0
0
0
0
0
0
0
0
0
0
0
0
0
0
0
0
0
0
0
0
0
0
0
0
0
0
0
0
0
0
0
0
0
0
0
0
0
0
0
0
0
0
0
0
0
0
0
0
0
0
0
0
0
0
0
0
0
0
0
0
0
0
0
0
0
0
0
0
0
0
0
0
0
0
0
0
0
0
0
0
0
0
0
0
0
0
0
0
0
0
0
0
0
0
0
0
0
0
0
0
0
0
0
0
0
0
0
0
0
0
0
0
0
0
0
0
0
0
0
0
0
0
0
0
0
0
0
0
0
0
0
0
0
0
0
0
0
0
0
0
0
0
0
0
0
0
0
0
0
0
0
0
0
0
0
0
0
0
0
0
0
0
0
0
0
0
0
0
0
0
0
0
0
0
0
0
0
0
0
0
0
0
0
0
0
0
0
0
0
0
0
0
0
0
0
0
0
0
0
0
0
0
0
0
0
0
0
0
0
0
0
0
0
0
0
0
0
0
0
0
0
0
0
0
0
0
0
0
0
0
0
0
0
0
0
0
0
0
0
0
0
0
0
0
0
0
0
0
0
0
0
0
0
0
0
0
0
0
0
0
0
0
0
0
0
0
0
0
0
0
0
0
0
0
0
0
0
0
0
0
0
0
0
0
0
0
0
0
0
0
0
0
0
0
0
0
0
0
0
0
0
0
0
0
0
0
0
0
0
0
0
0
0
0
0
0
0
0
0
0
0
0
0
0
0
0
0
0
0
0
0
0
0
0
0
0
0
0
0
0
0
0
0
0
0
0
0
0
0
0
0
0
0
0
0
0
0
0
0
0
0
0
0
0
0
0
0
0
0
0
0
0
0
0
0
0
0
0
0
0
0
0
0
0
0
0
0
0
0
0
0
0
0
0
0
0
0
0
0
0
0
0
0
0
0
0
0
0
0
0
0
0
0
0
0
0
0
0
0
0
0
0
0
0
0
0
0
0
0
0
0
0
0
0
0
0
0
0
0
0
0
0
0
0
0
0
0
0
0
0
0
0
0
0
0
0
0
0
0
0
0
0
0
0
0
0
0
0
0
0
0
0
0
0
0
0
0
0
0
0
0
0
0
0
0
0
0
0
0
0
0
0
0
0
0
0
0
0
0
0
0
0
0
0
0
0
0
0
0
0
0
0
0
0
0
0
0
0
0
0
0
0
0
0
0
0
0
0
0
0
0
0
0
0
0
0
0
0
0
0
0
0
0
0
0
0
0
0
0
0
0
0
0
0
0
0
0
0
0
0
0
0
0
0
0
0
0
0
0
0
0
0
0
0
0
0
0
0
0
0
0
0
0
0
0
0
0
0
0
0
0
0
0
0
0
0
0
0
0
0
0
0
0
0
0
0
0
0
0
0
0
0
0
0
0
0
0
0
0
0
0
0
0
0
0
0
0
0
0
0
0
0
0
0
0
0
0
0
0
0
0
0
0
0
0
0
0
0
0
0
0
0
0
0
0
0
0
0
0
0
0
0
0
0
0
0
0
0
0
0
0
0
0
0
0
0
0
0
0
0
0
0
0
0
0
0
0
0
0
0
0
0
0
0
0
0
0
0
0
0
0
0
0
0
0
0
0
0
0
0
0
0
0
0
0
0
0
0
0
0
0
0
0
0
0
0
0
0
0
0
0
0
0
0
0
0
0
0
0
0
0
0
0
0
0
0
0
0
0
0
0
0
0
0
0
0
0
0
0
0
0
0
0
0
0
0
0
0
0
0
0
0
0
0
0
0
0
0
0
0
0
0
0
0
0
0
0
0
0
0
0
0
0
0
0
0
0
0
0
0
0
0
0
0
0
0
0
0
0
0
0
0
0
0
0
0
0
0
0
0
0
0
0
0
0
0
0
0
0
0
0
0
0
0
0
0
0
0
0
0
0
0
0
0
0
0
0
0
0
0
0
0
0
0
0
0
0
0
0
0
0
0
0
0
0
0
0
0
0
0
0
0
0
0
0
0
0
0
0
0


-0.196
0
-0.877
0
-6.221
0
-2.33
0
-4.167
1
-2.404
0
3.265
0
-7.14
0
-3.783
0
-1.516
0
0.423
1
-0.807
1
-0.969
1
-6.228
1
-1.011
0
-4.219
1
2.145
0
-6.158
1
-3.385
0
1.706
1
4.314
0
0.672001
1
-3.958
0
-8.722
0
-2.023
1
1.615
1
-12.891
0
2.843
0
0.611
1
-2.282
1
-1.77
1
-5.939
0
2.019
1
-6.511
0
-6.568
0
-0.0779996
0
-5.352
1
-5.394
0
-5.525
1
-1.371
1
-1.589
0
-1.252
1
2.955
1
-5.094
1
5.74
1
-0.196
-1.37
0
-3.074
0
-5.979
1
-1.638
0
-3.133
1
0.22
0
-3.995
0
-4.602
0
-9.636
0
-10.164
0
10.908
0
2.305
0
-3.551
1
1.976
0
-3.734
1
-3.282
0
-0.712
0
-0.0489999
1
4.615
1
1.615
0
-1.943
0
-0.976
1
4.635
1
-3.657
1
4.029
1
-8.301
0
-19.353
1
3.637
0
3.432
0
-2.381
0
-5.787
0
2.334
1
1.637
1
-7.812
1
-5.276
1
1.02
1
-4.664
0
-3.599
1
-4.295
0
4.699
1
-4.704
0
-5.052
0
7.953
1
-1.791
1
3.345
0
-1.37
19.033
1
14.701
0
-32.232
1
-21.061
1
-4.572
1
-1.533
0
-6.918
1
1.657
0
2.84
1
-72.539
0
-44.656
0
4.727
1
-0.677
1
1
0
-7.462
0
-6.091
1
-7.006
1
5.212
1
-10.213
0
8.975
0
8.201
0
4.891
0
4.831
0
-4.779
0
-10.645
1
2.835
0
-2.989
1
-6.87
0
-1.965
1
-6.946
1
5.417
1
-4.117
0
-3.859
1
-3.015
0
-7.689
0
9.082
1
-0.927
0
4.154
1
3.212
0
-4.58
0
-3.381
0
4.91
0
-0.843
1
17.414
1
1.302
0
19.033
-20.768
1
0.0849999
1
2.647
1
1.998
1
1.38
0
-10.815
1
-0.863
0
-0.325
1
0.572
0
2.167
1
1.976
1
-3.734
1
-1.486
1
-4.642
0
-2.708
1
-9.676
1
0.606
1
-9.819
0
-0.667
1
-4.571
0
-5.163
1
1.42
1
-4.388
1
-5.136
0
-2.81
1
-0.340999
0
0.453
0
-4.569
0
-2.707
1
-9.108
1
2.986
1
1.404
0
-3.491
0
0.539001
0
-4.481
1
5.495
0
-5.926
0
7.543
1
0.436
0
-2.52
0
-5.084
1
-9.987
0
-5.73
1
-9.244
0
0.409999
0
-20.768
-0.614999
0
-0.0240004
1
10.555
1
0.367
1
0.0179999
0
5.642
1
0.427
0
-1.476
1
-0.344
1
4.846
0
-8.038
1
-9.731
0
-6.48
0
-3.624
0
-3.622
1
2.131
0
7.609
1
-9.026
1
-4.41
0
-9.254
0
5.339
1
3.295
0
1.184
1
-3.717
1
-5.946
0
1.121
1
-4.001
0
0.0879999
1
-1.482
0
-7.113
1
-5.265
0
-16.416
1
1.147
1
3.43
1
-3.415
1
-4.394
0
-8.823
0
-14.986
1
-12.631
0
-8.94
0
0.0900004
0
-10.577
0
5.398
1
1.529
1
-8.381
0
-0.614999
-28.952
1
-3.874
0
-4.756
0
-11.142
0
-1.566
1
-3.757
1
-17.816
1
-4.869
1
-1.913
1
-2.001
0
-9.234
0
-7.454
0
0.00699985
0
-1.332
0
-3.907
1
11.339
0
-3.073
1
-3.295
0
-14.156
0
-2.195
1
2.272
1
-1.415
1
11.588
1
-2.285
0
-0.629
1
-1.209
0
-4.652
1
0.318
1
-2.202
0
-4.767
0
-1.393
0
-1.022
0
1.077
1
-7.091
1
0.711
0
0.814
0
12.204
1
-1.432
0
4.561
1
0.262
0
-0.817
0
-2.141
1
0.654
1
-0.174
1
-0.841
1
-28.952
-64.94
1
5.512
0
1.215
0
0.4
0
-4.621
0
3.927
0
-9.434
1
-3.072
1
0.598
1
-8.492
1
5.634
0
-3.333
1
0.945
0
-3.305
0
-8.996
0
-1.209
1
-4.729
1
-2.397
1
-6.821
0
-8.738
0
-10.34
0
-1.685
0
-4.084
1
1.73
0
-1.363
1
-7.451
0
-6.724
0
5.921
1
1.687
0
4.579
0
5.751
0
1.123
0
0.494
1
0.122
1
-1.794
1
-4.481
0
-0.563
1
-1.765
0
1.332
1
3.607
1
-3.561
1
-1.238
1
1.799
0
1.897
1
0.3
1
-64.94
-89.34
1
-1.607
1
7.874
0
-15.347
1
-10.691
1
0.133
0
-0.689
0
0.165
1
-5.641
0
-7.552
1
-2.7
0
-7.664
1
1.584
0
-9.336
0
-4.016
1
-4.317
1
3.71
0
-2.2
1
0.794
0
8.473
0
-5.957
1
2.095
0
-2.543
1
-2.078
0
-4.557
1
7.992
0
-2.202
1
0.304
1
-4.821
1
-5.538
0
1.357
0
-4.233
0
-9.331
0
-4.301
1
9.484
0
1.053
0
-9.787
0
-0.0879997
1
-1.999
1
5.581
0
0.719
0
-12.512
0
-1.071
0
1.928
1
-5.871
0
-89.34
-4.451
0
1.686
0
-9.277
1
-1.83
1
0.308
0
0.128
0
-0.521
1
-4.586
0
-7.915
0
0.933
1
-3.461
0
-16.817
1
2.411
1
-0.176
0
3.338
0
-2.461
0
-6.388
0
1.394
0
-4.463
0
3.967
1
0.132
1
2.67
0
-4.118
1
-4.14
1
-1.325
0
1.775
1
0.677
1
1.662
1
1.091
1
-12.728
0
-6.004
0
-2.055
1
-0.189
1
-0.432
0
0.934
0
7.886
0
7.346
1
-5.43
0
-7.418
0
-12.675
1
3.189
0
0.926
0
-7.016
0
-5.066
0
-5.101
1
-4.451
-13.302
0
-6.733
0
5.975
1
12.11
1
-3.637
1
-8.002
0
-3.961
0
-3.504
1
1.673
1
0.124999
1
6.383
0
-4.272
1
-8.547
0
0.135
1
3.763
0
-4.852
1
-1.091
0
-0.837
1
-7.788
1
5.242
0
1.654
0
-0.736
0
4.098
1
-7.506
1
-0.638
0
3.062
0
-7.126
1
-4.778
1
4.956
0
1.413
1
1.05
1
-1.14
0
-4.066
1
0.314001
0
3.596
0
11.419
0
-6.454
1
1.243
0
-13.029
0
-4.359
1
0.835
0
-1.191
0
1.37
1
-3.881
1
-2.976
0
-13.302


-0.278
0
6.098
1
-0.158
0
-5.353
0
-4.857
0
-1.651
0
-4.445
0
-3.345
0
-1.277
1
3.373
0
-3.684
0
1.97
1
-0.49
1
4.036
1
-3.291
1
1.139
0
-7.309
0
0.0340002
0
-7.873
0
-9.031
0
-4.978
0
-1.071
0
0.827
0
-8.656
0
-3.871
0
-7.144
1
7.024
1
-3.623
0
-4.758
1
-1.636
0
-0.71
0
-7.982
0
-1.993
0
11.427
0
-3.554
0
-0.734
1
-11.561
1
-0.298
1
-5.807
0
-4.04
0
-12.097
0
0.586
0
-0.108
0
1.461
1
-10.282
1
-0.278
4.275
1
-3.316
1
-5.63
0
-0.904
1
3.126
0
8.718
1
-2.992
0
-4.507
0
2.375
0
0.880999
0
2.739
0
-3.628
0
8.381
0
-4.694
1
-6.999
1
-0.91
0
-2.361
1
-0.122999
0
1.916
1
-3.963
1
1.952
0
-4.993
1
-7.228
0
3.006
1
-3.148
1
4.101
0
9.205
1
-0.467
0
-8.953
0
-1.21
0
-11.962
1
-6.234
1
-0.173
0
-2.574
1
-2.937
0
0.00800025
1
-9.356
0
-1.949
0
6.495
1
-3.971
0
-0.838
0
-5.655
0
0.391
1
-4.142
0
-3.884
0
4.275
7.594
1
2.706
1
0.224
0
-1.504
0
-5.111
0
-1.343
0
2.854
1
0.0770001
0
-8.106
1
0.419
1
1.163
1
0.951
1
-10.99
0
3.351
0
4.754
0
4.54
0
0.826
1
-0.126
1
5.239
1
1.431
0
-3.274
0
3.375
0
6.864
0
-2.764
0
-2.465
0
-8.894
0
4.671
0
-0.774
1
-4.76
0
6.016
1
1.404
1
1.627
1
2.397
0
2.8
0
4.958
1
1.791
0
2.337
0
-3.807
1
-1.426
1
-5.744
0
3.741
1
-5.739
1
1.323
0
-2.528
1
3.208
1
7.594
-17.022
1
-0.0940001
1
9.831
0
-1.724
0
-13.218
1
-1.669
1
-14.283
1
-0.27
0
-12.125
1
-3.448
0
-6.036
0
-1.077
1
-1.747
0
4.073
0
-12.848
0
-0.931
1
0.971
1
8.233
0
2.12
0
4.195
1
0.157001
1
4.019
1
-3.148
0
6.802
1
-3.608
1
-0.761
1
5.087
0
-1.273
1
-8.346
0
-0.332
0
-6.043
1
-2.962
0
-17.063
1
3.111
0
3.391
1
0.319
0
-3.654
0
5.851
0
3.147
0
3.881
0
1.468
1
1.413
1
-4.538
1
-7.271
0
-6.024
1
-17.022
-86.853
0
4.945
0
-3.824
0
-0.278
0
3.714
0
6.462
1
8.297
1
-4.343
1
-3.941
0
0.833
0
-5.784
1
-2.296
0
-16.229
0
-10.976
0
7.786
1
0.89
1
6.217
0
-10.538
0
2.579
1
-4.414
1
-2.049
0
5.175
0
6.818
0
-0.311
1
4.31
1
-2.233
1
-3.957
1
1
1
-8.848
1
0.0470002
1
-2.859
0
-3.889
0
-4.517
0
-4.493
0
-7.405
0
-3.258
0
-7.671
0
5.626
0
6.722
1
-5.891
1
-5.82
0
2.622
0
3.136
0
3.097
1
4.029
1
-86.853
-29.298
1
11.588
1
-1.32
1
-6.952
1
6.464
0
-2.261
0
-2.207
0
-4.464
0
-6.249
1
-5.199
0
3.126
1
5.464
0
-6.818
1
3.727
1
-1.614
0
-5.532
1
1.425
1
-7.133
1
-1.645
1
-11.641
0
-0.814
1
5.823
1
-4.65
1
6.441
1
2.213
1
-4.29
1
-2.414
0
-9.534
0
-3.578
0
-5.287
1
7.848
0
-1.032
0
-7.095
1
0.626
1
-5.899
1
-1.298
1
-6.369
0
2.062
0
-3.213
1
-1.058
1
-4.432
0
-5.111
0
-0.45
0
3.607
1
-0.424
0
-29.298
14.274
1
-0.238
1
10.73
0
-1.738
1
-1.168
1
-0.107
1
-3.516
1
2.488
1
3.663
0
-5.093
0
-1.918
0
-7.205
0
-2.465
0
5.071
1
-2.167
0
-2.891
1
0.0389998
0
3.991
0
1.209
0
-2.081
1
3.911
0
1.758
1
-1.926
0
-7.571
0
10.555
1
2.126
0
-7.569
0
4.513
0
7.144
0
-2.742
1
-1.088
1
1.472
0
-6.208
0
3.076
1
-8.691
0
2.549
1
-2.045
0
5.66
1
-5.61
1
-3.732
0
1.384
1
-2.461
1
-0.0119996
0
-3.891
1
-4.259
1
14.274
2.1
0
8.233
0
-5.217
1
-2.534
1
-4.534
0
4.198
0
-4.807
0
4.662
1
-4.845
1
3.055
1
-0.55
0
10.086
0
-4.065
0
-1.587
1
-2.493
1
4.887
0
-0.452
1
-6.628
0
4.498
1
-2.589
0
8.283
0
-5.783
1
-1.467
0
5.898
0
-5.161
1
3.134
1
9.719
1
-7.583
0
-6.253
1
-2.558
0
-3.7
0
-0.185
1
-0.124
1
-11.083
1
-0.17
0
-0.836
0
-1.975
0
-1.882
0
-0.639
0
-6.712
0
0.542
0
-5.463
0
-2.685
0
-11.682
1
4.14
1
2.1
-29.741
0
-9.007
0
0.376001
0
1.001
0
-3.207
0
1.015
0
-10.155
0
4.572
0
-9.443
0
1.827
1
-2.483
1
1.359
0
5.451
1
2.73
1
-3.405
0
2.922
1
9.519
0
1.849
0
6.904
1
-9.927
1
-6.877
0
1.656
0
-5.171
0
-7.53
1
3.683
0
2.854
1
2.699
1
1.964
1
-3.954
1
5.625
0
-8.451
0
-3.521
0
-5.297
0
2.18
1
-2.814
1
-5.166
1
11.071
0
-0.867
1
1.559
1
-3.708
1
6.458
0
-3.391
1
-8.603
1
-4.884
1
-8.536
0
-29.741
-81.656
1
7.945
1
0.0470001
1
-1.47
1
-4.761
1
-0.66
0
2.327
0
9.105
1
-5.612
0
-1.671
1
2.812
1
10.393
0
-7.207
0
-6.085
1
3.494
0
12.194
1
-1.025
1
2.165
1
-9.75
1
4.386
0
-2.542
1
-2.719
0
-3.476
1
-3.97
0
-14.364
1
2.16
0
-3.254
0
7.002
1
-2.27
0
-2.32
0
-1.599
1
-0.226
0
10.927
0
-6.827
1
-7.529
1
-5.157
1
-10.758
0
11.096
1
-0.77
1
-1.244
0
2.131
1
5.617
1
-6.005
0
8.341
0
-7.088
0
-81.656


-18.182
0
-9.984
1
-7.119
1
4.695
1
4.142
0
-1.377
0
3.168
1
1.004
1
1.385
0
-0.338
0
4.844
1
-5.248
1
-0.746
0
-0.399001
0
0.928
0
3.347
0
-2.398
1
-3.597
0
4.363
1
2.531
1
-1.991
0
-10.62
0
-4.295
0
-4.729
0
-1.215
0
8.092
1
-1.635
1
-5.324
1
-5.35
0
-10.605
1
-7.907
1
-2.03
0
0.869
0
-1.012
1
10.358
0
4.166
0
-3.989
0
-4.065
0
2.579
1
-6.212
0
-7.75
1
1.618
1
-15.931
0
-10.787
1
-3.825
0
-18.182
-61.969
1
-3.747
0
2.636
1
4.65
0
0.916
0
-9.798
0
-0.588
0
1.823
0
-10.418
1
-2.748
1
-3.891
0
-13.768
1
-5.965
0
0.319
0
1.061
0
1.354
0
-1.115
1
-3.411
1
-8.938
0
0.734
0
-2.819
1
-6.516
1
-7.195
0
-0.646
1
7.134
1
2.127
0
-0.615
0
-4.585
0
-1.118
1
4.909
1
5.293
1
2.942
0
-4.494
0
-1.485
0
-5.45
1
-2.632
1
-0.395
0
-6.864
0
4.792
0
-5.619
0
-5.331
1
4.123
0
-0.243
1
-9.275
1
-12.511
0
-61.969
-19.831
0
-16.299
1
-4.647
0
-4.649
1
-5.828
0
4.898
0
-0.749
0
-4.076
0
3
0
-7.67
1
8.142
0
-2.16
1
-6.694
0
1.738
0
-5.25
0
3.673
1
-0.24
0
4.595
0
1.414
1
-3.251
1
2.431
0
-4.213
1
-1.806
1
-2.696
1
2.911
1
-0.468
0
-5.153
0
-7.902
0
-4.934
1
-1.522
1
-8.015
1
-4.178
1
-8.319
1
-3.939
0
1.345
1
-2.107
0
-1.296
0
-1.386
0
-1.371
0
-6.038
0
1.522
1
3.612
1
-12.402
1
5.732
1
-10.181
1
-19.831
-31.588
1
-5.468
1
1.777
1
-5.267
1
-0.217
1
11.231
1
4.887
1
0.0319996
1
-0.263
1
-3.857
0
-1.487
0
2.637
1
-2.869
0
0.322001
0
0.192
0
-3.17
0
3.138
0
-2.599
1
-1.192
1
-11.774
0
-3.913
1
-4.776
0
-6.79
0
-3.747
0
2.737
1
1.946
1
-4.269
0
-0.392
1
1.947
0
7.439
0
-4.894
0
-5.9
0
10.327
0
-4.439
0
-2.323
0
-0.182
1
-1.607
0
-0.285
0
6.709
1
-1.821
1
-3.608
0
3.636
1
5.46
0
-3.732
1
4.674
0
-31.588
-87.471
1
-1.952
0
8.155
0
-8.455
0
0.131999
1
0.960999
1
8.984
0
-12.843
1
-1.128
1
-10.101
1
-3.779
0
-2.725
0
-2.083
0
-8.178
1
6.175
0
-10.877
0
-5.102
0
-0.894
1
4.629
0
3.926
1
-2.03
0
-2.413
1
-3.642
0
-1.032
0
-4.27
1
-4.554
1
-6.769
0
-2.405
0
-1.902
0
3.07
0
-0.258
1
1.488
0
7.794
0
2.517
1
1.004
1
7.373
0
-2.128
0
0.116
1
-0.754
1
-0.0529997
1
3.671
1
6.573
0
-4.375
0
12.633
0
5.753
0
-87.471
-10.77
0
5.267
1
4.131
0
5.867
1
-6.237
1
-2.416
0
7.451
0
-3.982
0
1.273
1
-1.282
0
-5.91
0
-5.341
1
6.668
1
-1.571
1
-0.163
0
-0.849
1
-2.041
0
3.006
0
6.177
0
-10.6
1
0.312
0
1.262
0
-11.885
0
1.933
0
-4.512
1
-14.602
0
-2.4
0
-2.533
0
-8.598
1
1.327
1
-0.951999
1
-3.657
1
-1.549
1
-4.913
0
-2.263
0
3.236
1
5.663
1
2.803
1
-0.74
1
-9.768
1
-2.548
0
7.874
1
-3.786
1
-5.361
1
-5.383
0
-10.77
-68.401
1
-4.917
0
5.162
0
6.997
1
3.445
0
2.977
1
11.318
0
-6.05
1
10.149
1
6.098
1
-1.968
0
-9.632
0
-10.068
1
-3.302
0
9.771
0
-2.993
1
-8.509
0
-1.65
0
1.187
0
7.132
1
-6.553
1
-6.535
0
-7.979
0
2.251
0
-3.922
0
-2.113
0
-0.275
1
10.615
0
-14.647
0
1.076
1
0.862
1
-3.545
0
-0.978
0
-10.11
0
0.733
0
0.806
1
2.661
1
-11.146
0
-1.458
1
-5.31
1
-0.967
1
-4.264
1
8.004
0
5.576
1
-2.668
0
-68.401
-22.9
1
-4.007
1
5.276
1
-6.348
1
-3.408
0
-10.052
0
2.922
0
3.055
1
0.653
1
14.684
1
-0.412
0
-1.407
1
-0.11
0
-5.683
1
-1.029
1
-2.975
1
-0.0909998
1
-0.983
0
0.849
1
6.679
0
-9.469
1
-2.003
1
-1.967
1
-7.608
0
-3.861
1
-2.877
0
-6.154
1
1.089
1
-10.227
0
-12.871
0
-10.152
1
1.633
1
11.613
0
4.884
0
-1.453
0
5.271
1
1.613
0
1.06
0
-1.897
0
6.388
1
-1.765
1
-0.576
1
2.961
1
-1.143
1
-0.94
1
-22.9
-54.915
0
-6.355
1
4.515
0
-0.465
0
0.207
0
-6.001
0
-1.843
1
-4.838
1
-0.953
0
-6.621
1
0.608
1
0.384
1
-4.703
1
-5.728
0
-2.606
1
-6.627
0
-3.341
0
-7.558
1
-0.881
0
-1.323
1
3.03
0
1.684
1
-5.453
0
1.167
1
0.475
1
3.844
0
-0.284
0
-4.72
1
-7.72
0
1.143
1
-2.18
1
-1.398
1
-4.686
1
-2.742
0
1.913
1
-7.772
0
4.062
1
-5.328
1
-2.778
1
-3.919
1
4.784
0
-3.277
0
-4.969
0
-8.129
1
-2.55
0
-54.915
-62.259
0
-10.094
0
-0.148
1
-5.582
1
-2.978
0
-7.834
1
1.57
0
-0.584
0
7.056
0
-0.916999
0
1.519
0
4.829
1
0.365
0
-10.491
1
-4.777
1
6.591
0
6.147
1
-0.787
0
1.714
0
6.686
0
-3.101
1
-3.288
0
-2.542
1
-5.023
1
-4.765
0
6.409
1
-3.957
1
-1.241
1
2.222
1
2.957
0
1.234
0
-1.69
0
-12.513
1
1.023
0
2.512
0
-1.385
0
2.117
1
-5.218
0
3.682
1
1.061
0
0.43
0
0.00300014
1
-1.56
1
-5.203
0
-3.497
0
-62.259


-2.456
0
5.534
1
0.02
0
-0.25
0
7.43
0
-1.549
0
-2.189
1
-2.621
0
2.383
0
-7.088
0
-12.867
1
-10.289
1
-8.378
1
-10.615
1
-1.455
0
0.767
0
-7.903
0
4.402
0
4.984
0
3.942
0
-6.989
0
-2.359
0
4.69
0
0.601
0
-1.183
0
19.381
0
-1.159
1
-2.063
0
-9.485
0
0.83
0
0.0830003
0
1.14
0
2.956
0
1.683
0
-4.652
0
4.364
0
-2.485
0
-5.936
0
-0.297
0
-5.874
0
-3.393
0
-4.621
1
-0.00699997
0
-3.066
0
-5.089
1
-2.456
-3.327
0
2.2
0
-4.513
0
2.801
0
-13.518
0
-12.212
0
-4.799
0
-6.063
0
0.398
0
8.435
0
2.832
0
-3.085
1
4.68
1
6.83
0
-9.429
0
1.668
1
-2.189
0
-8.642
0
-2.831
0
2.873
0
0.28
0
-1.288
0
5.991
1
0.59
0
-2.237
0
-1.493
0
-3.069
0
4.212
0
-3.604
0
-6.303
0
-2.046
0
9.231
0
1.29
0
-0.315
0
-12.017
0
-1.509
0
3.387
0
-5.375
0
-7.033
0
1.6
0
11.296
0
-1.83
0
-15.663
0
-2.583
0
5.329
0
-3.327
0.449001
0
-8.202
1
-0.429
0
5.173
0
11.379
0
4.124
0
0.782
0
-3.324
1
2.224
0
2.891
0
1.155
0
2.435
0
-6.098
0
0.652
0
-1.73
0
-8.654
0
-1.105
0
0.502
0
6.664
0
5.409
1
-0.000999928
0
3.647
0
-2.289
0
-6.28
0
-4.542
0
-9.364
0
-0.649
0
-6.222
0
-0.0580001
0
2.56
0
-5.964
0
7.446
0
-9.474
0
12.083
0
2.416
0
13.113
0
-0.878
0
-2.431
0
-4.831
0
-8.176
1
-0.0569999
0
-3.952
0
-13.748
0
-10.865
0
-1.24
0
0.449001
1.982
0
-4.892
0
-3.402
0
1.051
1
2.815
0
-4.579
1
0.769
0
-6.79
0
-1.535
0
2.327
0
-0.575
1
8.747
1
-1.235
0
-2.892
1
4.964
0
-1.478
0
-6.855
0
-0.522
0
0.555
1
0.036
0
0.553
0
12.518
0
5.099
0
2.863
1
0.04
1
0.163
0
-2.337
0
-1.058
0
0.193
0
-2.483
0
-0.415001
0
-14.374
0
5.885
0
0.922
0
1.537
0
-2.563
0
-4.073
0
-3.955
0
2.001
0
-6.013
0
-0.0990002
0
6.656
0
-4.107
0
3.077
0
-1.398
0
1.982
