

0
0
0
0
0
0
0
0
0
0
0
0
0
0
0
0
0
0
0
0
0
0
0
0
0
0
0
0
0
0
0
0
0
0
0
0
0
0
0
0
0
0
0
0
0
0
0
0
0
0
0
0
0
0
0
0
0
0
0
0
0
0
0
0
0
0
0
0
0
0
0
0
0
0
0
0
0
0
0
0
0
0
0
0
0
0
0
0
0
0
0
0
0
0
0
0
0
0
0
0
0
0
0
0
0
0
0
0
0
0
0
0
0
0
0
0
0
0
0
0
0
0
0
0
0
0
0
0
0
0
0
0
0
0
0
0
0
0
0
0
0
0
0
0
0
0
0
0
0
0
0
0
0
0
0
0
0
0
0
0
0
0
0
0
0
0
0
0
0
0
0
0
0
0
0
0
0
0
0
0
0
0
0
0
0
0
0
0
0
0
0
0
0
0
0
0
0
0
0
0
0
0
0
0
0
0
0
0
0
0
0
0
0
0
0
0
0
0
0
0
0
0
0
0
0
0
0
0
0
0
0
0
0
0
0
0
0
0
0
0
0
0
0
0
0
0
0
0
0
0
0
0
0
0
0
0
0
0
0
0
0
0
0
0
0
0
0
0
0
0
0
0
0
0
0
0
0
0
0
0
0
0
0
0
0
0
0
0
0
0
0
0
0
0
0
0
0
0
0
0
0
0
0
0
0
0
0
0
0
0
0
0
0
0
0
0
0
0
0
0
0
0
0
0
0
0
0
0
0
0
0
0
0
0
0
0
0
0
0
0
0
0
0
0
0
0
0
0
0
0
0
0
0
0
0
0
0
0
0
0
0
0
0
0
0
0
0
0
0
0
0
0
0
0
0
0
0
0
0
0
0
0
0
0
0
0
0
0
0
0
0
0
0
0
0
0
0
0
0
0
0
0
0
0
0
0
0
0
0
0
0
0
0
0
0
0
0
0
0
0
0
0
0
0
0
0
0
0
0
0
0
0
0
0
0
0
0
0
0
0
0
0
0
0
0
0
0
0
0
0
0
0
0
0
0
0
0
0
0
0
0
0
0
0
0
0
0
0
0
0
0
0
0
0
0
0
0
0
0
0
0
0
0
0
0
0
0
0
0
0
0
0
0
0
0
0
0
0
0
0
0
0
0
0
0
0
0
0
0
0
0
0
0
0
0
0
0
0
0
0
0
0
0
0
0
0
0
0
0
0
0
0
0
0
0
0
0
0
0
0
0
0
0
0
0
0
0
0
0
0
0
0
0
0
0
0
0
0
0
0
0
0
0
0
0
0
0
0
0
0
0
0
0
0
0
0
0
0
0
0
0
0
0
0
0
0
0
0
0
0
0
0
0
0
0
0
0
0
0
0
0
0
0
0
0
0
0
0
0
0
0
0
0
0
0
0
0
0
0
0
0
0
0
0
0
0
0
0
0
0
0
0
0
0
0
0
0
0
0
0
0
0
0
0
0
0
0
0
0
0
0
0
0
0
0
0
0
0
0
0
0
0
0
0
0
0
0
0
0
0
0
0
0
0
0
0
0
0
0
0
0
0
0
0
0
0
0
0
0
0
0
0
0
0
0
0
0
0
0
0
0
0
0
0
0
0
0
0
0
0
0
0
0
0
0
0
0
0
0
0
0
0
0
0
0
0
0
0
0
0
0
0
0
0
0
0
0
0
0
0
0
0
0
0
0
0
0
0
0
0
0
0
0
0
0
0
0
0
0
0
0
0
0
0
0
0
0
0
0
0
0
0
0
0
0
0
0
0
0
0
0
0
0
0
0
0
0
0
0
0
0
0
0
0
0
0
0
0
0
0
0
0
0
0
0
0
0
0
0
0
0
0
0
0
0
0
0
0
0
0
0
0
0
0
0
0
0
0
0
0
0
0
0
0
0
0
0
0
0
0
0
0
0
0
0
0
0
0
0
0
0
0
0
0
0
0
0
0
0
0
0
0
0
0
0
0
0
0
0
0
0
0
0
0
0
0
0
0
0
0
0
0
0
0
0
0
0
0
0
0
0
0
0
0
0
0
0
0
0
0
0
0
0
0
0
0
0
0
0
0


-0.196
0
-0.805
0
-3.585
0
3.1
1
0
1
-2.386
0
5.879
0
-3.053
0
-1.346
0
4.104
0
0
1
0.362
1
2.346
0
0.178
0
-0.99
1
4.253
1
2.972
0
-1.256
1
-2.836
1
-2.076
1
2.226
0
-0.0239997
1
-2.258
1
-7.653
0
2.091
1
2.049
1
-4.082
1
-0.833
1
-0.614
0
0.895
0
1.811
0
-1.519
1
3.903
1
-1.496
0
-5.102
0
-1.24
1
-0.768
1
-3.069
0
-2.205
0
-1.901
1
-5.793
0
-4.289
1
-2.617
1
-0.851
1
0.034
1
-0.196
-1.363
0
1.487
0
1.882
1
-1.638
0
0.924
1
0.22
0
0
1
0
0
-9.851
0
-0.852
0
4.289
1
1.337
0
-3.071
0
1.759
0
-4.908
0
-0.355
0
1.018
1
-3.381
0
0.197
0
1.024
1
-0.067
0
2.134
0
-0.116
1
-4.872
0
-0.232
1
-4.491
0
-3.407
1
5.2
0
4.553
1
0.64
1
-0.142
1
4.07
1
1.045
1
-5.429
1
1.294
1
-4.303
1
-5.027
1
-3.528
1
-8.445
0
2.593
0
-1.11
1
-1.963
0
2.002
0
2.691
1
3.974
1
-1.363
6.236
1
4.319
1
-9.593
1
-20.565
0
2.365
0
0.585
1
-0.991
1
1.661
1
2.908
1
-12.571
1
-11.646
0
2.821
0
0.894
1
-2.427
1
-2.922
1
-6.931
0
-2.619
1
0.656
0
-3.651
0
-2.315
1
5.63
0
0.896
1
4.442
1
-1.028
0
-4.536
1
1.824
1
0.837
0
-0.736
1
0.685
0
-2.426
1
-1.853
1
-0.842
1
-0.296
0
0.815
0
-4.005
0
1.726
1
4.325
1
-1.701
1
1.33
1
-1.946
1
0.207
0
1.175
0
-1.755
1
4.309
0
1.898
0
6.236
-21.227
0
1.161
1
2.647
1
1.998
1
1.416
0
-5.589
1
-0.996
0
-4.284
0
1.918
0
1.118
1
1.976
1
1.569
0
-1.806
0
0.67
1
-0.727
0
-5.012
1
4.002
1
-4.662
1
-2.801
0
-2.929
1
-1.773
1
0.676
1
-5.054
1
-1.582
1
-1.459
0
-3.36
1
-0.403
1
-2.495
0
-5.48
0
-1.647
0
5.085
0
-4.84
0
-0.249
1
-8.122
0
-4.813
1
3.03
0
-3.137
1
4.756
0
4.562
1
-5.064
0
-3.035
1
-4.506
0
-2.029
1
-3.879
0
0.0609996
0
-21.227
-0.406999
0
1.71
1
8.199
1
0.367
0
1.856
0
3.624
1
0.212
0
-2.272
1
-0.344
1
3.062
0
-1.825
1
-0.565
1
-1.638
0
-0.4
1
-1.118
1
-1.72
0
1.668
0
-2.561
1
-1.488
0
-3.376
1
3.049
1
-0.717
1
-2.18
1
-2.48
1
-3.383
0
1.364
1
0.0379999
0
0.489
1
2.503
0
0.559
1
0.081
1
-3.351
0
8.589
0
2.513
0
-2.551
1
-4.457
1
-6.021
0
-9.133
0
-5.272
0
-4.925
0
-1.439
0
-0.812
0
1.359
0
-0.632
1
-4.182
0
-0.406999
-6.983
0
3.197
0
4.897
1
-5.849
1
0.494
1
0.144
0
-15.007
0
-1.185
1
-4.24
1
0.5
1
-5.267
0
-2.378
1
-0.537
0
-2.859
1
-0.693
1
8.134
0
3.935
0
0.499
1
-0.811
1
0.977
0
4.628
0
-1.596
0
1.681
0
-0.305
0
1.412
0
-2.898
1
0.147
1
1.31
1
-0.746
1
-10.246
1
0.092
1
2.545
1
-2.09
0
-4.953
1
-2.397
0
-1.508
1
6.588
1
1.167
1
0.23
1
-2.867
1
-1.465
1
-0.984
1
-1.093
0
-2.571
0
3.79
1
-6.983
-52.37
1
0.49
0
-0.115
1
2.553
1
-6.296
1
1.806
0
-3.763
1
3.638
1
-3.613
0
-5.195
1
1.249
1
-2.741
0
-0.874
0
-1.577
0
-4.939
1
-0.82
1
-0.098
0
-5.322
1
-1.074
1
1.16
0
-3.058
1
-0.472
1
-4.833
1
-3.797
1
-2.627
1
0.152
1
0.128
1
4.796
1
3.166
1
-1.83
0
0.553
1
0.74
1
1.021
0
1.687
0
0.968
0
-0.139
0
-5.865
1
1.801
0
-0.0699997
1
0.17
1
-4.103
0
-2.107
0
3.073
1
1.667
0
-5.204
0
-52.37
-52.112
1
0.541
1
3.286
1
-2.393
1
-0.0919998
0
-1.527
1
1.335
0
0.049
1
-2.854
1
-5.215
1
-3.035
1
-2.424
1
-2.832
1
-0.17
1
-0.825
1
-0.0969999
1
2.923
1
-3.728
0
0.563
0
2.496
1
-4.919
1
2.378
0
-2.564
1
0.539
0
-0.561
1
5.552
1
-1.002
1
-3.119
0
-4.734
1
-2.097
0
0.955
0
-1.481
0
-5.039
0
0.0699999
0
1.988
1
-1.392
1
-2.283
0
2.511
1
-3.525
1
5.07
0
0.698
0
-4.39
1
0.46
1
-0.287
1
-1.814
0
-52.112
-4.298
0
1.059
0
1.916
1
-1.83
0
-5.325
0
-1.039
0
-0.215
1
-4.586
0
-6.241
1
-0.189
1
-3.461
1
-4.733
1
0.075
1
-0.552
0
1.99
1
-3.538
0
-0.834
0
3.651
1
-1.153
1
7.38
1
-1.656
1
1.081
0
-0.757
0
-4.492
0
0.442
0
1.574
1
1.282
1
1.301
0
0.229
0
-5.688
1
-4.601
0
-2.662
0
-0.53
1
2.687
0
-1.253
0
0.655
0
3.93
0
-2.953
0
-5.848
0
-5.974
0
5.653
1
2.683
1
-2.787
1
0.08
1
-1.948
1
-4.298
-6.781
0
2.505
1
1.636
1
4.437
1
-7.064
0
-6.927
0
-8.621
0
-3.91
1
0.872
0
-3.434
1
9.072
1
-4.841
0
-5.196
1
-2.064
1
5.899
0
-2.455
1
2.676
1
-0.13
1
-4.109
0
5.221
1
-0.854
1
-3.1
1
-0.798
1
-3.329
1
0.237
1
-1.988
1
-3.146
0
3.803
0
-1.601
1
1.203
1
-4.669
1
-3.523
0
-6.378
0
5.096
1
1.444
0
-0.742
1
0.437
1
2.746
0
-10.241
0
0.0920002
0
0.276
0
-2.292
1
1.187
0
1.006
0
-1.417
0
-6.781


-0.278
1
0
1
-0.158
0
-1.853
0
-0.951
0
0.466
0
-2.912
0
0.062
0
-0.793
1
3.373
0
-0.805
0
1.287
0
1.544
1
0.616
1
-2.526
1
1.139
0
-3.327
0
0
0
-1.202
0
-5.83
0
0
0
2.367
0
2.188
0
-2.41
0
0
0
-3.698
1
3.41
1
-1.598
1
-2.004
1
-2.374
0
0.14
0
0.461
1
-1.265
1
2.693
1
-1.065
0
-0.809
1
-4.355
0
-5.943
1
1.043
1
-1.544
1
-2.707
0
-0.417
0
3.246
0
-0.13
1
-0.567
1
-0.278
-19.431
0
-1.459
1
-2.183
1
1.471
0
1.318
0
0.962
1
-1.662
1
-1.628
1
-0.469
0
0.875
1
4.964
1
-4.021
1
4.132
0
-4.721
1
0.0880001
0
-1.836
1
-2.323
0
-3.643
1
-0.706
1
-2.672
0
-1.049
1
-1.368
1
-0.455
0
4.79
0
-3.296
0
-4.422
0
6.16
0
3.364
1
-8.214
1
-3.004
1
-3.305
1
-9.119
1
-0.52
0
0.384
1
-4.095
0
1.622
0
-1.257
0
-1.517
1
2.217
1
-0.632
1
-4.242
0
-0.52
1
1.985
0
4.761
0
0.144
1
-19.431
7.663
1
2.706
1
0.224
0
0.916
0
-0.726
0
-2.521
0
1.296
1
0.0770001
0
-1.915
1
0.419
1
1.163
1
-0.63
1
-2.624
0
2.319
1
-2.207
0
2.884
1
0
1
-0.126
1
5.239
1
1.431
0
-1.21
0
1.499
0
1.495
0
-2.223
0
-3.447
1
-5.027
0
6.116
0
0.896
0
-3.365
1
2.647
1
3.272
0
1.508
1
-3.472
0
1.706
0
2.545
1
2.939
1
2.325
1
2.986
0
-1.958
1
-1.501
0
-0.942
1
-0.424
1
-2.4
1
-2.029
1
2.352
0
7.663
-20.491
0
1.078
1
2.503
1
-0.296
0
-5.915
1
3.262
0
-6.842
1
4.02
0
-7.881
0
-3.04
0
0.495
0
0.198
1
1.828
0
1.769
0
-3.699
1
-1.28
0
0.185
1
0.424
0
-1.637
1
-1.82
1
-1.153
0
1.819
0
-2.932
1
1.545
1
-6.009
0
4.071
0
2.646
0
-1.105
0
-9.547
1
0.943
0
-0.927
0
-2.657
0
-13.014
0
1.744
0
-0.395
0
3.213
0
-0.487
1
0.1
1
-0.869
0
2.909
0
-0.296
1
-1.627
0
3.273
1
0.663
1
-0.63
0
-20.491
-24.137
1
0.803
1
1.243
0
-0.795
0
-0.224
0
-2.062
0
2.961
1
-5.11
1
-0.206
1
0.677
1
-4.052
1
-1.184
1
-6.349
1
-8.128
0
2.476
0
2.489
0
0.0279996
0
0
0
0.424
1
0
1
1.508
1
0.332
0
4.208
1
0.557
1
7.651
1
-3.108
1
-2.279
0
-0.428
0
-0.489
1
-1.088
0
1.126
1
-6.698
0
2.511
0
-3.323
1
-5.024
0
-3.052
0
-4.457
1
7.846
0
-0.023
1
5.571
0
-3.385
0
-0.492
0
-0.806
0
2.764
0
-1.217
0
-24.137
0.997002
0
6.071
0
0.0599999
1
-3.96
1
0.863
1
-4.436
1
1.102
0
-2.054
1
-4.508
0
-0.553
0
1.995
1
3.841
1
-5.532
1
-2.011
0
-0.207
1
0.396
0
2.316
0
0.0630002
1
0.44
1
-3.476
0
-1.754
0
-1.575
1
-3.983
0
4.09
1
3.523
1
-2.666
1
3.002
0
-4.444
1
-1.901
1
1.158
0
4.102
1
-1.991
1
-2.996
1
2.226
1
-2.286
0
0.536
1
-1.217
1
-3.089
0
1.156
1
-2.554
1
-1.857
0
1.507
0
-1.454
1
-0.372
0
-2.086
0
0.997002
22.823
1
3.018
1
-4.203
0
4.748
1
0.975
1
3.682
1
-1.121
0
-0.173
0
1.298
1
-5.386
1
2.203
1
-3.161
1
-6.348
1
0
0
-0.0339999
1
-3.359
0
5.256
0
4.525
1
-0.666
1
0.118
0
0.045
0
1.473
0
1.245
1
1.33
1
0.348
0
-1.361
1
-2.532
0
3.496
0
1.45
1
4.309
1
-6.835
1
0.277
0
-0.393
0
-1.497
0
-6.909
1
-3.569
1
0.507
1
1.294
0
-1.367
0
-4.841
1
-2.029
1
0.168
1
-1.717
1
0.255
0
2.871
0
22.823
-3.12
0
-0.326
1
-0.0210001
0
-3.254
1
-6.212
1
2.387
0
-1.27
0
6.513
1
-1.297
1
1.099
0
2.075
0
9.128
1
-2.343
1
-1.739
0
-0.454
1
1.462
0
-0.283
1
-1.489
1
-0.811
0
0.128
0
4.299
1
-0.0979998
0
-1.584
0
2.75
1
-4.195
0
-3.128
0
1.414
1
-2.029
0
-3.309
1
2.239
1
-1.167
1
3.466
1
1.793
0
-1.585
1
3.969
1
1.574
0
-0.981
1
-0.648
0
-2.215
1
0.342
0
-0.949
1
-4.8
0
-1.042
0
-0.83
1
-0.0190001
1
-3.12
1.499
1
0.226
0
-1.414
1
-0.927
0
-5.901
0
2.179
1
-1.258
0
-3.112
0
-2.5
0
-1.07
0
3.567
1
-1.118
1
-1.07
1
-1.017
1
3.98
1
0.376
0
2.972
0
1.613
0
-3.023
0
-5.307
0
-1.229
1
-0.887
0
0.849
0
-3.255
1
4.184
0
3.421
1
5.899
1
-3.722
0
1.269
1
3.951
1
-7.945
0
-2.112
0
-1.796
1
-1.547
1
5.523
1
-5.049
1
6.585
0
0.102
0
0.781
1
-0.969
1
1.325
1
-4.236
0
-4.961
1
-2.115
1
-3.47
1
1.499
-32.182
1
5.069
0
-2.489
1
-3
1
-2.738
0
-1.594
1
0.867
1
1.429
1
-1.622
1
-3.233
0
-0.966
0
5.138
1
-5.08
0
-4.468
1
2.811
1
4.697
1
-2.198
1
0.384
0
-1.682
0
2.512
1
0.893
1
-1.439
0
1.48
1
-0.784
1
-3.234
1
1.551
1
-1.634
1
1.518
0
1.898
0
1.662
0
1.229
0
-2.041
0
-0.11
0
2.015
0
0.337
1
2.209
1
-0.447
1
1.557
0
2.358
0
1.499
1
2.904
0
0.335
0
-2.019
1
0
1
2.972
0
-32.182


-8.035
0
-6.606
0
-1.885
1
2.655
1
2.438
0
0.985
0
3.555
1
1.23
1
-0.828
0
-0.68
0
3.142
1
0.333
1
-5.253
1
0.155
1
0.726
0
-0.538
1
-0.426
0
-1.516
0
4.652
1
-1.61
0
-1.417
0
-4.099
1
-1.177
1
-3.379
0
-1.708
0
0.715
0
0.202
1
2.123
1
1.021
1
-2.827
1
-3.097
1
3.417
0
-2.041
0
-1.187
1
5.838
0
-1.095
1
-3.097
1
2.189
0
2.131
0
4.353
0
-0.566
0
0.0669998
0
-6.63
1
-6.679
0
-2.822
0
-8.035
-0.338002
1
0
1
-1.718
0
2.816
1
0.322
1
-2.833
0
0.751
0
-0.912
0
-3.007
0
0.0319998
0
-2.451
1
-3.792
1
0.386
1
-1.929
0
0.092
1
-3.69
0
-3.438
1
0.725
0
-4.259
1
2.677
1
0.444
1
-2.061
0
-5.983
1
-1.948
1
9.756
1
0.713
0
-3.416
0
-2.832
0
-1.838
0
0.608
0
-1.63
0
-0.975
0
-6.512
1
1.623
1
-4.566
0
-3.108
0
3.625
1
-4.981
1
2.465
1
2.432
1
-0.391
0
-4.261
1
-0.0170002
1
-1.589
1
-3.357
1
-0.338002
7.202
1
-9.776
0
0.31
1
-3.404
1
-6.008
0
1.61
1
0.0970001
0
-1.174
1
2.447
0
-1.997
0
-1.424
1
2.289
0
-4.165
1
1.096
0
-3.315
0
1.42
1
3.811
0
4.548
0
0.694
1
3.213
0
3.353
0
-4.15
0
0.919
1
-1.964
1
0.237
0
-2.314
1
-3.066
0
-2.805
1
1.424
0
0.0579997
0
-3.162
0
-1.9
0
-0.603
0
-2.378
0
1.044
0
1.664
1
0
0
-3.319
1
1.078
1
-0.256
1
0.422
1
1.491
0
-9.215
0
-0.376
0
-3.156
1
7.202
15.512
0
-0.00300014
0
-0.375
0
-3.476
0
2.254
0
6.801
0
1.416
0
-3.306
0
2.995
1
-1.781
1
-0.737
0
-3.608
1
-1.3
1
4.374
1
-2.96
1
0.00699997
0
1.988
1
-1.009
1
-2.176
0
-5.277
1
-0.768
1
-1.935
1
-3.137
0
4.049
0
-0.376
0
-0.796
0
-2.474
1
1.771
1
2.499
0
7.092
0
-2.035
0
-3.051
1
1.158
1
1.034
1
-0.0759997
1
-2.601
0
-5.52
0
-5.079
0
2.885
0
-1.955
0
-2.113
1
-2.678
1
3.389
1
2.409
1
1.737
0
15.512
-7.133
1
-3.788
1
7.042
1
1.162
0
-2.73
1
1.857
0
3.356
1
-7.136
0
-0.587
0
-4.867
1
-1.683
1
-4.694
0
3.264
1
0.603
0
-2.2
0
-2.133
0
0.829
1
0.299
1
1.748
0
0.104
0
4.211
1
-1.943
0
-6.164
1
-1.176
1
-3.887
1
-0.718
1
-5.527
0
0.48
1
-0.372
0
4.16
1
2.169
0
-3.408
1
5.14
1
2.103
1
-2.694
1
3.943
1
-0.0989997
1
0.535
0
1.924
1
-0.0879998
1
3.089
1
1.881
1
-0.476
1
0.793
0
4.814
0
-7.133
-2.752
0
4.333
1
-1.511
0
5.359
0
1.187
0
-3.832
1
5.814
0
0
0
1.179
0
-2.108
0
0
1
0.805
1
2.776
0
-1.571
1
-3.363
0
3.684
1
-1.252
0
0.845
0
-0.354
0
-1.552
1
2.114
1
0
0
-2.715
1
0
0
-2.4
0
-7.076
0
-1.685
1
0
0
-1.664
0
-1.212
0
2.263
1
-1.6
0
-1.924
1
-1.109
1
0.255
1
3.405
1
1.253
0
1.53
1
1.119
0
-1.641
1
-2.064
0
0.835
0
-1.715
0
1.827
1
-1.349
1
-2.752
-51.916
0
-1.341
1
0.854
1
3.269
0
-1.755
0
1.47
0
8.156
1
-5.291
1
5.059
0
0.473
0
1.141
1
-6.09
0
-0.761
0
-1.228
1
4.309
0
-0.806
1
4.442
1
1.617
1
0.786
1
7.159
0
-1.417
0
-3.61
0
-5.294
1
2.459
0
-3.099
0
1.296
1
4.178
1
0.207
0
-1.601
1
-1.412
1
5.481
0
-2.5
0
-2.407
0
-6.043
1
2.869
0
1.224
0
2.793
1
-1.113
0
-3.449
1
-5.267
1
3.372
0
0.159
0
2.372
1
1.891
0
-2.171
0
-51.916
-15.239
0
0.069
1
1.282
0
0.542
1
-4.595
1
-5.179
0
-0.427
0
0.787
1
1.188
1
4.298
0
0
1
-3.311
1
-0.447
0
-1.21
0
-2.497
0
3.079
1
-0.948
0
4.57
1
-0.079
1
6.268
1
-6.351
1
2.907
1
-0.848
1
-4.858
0
-2.911
0
-5.873
0
0.907
0
-4.762
1
-0.878
0
-1.418
1
-6.065
1
0.629
0
10.813
1
7.078
1
1.751
0
3.944
1
0.176
0
1.748
0
-0.761
0
1.411
0
-0.357
0
-0.0389998
0
0.427
0
-3.372
1
0
1
-15.239
-37.944
1
-2.742
1
1.008
1
-6.246
1
-4.71
1
3.24
1
0.518
0
-1.127
0
1.105
1
-0.571
0
1.799
0
-0.365
0
-1.631
0
-2.597
0
0
1
0.321
0
-2.684
0
-1.851
1
-2.963
1
-4.127
1
-1.705
1
5.655
1
-3.239
1
0
1
2.262
1
1.886
0
3.573
1
-4.544
1
-2.749
1
2.81
1
-1.311
0
-2.345
0
2.785
1
3.926
0
3.318
1
-3.822
1
3.55
0
1.269
1
-1.546
1
-4.982
0
2.736
0
1.699
0
1.955
0
-5.427
1
-1.632
0
-37.944
-9.793
1
-5.021
1
-0.651
0
-1.481
0
-3.47
1
-5.703
1
-2.334
0
-0.93
0
5.914
0
1.091
0
0.803
0
2.534
1
2.07
1
-3.613
0
-0.82
0
5.6
0
6.697
0
-2.187
0
-1.034
1
-0.188999
1
-2.237
0
-0.321
1
-3.493
1
-5.544
1
-0.893
1
2.165
1
-2.707
0
-4.106
1
2.011
1
4.601
0
-0.382
0
-1.317
0
-5.826
1
4.689
1
2.084
1
-0.396
0
0.365
1
1.322
1
3.377
0
-4.959
1
-1.52
0
-3.363
1
-4.429
1
1.655
1
-4.464
0
-9.793


-2.455
0
2.903
1
0.02
0
-4.868
0
3.123
0
4.459
0
0.623
1
-2.621
1
-0.0179999
0
0
0
-2.805
1
-5.954
0
-5.584
1
-3.425
1
0.882
1
0
0
-4.275
1
0
0
1.021
0
2.01
0
-4.084
0
-0.48
0
0.029
0
-0.866
0
1.121
0
5.473
0
-6.765
1
-2.063
0
-0.923
0
1.463
0
-2.241
1
0
0
1.345
0
2.11
0
-3.125
0
7.568
0
-1.096
0
-3.099
0
1.343
0
-4.745
0
-1.358
0
-3.214
1
-0.00699997
0
-2.34
0
1.696
1
-2.455
-3.327
0
5.798
0
-5.317
0
5.249
0
-4.879
0
-2.846
0
-0.195
0
-1.475
1
0
0
2.463
0
3.15
1
-2.251
0
2.04
0
2.542
1
-1.343
0
-3.975
1
-2.189
0
-2.374
0
0.234
0
-3.537
1
0
0
2.863
0
2.607
1
0.59
0
-0.232
0
-0.287
0
0
0
2.849
0
-1.209
0
-0.809
0
5.392
0
2.288
0
-1.989
0
-1.588
0
-2.157
0
0.405
0
0.716
0
-0.648
0
-0.35
0
1.316
0
2.85
0
-1.061
0
-9.322
0
0.61
0
-0.596
0
-3.327
0.449001
0
2.89
1
-0.429
0
0.537
1
0
0
0.334
0
0.908
0
0.0350002
1
2.224
0
3.049
0
5.838
1
3.427
1
-4.967
1
3.833
1
-0.413
0
-0.384
0
-0.459
0
-2.776
0
-1.089
0
2.274
0
-0.131
0
-4.937
0
0.246
1
0
0
1.706
0
-4.338
0
-0.75
0
-6.938
0
-0.796
0
-0.122
0
-3.913
0
4.965
0
1.281
0
0.125
1
0
0
5.302
0
-1.046
0
6.026
0
-3.087
0
-6.682
1
-0.0569999
0
2.853
0
-4.139
0
0.0870001
0
0.747
0
0.449001
1.982
0
-0.68
0
-1.111
0
0.454
1
2.815
0
-6.655
1
0.769
0
0.439
0
-1.11
0
1.642
0
1.569
0
7.967
1
-2.171
1
-3.189
0
2.298
1
0
0
-2.003
0
4.622
0
-3.906
1
0.036
0
2.573
0
4.69
0
0.165
0
3.06
1
0.04
1
0.163
0
-2.82
0
-0.347
0
-5.049
0
-0.963
0
-0.162
0
-3.339
0
0.198
1
0
0
-6.486
1
0
0
-0.19
0
-1.637
0
1.675
0
0.182
0
1.192
0
-2.543
0
3.396
0
2.16
0
-0.0119998
1
1.982
