

0
0
0
0
0
0
0
0
0
0
0
0
0
0
0
0
0
0
0
0
0
0
0
0
0
0
0
0
0
0
0
0
0
0
0
0
0
0
0
0
0
0
0
0
0
0
0
0
0
0
0
0
0
0
0
0
0
0
0
0
0
0
0
0
0
0
0
0
0
0
0
0
0
0
0
0
0
0
0
0
0
0
0
0
0
0
0
0
0
0
0
0
0
0
0
0
0
0
0
0
0
0
0
0
0
0
0
0
0
0
0
0
0
0
0
0
0
0
0
0
0
0
0
0
0
0
0
0
0
0
0
0
0
0
0
0
0
0
0
0
0
0
0
0
0
0
0
0
0
0
0
0
0
0
0
0
0
0
0
0
0
0
0
0
0
0
0
0
0
0
0
0
0
0
0
0
0
0
0
0
0
0
0
0
0
0
0
0
0
0
0
0
0
0
0
0
0
0
0
0
0
0
0
0
0
0
0
0
0
0
0
0
0
0
0
0
0
0
0
0
0
0
0
0
0
0
0
0
0
0
0
0
0
0
0
0
0
0
0
0
0
0
0
0
0
0
0
0
0
0
0
0
0
0
0
0
0
0
0
0
0
0
0
0
0
0
0
0
0
0
0
0
0
0
0
0
0
0
0
0
0
0
0
0
0
0
0
0
0
0
0
0
0
0
0
0
0
0
0
0
0
0
0
0
0
0
0
0
0
0
0
0
0
0
0
0
0
0
0
0
0
0
0
0
0
0
0
0
0
0
0
0
0
0
0
0
0
0
0
0
0
0
0
0
0
0
0
0
0
0
0
0
0
0
0
0
0
0
0
0
0
0
0
0
0
0
0
0
0
0
0
0
0
0
0
0
0
0
0
0
0
0
0
0
0
0
0
0
0
0
0
0
0
0
0
0
0
0
0
0
0
0
0
0
0
0
0
0
0
0
0
0
0
0
0
0
0
0
0
0
0
0
0
0
0
0
0
0
0
0
0
0
0
0
0
0
0
0
0
0
0
0
0
0
0
0
0
0
0
0
0
0
0
0
0
0
0
0
0
0
0
0
0
0
0
0
0
0
0
0
0
0
0
0
0
0
0
0
0
0
0
0
0
0
0
0
0
0
0
0
0
0
0
0
0
0
0
0
0
0
0
0
0
0
0
0
0
0
0
0
0
0
0
0
0
0
0
0
0
0
0
0
0
0
0
0
0
0
0
0
0
0
0
0
0
0
0
0
0
0
0
0
0
0
0
0
0
0
0
0
0
0
0
0
0
0
0
0
0
0
0
0
0
0
0
0
0
0
0
0
0
0
0
0
0
0
0
0
0
0
0
0
0
0
0
0
0
0
0
0
0
0
0
0
0
0
0
0
0
0
0
0
0
0
0
0
0
0
0
0
0
0
0
0
0
0
0
0
0
0
0
0
0
0
0
0
0
0
0
0
0
0
0
0
0
0
0
0
0
0
0
0
0
0
0
0
0
0
0
0
0
0
0
0
0
0
0
0
0
0
0
0
0
0
0
0
0
0
0
0
0
0
0
0
0
0
0
0
0
0
0
0
0
0
0
0
0
0
0
0
0
0
0
0
0
0
0
0
0
0
0
0
0
0
0
0
0
0
0
0
0
0
0
0
0
0
0
0
0
0
0
0
0
0
0
0
0
0
0
0
0
0
0
0
0
0
0
0
0
0
0
0
0
0
0
0
0
0
0
0
0
0
0
0
0
0
0
0
0
0
0
0
0
0
0
0
0
0
0
0
0
0
0
0
0
0
0
0
0
0
0
0
0
0
0
0
0
0
0
0
0
0
0
0
0
0
0
0
0
0
0
0
0
0
0
0
0
0
0
0
0
0
0
0
0
0
0
0
0
0
0
0
0
0
0
0
0
0
0
0
0
0
0
0
0
0
0
0
0
0
0
0
0
0
0
0
0
0
0
0
0
0
0
0
0
0
0
0
0
0
0
0
0
0
0
0
0
0
0
0
0
0
0
0
0
0
0
0
0
0
0
0
0
0
0
0
0
0
0
0
0
0
0
0
0
0
0
0
0
0
0
0
0
0
0
0
0
0
0
0


-79.084
1
4.189
0
-3.208
0
-4.025
1
7.72
1
2.851
1
0.24
0
-7.924
1
-8.21
1
-0.973
0
-2.273
0
7.134
1
-0.815
1
-1.1
0
4.876
0
2.8
0
2.587
1
1.446
0
-1.727
1
-1.797
1
8.62
1
-6.059
1
-2.117
1
-7.458
1
-4.487
0
-2.738
1
5.445
1
0.888
0
-4.556
0
1.313
0
5.062
0
0.577
1
0.84
0
-5.769
0
-4.642
0
7.121
1
2.341
0
-6.839
1
-1.218
1
-4.709
1
-12.551
1
-1.603
0
-3.195
1
-0.578
0
-3.16
0
-79.084
-1.313
0
3.128
1
-5.88
1
-10.283
0
0.413
0
0.227
1
-7.16
1
0.812
0
-0.869
1
10.828
1
-1.369
1
-8.204
1
-7.582
1
5.895
1
-2.851
1
1.331
1
-0.594
1
-8.548
0
3.726
1
3.871
0
-1.229
1
-5.729
1
-3.168
1
-5.155
1
-6.367
1
3.069
0
2.303
1
-5.084
1
-3.265
1
-5.386
0
-1.314
1
0.117
0
4.522
0
-0.146
1
-1.811
0
-6.41
0
6.586
0
6.222
0
0.95
0
-5.194
0
-0.185
0
-1.172
0
8.206
1
-5.427
0
3.719
0
-1.313
-1.212
0
-4.563
0
-6.869
1
-3.29
0
3.522
1
-4.716
1
-5.181
0
6.448
0
-1.636
0
4.259
0
-1.089
1
-4.325
1
-1.83
1
-3.133
0
1.218
1
-2.606
1
3.781
0
-3.521
0
-7.827
1
-3.651
0
0.675
1
-1.783
0
-4.31
1
-6.407
1
-0.617
1
2.739
1
-6.791
1
6.838
0
1.201
0
0.285
1
-2.22
0
7.249
0
-0.619
0
-3.797
1
-3.903
1
2.074
0
-2.583
0
7.535
0
4.473
1
-5.484
0
-9.703
0
-1.475
0
-4.654
0
-6.818
0
4.592
0
-1.212
-55.246
0
-4.395
0
-6.523
1
1.055
0
-1.019
1
5.281
1
-3.181
1
-3.824
1
1.637
0
5.044
0
0.097
1
-1.857
1
-7.524
0
6.163
0
3.067
0
-6.833
1
1.808
0
-4.369
1
-3.304
0
9.745
0
5.838
0
-3.162
1
-0.593
1
-1.743
0
0.166
0
-6.751
0
4.717
0
-0.171
0
-7.423
0
2.637
0
-2.305
0
0.45
1
-1.7
1
-5.175
1
-0.0510002
1
-2.424
1
1.948
0
-4.729
0
1.087
0
-6.785
1
-2.838
0
-0.189
0
6.263
1
2.375
1
2.385
1
-55.246
-0.573
0
-3.9
0
-7.587
0
-1.79
1
1.422
0
-0.66
0
-4.539
0
-0.845
0
3.517
0
0.488
0
1.384
1
-1.017
0
7.208
0
1.921
0
9.697
1
4.974
1
6.156
0
-1.769
0
-4.586
0
2.141
1
-0.729
1
1.183
0
1.941
0
2.767
1
-3.639
0
-1.25
1
-4.308
1
-4.528
0
-0.941
1
-3.412
0
3.901
0
2.363
1
0.563
1
-1.1
1
-9.452
0
-1.231
1
-3.342
1
-3.53
0
-1.117
1
-1.564
0
3.64
1
-2.432
1
-3.787
0
-13.179
0
6.953
1
-0.573
-74.673
0
-3.096
0
-0.157
1
0.378
0
-8.561
0
1.714
1
-6.22
1
9.291
0
-3.232
0
0.449
0
-0.421
1
0.643
0
0.849
1
-1.315
0
-1.741
1
10.031
0
-3.351
1
3.023
1
-7.38
0
-2.832
0
8.665
1
0.948
1
-0.393
0
-5.325
0
0.572
1
5.183
0
6.812
0
3.487
0
-3.761
0
0.499
1
2.181
1
-0.842
0
-2.47
1
-4.726
1
-0.58
1
5.297
0
-2.51
1
-2.226
0
-4.254
0
0.306
0
-7.197
0
0.967
1
-9.589
1
-2.814
0
-3.65
0
-74.673
26.823
0
-8.851
1
1.057
1
-2.046
1
1.484
0
-11.63
1
4.713
0
-11.952
0
-2.847
0
-4.935
0
-2.019
1
-2.199
1
1.507
0
7.844
0
-1.17
0
-5.622
0
0.478
0
5.687
0
0.0149999
0
-14.661
1
-6.944
0
1.725
0
-2.96
1
-7.843
0
-3.32
0
-7.263
1
1.394
1
3.158
0
4.34
0
1.724
1
1.407
1
0.52
0
-2.55
1
-5.504
0
3.242
1
1.118
0
4.612
1
2.843
0
4.448
1
4.45
0
1.389
1
-0.651
0
1.714
1
0.0969999
1
-2.334
0
26.823
-50.393
0
-5.67
1
1.241
1
-7.651
0
5.483
1
-11.515
1
-7.479
0
-1.329
0
-1.695
0
-3.288
1
-6.219
0
-0.559
0
1.841
0
-5.458
0
-8.323
0
-1.642
0
-1.389
1
6.675
1
3.103
0
7.737
0
6.102
0
-4.929
0
-3.3
1
2.098
0
-2.139
0
2.526
1
-0.515
1
2.888
1
6.444
1
-1.744
0
5.397
0
-5.447
1
-1.091
0
-3.757
0
9.976
1
-6.154
0
-6.419
0
-0.648
1
0.338
1
-9.211
0
-1.86
1
0.317
0
-0.575
1
5.942
1
-2.148
1
-50.393
-25.815
0
5.415
0
2.687
0
-9.611
0
1.509
1
-2.785
1
1.179
0
0.28
0
6.905
1
-3.891
0
-2.989
0
2.239
1
2.011
1
-0.838
1
1.601
0
-4.94
0
-1.379
1
-7.657
1
-8.248
0
-5.032
1
2.113
1
-4.223
1
-3.377
0
-7.012
0
-4.845
0
5.515
0
-2.537
1
-4.134
1
-6.401
0
-1.699
0
8.195
1
-4.949
0
-6.421
1
-2.174
1
-0.458
1
2.12
1
-0.042
1
-8.482
0
-4.334
1
-4.54
0
0.31
1
2.154
1
-0.403999
1
-0.025
1
2.985
1
-25.815
-26.072
1
3.992
0
1.267
1
2.473
0
-6.117
0
8.119
0
-22.296
0
6.717
1
-0.43
0
-1.965
0
-1.848
0
8.162
0
-5.889
0
-1.794
0
-1.501
1
4.355
1
-4.951
1
0.298
1
5.275
1
-4.657
0
-0.838
1
-1.535
0
6.577
1
2.855
0
-0.711
0
-5.728
0
3.902
1
0.54
0
3.205
0
-3.482
0
-3.252
0
10.599
1
1.269
1
0.84
0
-4.279
0
0.961
0
1.128
1
2.985
1
-8.456
0
3.986
0
-7.785
1
-8.391
1
-0.51
0
5.617
1
4.483
1
-26.072


-21.844
0
0.58
1
-2.814
0
7.526
0
1.49
1
-7.25
0
2.111
0
-6.698
0
-7.012
0
4.198
1
-8.178
1
-0.625
0
-0.0809999
0
0.0939999
0
-7.14
0
3.016
1
-4.333
0
-4.037
0
0.625
0
4.193
1
0.137
0
-10.791
1
-3.037
0
5.004
1
-1.302
0
-1.613
1
-2.768
0
1.729
1
-0.053
0
-5.909
0
1.072
1
-4.57
0
-0.394
0
-0.971
1
-5.139
0
0.243
0
4.272
0
5.846
1
0.762
1
-4.877
0
0.93
0
-5.983
1
1.025
0
-3.969
1
-1.917
0
-21.844
-4.804
0
0.356
1
0.176
1
1.53
0
-4.216
1
12.464
1
4.227
0
-1.012
1
-0.979
0
0.0619997
0
-0.23
1
-0.944
1
2.137
1
-1.55
0
-3.579
0
-2.987
0
-0.465
0
-7.028
0
-1.742
0
2.252
0
6.28
0
4.929
0
-1.633
0
-1.81
0
0.386
0
0.034
1
0.628
1
-2.566
1
-0.184
0
-5.293
0
-1.358
0
-4.589
0
-3.175
0
-7.19
1
-2.019
1
8.106
1
-3.168
1
0.647
1
-3.637
0
0.693
0
-0.518
0
6.916
0
-10.084
0
-1.536
0
-2.948
1
-4.804
-9.212
0
-0.712
0
3.823
0
5.278
0
0.0910003
1
-2.252
1
1.18
1
1.394
0
-2.37
1
-2.825
0
7.705
0
4.405
1
-1.637
0
4.061
1
2.414
1
0.407
1
1.609
1
3.39
0
4.303
0
-0.00899993
1
-0.402
0
-2.572
0
-1.781
0
0.957
1
1.444
0
4.714
0
7.162
0
-1.066
0
3.309
0
-9.785
0
1.214
1
0.351
1
-1.095
0
-4.116
0
10.175
1
-1.264
0
-1.898
0
0.789
0
7.211
0
-1.437
1
1.277
1
1.869
1
-4.236
1
1.316
0
-0.592
0
-9.212
-49.629
1
-3.878
0
2.202
1
2.598
1
5.712
1
0.345
1
1.654
1
-8.808
1
-12.346
1
-1.659
1
-7.192
0
5.427
0
-2.629
1
4.57
1
-2.303
1
-1.816
0
-2.732
1
0.082
0
-0.739
0
7.305
1
2.014
0
-9.582
0
-1.567
1
-4.845
0
3.409
0
4.513
0
6.924
0
2.069
0
0.878
1
-1.516
0
1.281
1
-0.333
0
-3.947
0
6.003
0
0.772
0
0.0650001
0
3.298
0
4.612
0
5.65
0
-1.892
1
-0.00599994
1
-7.766
1
1.222
1
5.447
0
-0.771
0
-49.629
15.836
0
-2.338
0
-5.402
1
2.714
0
1.779
1
-12.192
1
-11.073
0
-3.416
1
-11.246
1
-12.664
1
-1.807
0
-5.204
0
-3.311
1
-3.756
1
-2.36
0
-0.293
0
2.593
0
3.062
1
0.241
1
-3.19
1
-1.182
1
-5.977
0
0.524
0
1.928
1
-1.903
1
-2.783
1
-5.072
0
1.49
1
-6.607
0
-1.99
1
-0.0100001
0
0.162
0
3.496
0
7.778
0
1.659
0
4.029
0
1.299
1
-3.663
1
-1.606
0
-2.413
0
0.794
0
-2.076
1
-6.063
1
4.56
1
-4.79
1
15.836
-106.76
0
-0.425
0
-3.357
0
0.199
0
0.894
0
1.351
0
-4.541
1
-0.558
1
-3.91
1
1.314
0
-0.387
1
-8.203
0
1.634
1
3.085
0
-0.884
1
-1.511
1
-6.422
0
-3.085
1
-0.0410001
1
-0.131
0
-5.669
1
-6.42
1
-3.182
0
0.673
0
-4.886
1
7.608
1
7.663
1
-3.096
1
-3.7
1
-2.926
0
-6.752
0
-3.233
0
-6.478
1
-3.035
1
-6.416
1
0.209
0
1.978
1
-1.144
1
8.787
0
2.782
0
-2.922
0
5.394
1
-1.11
0
-1.869
1
-0.649
0
-106.76
-29.836
0
-7.032
0
-2.254
1
1.053
0
-1.779
1
-2.806
0
3.427
1
-1.863
0
1.39
0
-8.516
0
-2.826
1
-2.801
0
-2.052
0
8.684
0
1.735
0
1.877
1
-3.673
0
-6.586
0
3.196
0
0.662
1
-0.547
0
-0.494
1
2.807
1
-2.396
1
1.547
1
-3.333
1
1.008
1
1.97
0
-5.473
1
1.146
0
-2.106
0
0.724
0
1.541
1
-7.486
0
5.441
1
2.157
1
-5.818
0
4.387
1
-11.207
1
-1.682
0
3.547
1
-3.96
0
-0.639
0
5.366
0
-5.783
0
-29.836
-58.499
0
0.614
0
2.118
0
-1.689
1
-2.393
0
-10.329
0
2.744
0
-1.41
1
-7.086
1
-4.218
0
2.747
1
0.744
0
-4.161
0
0.245
1
2.104
0
0.03
0
-2.291
1
1.86
1
0.9
0
-11.869
1
3.668
1
0.512
0
-0.653
0
4.063
1
0.862
0
-7.856
0
-1.817
1
-4.847
0
-8.154
0
-5.298
0
3.196
0
-0.221
0
-2.149
0
3.055
1
-1.773
1
-3.527
1
-6.618
1
2.559
1
0.336
0
-0.406
0
-2.497
0
-7.098
0
-1.199
1
5.975
0
3.388
0
-58.499
-45.859
1
-2.098
0
-5.736
1
-3.293
0
-1.758
1
10.073
1
-10.678
0
-2.986
0
-2.245
0
6.499
1
0.256
0
2.908
1
-6.398
0
-4.109
1
-4.929
0
-5.205
0
-2.125
0
-9.496
1
8.788
1
2.673
0
-6.365
1
-7.019
1
-3.412
1
-0.662
1
2.159
0
-1.409
1
0.503
1
2.13
1
3.443
0
-1.379
0
-0.908
0
-3.071
0
-6.012
1
3.842
1
2.663
1
0.406
1
1.248
0
2.46
1
1.384
0
8.177
0
-1.168
1
-0.0320001
0
3.574
1
-7.535
0
-7.628
1
-45.859
0.6
0
2.401
0
-2.879
1
0.717
0
-6.13
1
-1.761
1
3.785
0
4.787
0
-0.674
1
0.394
0
-10.522
1
-2.42
1
-1.661
1
-5.316
1
-2.914
0
5.011
0
-6.105
0
3.131
0
2.906
0
-3.781
1
3.388
0
-1.709
0
-1.594
0
-6.749
0
-2.233
0
-3.241
1
3.659
1
-3.45
0
-9.14
1
-3.341
1
-1.46
1
-4.463
0
-0.241
0
0.277
1
0.036
0
2.808
0
-2.988
0
3.568
0
7.727
0
-9.956
1
-1.447
1
3.108
1
-4.3
1
-0.661
1
0.554
0
0.6


-6.841
1
7.908
1
-1.294
0
-3.669
0
-6.712
0
2.471
0
-1.285
1
1.214
0
-6.169
1
-0.219
0
-2.936
1
-8.587
0
-1.723
0
-1.791
1
1.538
1
-5.674
1
-7.215
1
3.582
0
-7.883
1
-3.79
0
-7.291
1
0.0930001
1
0.905
1
3.49
0
0.699
1
1.896
1
-6.03
0
6.296
1
0.599
0
4.922
0
3.76
0
7.981
1
1.318
0
0.78
0
10.748
1
3.584
0
-0.496
1
-3.668
0
1.491
1
2.868
0
-3.193
1
-2.562
0
3.728
0
8.189
1
-4.254
1
-6.841
-34.299
0
-5.22
1
6.448
0
2.872
1
-1.225
1
1.833
0
-3.024
1
0.418
1
2.329
0
-4.513
1
0.416
0
-1.588
1
5.445
0
-2.535
1
9.938
0
-10.566
1
-2.445
1
-3.534
1
1.28
1
-0.289
0
-4.245
1
-3.889
1
-1.878
0
-0.62
0
-3.07
0
-1.452
1
1.749
1
3.34
1
-6.845
0
3.488
0
1.678
0
-1.387
0
-1.178
1
3.187
1
6.307
0
-6.393
0
2.529
1
1.972
1
-8.18
1
-5.624
1
-2.315
0
-1.356
1
-0.112
0
-2.032
0
-1.555
0
-34.299
-58.083
0
-9.453
1
-3.218
0
-5.607
0
-1.973
1
2.136
1
6.132
0
-9.735
1
-3.615
1
-2.964
0
0.494
1
-2.241
0
-1.52
1
2.498
1
-3.335
1
-3.197
1
8.734
0
0.218
0
2.322
0
-1.3
0
6.079
1
4.592
1
0.0220001
0
-2.262
1
1.643
0
-1.13
1
-6.102
1
-0.877
0
6.965
1
2.973
0
-4.883
1
-3.73
0
0.668
1
-4.583
0
2.026
0
1.053
0
5.169
0
-3.187
1
-0.165
0
-5.279
1
-4.161
0
0.406
0
0.0729999
1
1.829
0
1.659
1
-58.083
11.011
1
-3.707
1
-1.382
1
-10.411
1
1.025
0
7.535
0
3.754
0
-2.03
1
-8.23
1
-4.269
1
2.085
1
3.078
1
1.528
0
1.632
1
-10.172
0
2.771
1
0.869
1
2.684
1
-0.294
1
-2.766
1
-1.972
1
1.508
0
-4.28
0
4.822
1
-0.373
1
-1.941
0
3.343
1
-0.234
0
-1.367
0
6.143
0
1.421
1
0.629
0
6.695
0
1.366
1
-8.888
0
0.178
0
-1.669
1
5.551
1
0.062
0
-3.827
0
-8.557
1
-0.686
1
0.53
1
3.057
1
2.98
0
11.011
23.819
1
-4.282
1
7.468
1
-8.234
1
0.37
1
-2.414
0
-1.447
0
-5.194
1
-0.51
0
2.923
0
1.576
0
0.979
1
1.627
1
6.357
1
1.341
1
4.24
0
1.703
0
-0.82
1
-0.505
0
-0.501
0
6.557
0
4.264
0
3.104
0
-8.717
0
-1.104
1
10.47
0
1.496
0
-1.522
0
2.193
0
-1.906
1
0.695
1
-1.727
0
1.716
1
-2.822
1
-4.203
1
-3.605
1
-2.949
0
1.225
0
0.909
1
-4.814
0
-2.64
1
-1.673
1
-0.472
1
3.462
0
2.026
0
23.819
-17.951
1
-0.0599998
0
-2.475
0
-1.193
1
-3.79
1
-0.123
1
-1.626
1
-8.473
0
-10.694
0
-6.589
1
-4.74
1
-3.538
0
-1.052
1
-0.155
0
-2.227
0
-4.167
0
0.967
1
-5.823
1
-1.205
1
-5.648
0
-0.27
0
-5.225
1
-2.618
1
-4.131
0
3.524
1
1.221
0
4.224
1
-4.917
0
4.709
0
-1.238
0
-1.753
1
-0.386
1
-5.892
0
0.79
0
0.0920002
0
-6.305
1
-3.955
0
7.879
0
-3.157
0
-0.339
1
3.69
1
-7.783
1
-1.945
1
5.851
1
-5.215
0
-17.951
-4.389
1
0.955
0
-3.07
0
-5.302
1
0.364
1
-1.105
1
-4.035
0
-4.527
0
-5.519
1
-3.849
1
0.581
1
-1.298
0
5.695
1
-2.168
0
10.614
0
6.212
1
0.238
0
-1.09
1
-4.27
1
-0.262
0
1.325
1
1.044
1
-5.113
0
-0.31
0
6.768
0
-0.466
0
6.969
1
-3.967
1
-3.61
1
-1.358
1
1.833
0
-4.805
0
-1.364
0
4.548
0
0.715
0
-2.505
0
-0.846
1
-2.442
1
-3.18
1
3.319
1
3.576
0
-3.43
1
1.233
0
-0.411
0
-7.094
0
-4.389
-73.221
1
4.576
0
6.645
0
-4.363
0
-2.95
0
4.311
1
3.339
1
-5.981
0
-2.932
0
-3.582
0
5.625
0
0.757
1
-8.163
0
8.82
0
6.29
1
-1.296
0
7.039
1
-1.387
0
-3.677
1
-2.591
0
-3.27
0
1.388
1
-7.456
1
-1.123
0
3.463
0
2.516
0
1.839
1
-3.401
0
-1.949
1
-3.647
0
-1.079
0
-5.225
1
-4.443
0
1.729
0
-8.394
0
1.465
0
-2.673
1
-1.828
0
2.448
0
0.708
1
-3.403
1
0.231
1
5.599
1
-2.502
1
-4.143
1
-73.221
-56.11
1
1.921
0
4.594
0
-5.429
1
0.385
0
-1.394
0
-2.916
1
-3.716
1
2.905
0
-5.886
0
1.607
1
-1.817
0
5.27
1
2.501
0
2.016
1
-4.5
1
4.185
0
-3.471
0
6.886
0
-1.732
1
3.622
0
-2.932
1
3.014
0
6.916
1
-2.478
0
2.649
0
7.603
1
-6.183
1
-0.187
0
-2.29
0
-0.482
1
-9.473
0
-1.875
1
-2.308
0
-1.004
1
-4.159
1
4.282
0
-3.323
0
-2.109
0
-0.0869998
1
1.308
0
-4.093
0
-2.14
0
1.551
1
2.632
1
-56.11
-49.157
1
-1.537
0
3.131
1
3.094
0
-4.894
0
-8.443
0
0.657
0
4.975
1
-3.771
0
0.193
0
-1.873
0
-5.476
1
-3.781
0
-1.795
0
-4.068
1
2.26
1
-5.682
1
-1.521
0
-2.268
1
2.105
1
3.242
1
-0.726
1
6.608
0
-1.919
1
-0.671
0
-7.145
1
3.666
0
-4.234
0
2.459
0
-4.961
0
-0.318
1
1.007
0
-1.015
1
-5.222
1
3.955
0
-5.815
0
-11.076
0
-3.933
0
-2.256
0
-2.631
1
0.112
0
-3.075
0
-1.472
1
1.2
1
0.683
1
-49.157


-4.063
0
-1.425
0
3.553
0
3.884
1
0.463
1
-4.795
0
-5.672
1
-1.983
0
2.426
0
0.716
0
-1.295
1
-1.854
0
-3.33
0
-7.436
0
-3.577
0
-11.264
0
-8.167
0
-6.83
0
-2.738
0
-5.07
0
-4.002
1
0.03
0
1.872
0
1.236
0
0.565
0
1.121
0
1.973
1
0.544
0
-11.799
0
8.692
0
-6.645
0
2.101
1
-0.554
0
-2.693
0
3.391
0
0.022
0
-2.625
0
-0.046
1
1.647
1
0
1
3.719
1
-0.0310001
1
-0.761
0
5.619
0
-14.394
1
-4.063
2.188
0
4.372
0
-4.205
0
-7.673
0
0
0
-1.199
0
-2.258
1
1.308
0
-0.566
0
-0.903
0
-2.07
1
-1.257
1
0.642
0
-9.026
1
-1.318
0
0.0710001
0
1.247
0
-8.541
0
-8.172
0
4.515
0
-1.566
0
-4.686
0
0.538
0
0.872
0
-7.372
0
-3.954
1
-1.56
0
-0.186
0
3.557
0
6.196
0
-5.099
0
-2.115
0
-1.415
1
-0.467
1
0.448
0
-0.367
0
5.384
0
-3.035
0
-1.671
0
-7.565
0
1.32
0
2.474
0
-2.531
0
-2.821
0
-2.369
1
2.188
-1.255
0
-3.706
0
-1.684
1
2.975
0
4.812
1
4.064
1
-4.29
0
-6.001
1
0.108
0
-0.155
0
-3.809
1
-3.971
0
2.214
1
-3.273
0
1.916
0
-4.106
0
-3.344
1
-0.127
0
-1.913
0
3.326
0
3.9
0
-10.899
0
0
0
-0.00399983
0
3.591
0
-2.911
0
1.627
0
2.216
0
-3.636
0
0.872
1
-0.00400019
0
1.521
0
1.188
0
-1.09
0
1.494
0
-4.774
0
-6.237
0
4.492
1
-0.417
0
-0.62
0
-4.041
0
-0.696
0
4.023
0
0.992
1
0
1
-1.255
1.765
0
0
1
-4.611
1
-0.501
0
-1.945
0
1.226
1
4.041
0
-2.227
0
5.804
0
-2.202
0
-4.883
1
-1.399
0
2.648
1
-0.47
1
0.803
0
-0.605
0
-11.82
1
1.465
0
-1.767
0
-4.264
0
1.721
0
-9.129
0
3.603
1
0
0
0.957
0
2.156
0
-9.454
1
-0.225
0
2.331
0
-3.677
0
1.354
0
2.883
0
-2.025
0
-0.69
0
6.665
1
0.768
0
-2.298
0
2.658
0
-0.621
0
-1.213
0
-7.198
0
2.134
0
-10.379
0
-4.269
0
-4.671
0
1.765
