

0
0
0
0
0
0
0
0
0
0
0
0
0
0
0
0
0
0
0
0
0
0
0
0
0
0
0
0
0
0
0
0
0
0
0
0
0
0
0
0
0
0
0
0
0
0
0
0
0
0
0
0
0
0
0
0
0
0
0
0
0
0
0
0
0
0
0
0
0
0
0
0
0
0
0
0
0
0
0
0
0
0
0
0
0
0
0
0
0
0
0
0
0
0
0
0
0
0
0
0
0
0
0
0
0
0
0
0
0
0
0
0
0
0
0
0
0
0
0
0
0
0
0
0
0
0
0
0
0
0
0
0
0
0
0
0
0
0
0
0
0
0
0
0
0
0
0
0
0
0
0
0
0
0
0
0
0
0
0
0
0
0
0
0
0
0
0
0
0
0
0
0
0
0
0
0
0
0
0
0
0
0
0
0
0
0
0
0
0
0
0
0
0
0
0
0
0
0
0
0
0
0
0
0
0
0
0
0
0
0
0
0
0
0
0
0
0
0
0
0
0
0
0
0
0
0
0
0
0
0
0
0
0
0
0
0
0
0
0
0
0
0
0
0
0
0
0
0
0
0
0
0
0
0
0
0
0
0
0
0
0
0
0
0
0
0
0
0
0
0
0
0
0
0
0
0
0
0
0
0
0
0
0
0
0
0
0
0
0
0
0
0
0
0
0
0
0
0
0
0
0
0
0
0
0
0
0
0
0
0
0
0
0
0
0
0
0
0
0
0
0
0
0
0
0
0
0
0
0
0
0
0
0
0
0
0
0
0
0
0
0
0
0
0
0
0
0
0
0
0
0
0
0
0
0
0
0
0
0
0
0
0
0
0
0
0
0
0
0
0
0
0
0
0
0
0
0
0
0
0
0
0
0
0
0
0
0
0
0
0
0
0
0
0
0
0
0
0
0
0
0
0
0
0
0
0
0
0
0
0
0
0
0
0
0
0
0
0
0
0
0
0
0
0
0
0
0
0
0
0
0
0
0
0
0
0
0
0
0
0
0
0
0
0
0
0
0
0
0
0
0
0
0
0
0
0
0
0
0
0
0
0
0
0
0
0
0
0
0
0
0
0
0
0
0
0
0
0
0
0
0
0
0
0
0
0
0
0
0
0
0
0
0
0
0
0
0
0
0
0
0
0
0
0
0
0
0
0
0
0
0
0
0
0
0
0
0
0
0
0
0
0
0
0
0
0
0
0
0
0
0
0
0
0
0
0
0
0
0
0
0
0
0
0
0
0
0
0
0
0
0
0
0
0
0
0
0
0
0
0
0
0
0
0
0
0
0
0
0
0
0
0
0
0
0
0
0
0
0
0
0
0
0
0
0
0
0
0
0
0
0
0
0
0
0
0
0
0
0
0
0
0
0
0
0
0
0
0
0
0
0
0
0
0
0
0
0
0
0
0
0
0
0
0
0
0
0
0
0
0
0
0
0
0
0
0
0
0
0
0
0
0
0
0
0
0
0
0
0
0
0
0
0
0
0
0
0
0
0
0
0
0
0
0
0
0
0
0
0
0
0
0
0
0
0
0
0
0
0
0
0
0
0
0
0
0
0
0
0
0
0
0
0
0
0
0
0
0
0
0
0
0
0
0
0
0
0
0
0
0
0
0
0
0
0
0
0
0
0
0
0
0
0
0
0
0
0
0
0
0
0
0
0
0
0
0
0
0
0
0
0
0
0
0
0
0
0
0
0
0
0
0
0
0
0
0
0
0
0
0
0
0
0
0
0
0
0
0
0
0
0
0
0
0
0
0
0
0
0
0
0
0
0
0
0
0
0
0
0
0
0
0
0
0
0
0
0
0
0
0
0
0
0
0
0
0
0
0
0
0
0
0
0
0
0
0
0
0
0
0
0
0
0
0
0
0
0
0
0
0
0
0
0
0
0
0
0
0
0
0
0
0
0
0
0
0
0
0
0
0
0
0
0
0
0
0
0
0
0
0
0
0
0
0
0
0
0
0
0
0
0
0
0
0
0
0
0
0
0
0
0
0
0
0
0
0
0
0
0
0
0
0
0
0
0
0
0
0
0
0
0
0
0
0
0
0
0
0
0
0


-107.241
0
0.179
0
-4.61
0
-3.939
1
6.952
1
-0.497
0
8.081
0
-10.029
0
-10.302
0
-3.617
1
-0.919
0
9.509
0
2.728
0
-0.181
1
4.163
1
4.945
1
3.044
0
0.774
0
-5.776
0
-2.233
0
10.451
1
-4.598
0
1.722
0
-7.425
1
-8.298
1
0.383
0
5.99
0
-0.633
0
-3.138
1
-4.798
0
2.044
0
0.589
0
2.84
0
-1.404
1
-3.162
1
2.614
1
2.519
1
-9.091
1
-1.218
0
-5.881
1
-11.915
0
-0.434
0
-3.195
0
-5.31
0
-2.426
1
-107.241
-23.415
0
2.698
1
-9.454
0
-11.907
0
1.162
1
-0.401
1
-9.44
1
0.721
0
-3.523
0
10.917
0
0.551
0
-12.198
1
-8.622
0
7.212
1
-8.348
0
4.27
1
-0.594
1
-4.446
0
0.928
0
4.377
1
-1.229
0
-6.078
0
-1.701
1
-2.881
0
-3.632
0
-0.626
0
5.329
1
-4.668
0
-3.265
1
-6.838
1
-0.744
1
1.573
0
2.506
0
1.861
0
-1.365
0
-5.458
0
5.799
1
1.997
1
0.95
1
-3.443
1
-0.185
1
-2.698
0
8.024
1
-10.956
1
8.546
1
-23.415
-11.447
0
-4.614
1
-7.527
1
-7.111
0
4.994
1
-1.93
1
-3.537
0
5.176
0
2.152
0
5.808
1
-0.305
1
-4.399
1
-3.524
0
-2.993
1
0.417
0
-4.269
0
2.357
0
-5.518
0
-6.986
0
-3.585
1
2.751
1
-2.477
1
-10.476
0
-7.969
0
-1.652
0
0.323
0
-6.791
1
10.084
0
2.666
0
0.495
0
1.287
1
8.993
0
2.578
0
-5.732
0
-5.208
1
3.355
0
-1.885
1
2.448
0
6.486
0
-7.446
1
-9.359
0
-3.217
0
-6.352
1
-5.286
0
4.87
1
-11.447
-70.499
0
-9.777
0
-8.56
0
0.661
1
5.895
1
4.137
1
-5.422
1
-2.77
0
0.242
0
8.231
1
-2.146
0
-5.688
0
-6.774
0
4.614
0
1.794
1
-5.98
1
2.85
1
-1.742
1
-3.206
1
10.57
1
4.962
1
-8.957
1
-0.91
1
-1.59
0
-3.63
0
-7.531
1
4.858
0
-0.106
0
-8.044
0
-0.768
1
-5.185
0
0.791
0
-0.247
0
-5.985
1
-2.319
0
-7.288
1
1.922
1
-6.667
1
-0.87
1
-3.117
1
-2.553
1
0.435
1
2.829
1
0.632
1
2.846
0
-70.499
-33.596
0
-3.343
0
-6.531
1
-3.011
1
2.476
1
-1.17
0
-11.945
0
0.422
0
3.517
0
3.321
0
-1.859
0
-9.171
1
3.279
1
-0.572
0
13.201
1
0.268
0
7.167
0
-4.282
0
-3.504
1
0.856
1
-3.752
1
3.93
1
-1.52
1
0.344
0
-2.321
1
-1.25
0
-1.306
0
-6.568
0
-3.727
1
-5.889
1
3.901
0
3.238
0
4.189
1
-2.937
1
-10.037
1
-1.629
1
-7.215
0
-1.666
0
-1.677
0
-1.836
1
3.092
0
-6.432
1
2.74
1
-10.732
1
9.468
1
-33.596
-82.367
0
-3.063
1
-1.538
1
-3.33
0
-8.939
0
1.737
0
-5.661
1
11.513
0
-5.365
0
-1.405
1
-1.534
0
3.11
1
1.677
0
-1.221
0
-3.161
1
9.685
0
-7.041
0
1.139
1
-6.779
0
-4.203
0
7.774
1
3.323
0
0.121
1
-4.331
1
0.297
1
6.582
0
7.205
0
2.237
1
-3.761
0
2.645
0
2.781
0
-2.715
1
-2.47
1
-5.131
1
-1.316
1
7.374
1
-2.838
1
-0.406
0
-3.07
0
2.386
0
-6.014
1
-2.196
1
-8.357
1
0.015
0
-1.16
0
-82.367
21.267
0
-8.742
0
1.017
0
-0.369
0
-0.466
0
-9.619
1
4.628
1
-16.411
1
-3.134
0
-7.769
1
-0.845
0
-4.06
1
0.638
1
11.482
1
2.726
1
-8.714
0
-3.782
1
3.743
1
-1.254
1
-12.707
0
-9.389
0
2.809
1
-0.741
0
-6.365
0
-1.353
0
-6.178
1
6.18
0
2.925
1
11.874
1
3.588
0
-1.416
1
-2.596
0
-2.55
1
-5.504
0
5.252
0
-4.501
1
3.407
0
5.828
0
4.722
1
5.066
0
3.198
1
-5.361
1
3.752
1
-0.238
0
-2.334
0
21.267
-76.571
0
-4.963
0
2.561
0
-7.651
1
4.455
1
-9.159
0
-5.224
1
1.864
0
0.0309998
0
-3.607
1
-8.454
0
-3.146
0
4.327
0
-3.098
0
-6.744
0
-2.454
1
-2.33
1
7.378
0
3.037
0
7.298
1
0.899
0
-7.311
0
3.024
0
3.92
0
2.377
1
1.278
0
-2.689
1
3.124
0
6.095
0
-1.079
1
7.045
0
-6.021
0
1.021
0
-2.116
1
8.789
1
-3.188
1
-8.662
0
-1.462
0
0.606
0
-10.965
1
-4.35
1
1.284
1
-1.61
0
3.668
1
-0.278
0
-76.571
-38.425
1
3.956
1
4.302
1
-11.005
0
1.509
1
-6.593
1
1.244
1
-11.717
0
5.257
1
-4.403
1
-2.989
1
2.694
1
0.264
0
1.308
0
0.984
0
-9.38
1
-1.594
0
-5.421
0
-11.491
1
-1.665
0
0.795
0
-4.223
0
-6.007
1
-3.698
1
-5.866
0
9.196
0
-3.908
1
-7.388
1
-7.789
1
-2.351
0
10.23
1
-3.068
0
-6.421
0
-0.471
0
-0.458
0
1.658
0
10.902
1
-8.844
1
-2.837
1
-4.54
0
0.863
0
1.403
0
-0.280999
0
-0.113
1
0.061
1
-38.425
-26.514
1
3.865
0
3.453
1
4.327
0
-13.183
1
5.331
1
-24.121
0
3.168
1
-0.497
1
0.496
0
-1.568
0
9.258
1
-5.93
0
-1.717
1
3.729
1
2.548
1
-8.997
0
-1.553
1
2.348
1
-7.46
1
-2.564
0
-5.339
1
8.508
0
5.771
1
-0.501
1
-6.324
0
1.535
0
0.0880002
0
1.389
1
-9.736
0
-3.996
0
8.363
1
1.93
0
3.11
0
-6.099
1
-0.565
0
0.902
0
1.433
1
-10.663
1
6.498
0
-7.418
0
-10.756
1
0.621
0
7.328
1
1.407
0
-26.514


-24.348
0
1.516
0
1.873
0
8.267
1
1.434
1
-6.839
1
2.045
1
-3.327
0
-4.872
1
2.395
1
-4.514
1
0.441
0
-1.411
0
0.156
0
-10.243
0
2.216
1
-1.379
1
-3.381
0
2.229
0
1.795
0
-2
0
-12.752
0
0.126
1
9.289
0
-0.826
1
2.092
1
-1.603
0
0.693
1
-4.588
1
-5.909
1
2.625
1
-3.584
1
-5.014
0
-0.452
1
-9.487
1
0.294
1
1.166
0
5.172
0
0.0450001
0
-5.238
0
-1.758
0
-3.464
0
-0.895
0
-2.215
0
-0.563
1
-24.348
-40.414
0
1.209
1
-1.629
1
3.863
0
-8.687
0
14.514
1
2.86
1
-5.235
0
-4.972
0
-1.144
0
0.581
1
-0.944
0
-0.153
0
-4.407
1
-3.933
1
-11.074
0
2.736
1
-7.08
0
-1.742
0
-2.084
1
3.934
0
4.032
0
0.53
0
-1.322
1
1.531
0
-2.798
0
0.628
1
-1.57
1
-2.672
0
-8.543
1
1.034
1
-5.859
1
-1.489
1
-4.29
1
0.0640004
1
6.245
0
-0.932
0
0.933
1
-3.74
1
3.971
1
-0.518
1
4.621
1
-9.94
1
-1.984
1
-4.185
1
-40.414
6.768
0
0.123
1
3.823
0
1.781
1
-2.431
1
0.6
1
-0.00700004
0
2.757
1
-1.686
1
-2.831
0
8.531
1
5.301
0
-4.7
1
5.597
0
0.18
0
0.407
0
-0.319
1
3.39
0
0.142
0
-1.521
0
-0.218
0
3.872
1
0.058
1
-0.798
0
-0.675
0
2.752
1
7.298
0
-0.769
1
3.314
0
-12.946
0
1.214
0
-1.073
1
-3.357
0
-3.672
1
8.945
1
-3.023
0
0.544
0
-0.662
0
2.18
0
-7.078
0
-0.702
0
-0.00800025
0
-3.198
0
1.316
0
-0.449
1
6.768
-46.203
1
-4.217
0
1.55
1
2.061
0
7.266
1
2.403
0
-0.0920001
1
-1.198
1
-11.353
0
-1.659
0
-4.439
0
3.441
0
-4.944
0
4.452
0
-0.487
0
-1.03
0
-0.574
0
-2.873
1
-1.175
1
7.366
1
-1.217
1
-8.764
0
-0.614
0
-9.019
1
6.282
0
5.592
0
4.136
0
2.096
1
-3.615
1
-3.615
0
-3.549
1
4.855
0
-6.555
1
8.019
0
4.289
0
-2.712
1
3.502
0
3.777
0
5.715
0
0.902
1
1.679
0
-6.504
0
-3.198
0
4.48
0
1.121
0
-46.203
-16.616
1
4.77
0
-6.97
0
2.714
1
-0.897
0
-15.421
1
-11.383
0
-4.134
1
-9.164
1
-12.762
1
-3.166
0
-4.375
0
-3.926
1
-2.055
1
-2.831
0
-2.087
0
2.461
0
0.307
0
0.491
0
-6.679
0
-1.297
1
-10.38
1
-1.858
0
4.004
0
2.453
1
-2.714
0
-2.006
0
3.763
1
-6.467
1
-3.226
0
3.65
1
-6.359
1
3.496
1
7.775
1
2.065
0
4.029
1
-0.57
0
-3.053
0
0.453
1
-6.005
1
0.712
0
-4.453
0
-6.256
1
2.485
0
-4.776
1
-16.616
-95.758
1
-3.957
1
-3.531
1
0.234
0
-2.776
1
0.118
0
-3.926
0
-4.879
1
-7.408
1
1.158
1
-2.009
1
-10.279
1
0.152
0
4.513
1
-5.078
0
-2.153
1
-0.1
1
-0.748
1
2.057
1
-1.028
0
-4.861
0
-8.91
1
-3.182
0
-2.382
0
-6.481
0
11.226
1
6.672
1
-3.125
1
-6.13
0
-4.748
1
-3.318
1
-4.733
1
-7.437
1
-4.549
0
-5.072
0
0.209
0
0.541
0
-1.935
0
8.787
1
1.695
1
3.254
1
5.737
1
-1.118
1
-2.293
0
2.78
0
-95.758
-18.511
0
-3.569
1
-1.465
1
-0.0130001
0
-1.779
0
-3.382
1
4.056
1
-6.174
0
2.422
1
-5.296
0
-2.693
1
-8.754
1
-7.912
0
9.226
1
-2.121
1
1.13
1
-6.308
1
-7.686
0
5.622
1
-1.273
0
-0.273
0
3.25
0
2.807
1
-1.185
1
1.547
0
-0.702
0
3.785
0
1.678
1
-6.301
1
2.187
0
-2.873
0
-2.919
1
2.517
0
-5.521
1
5.441
0
-0.0490001
0
-3.11
1
2.506
0
-12.847
1
-3.077
0
0.104
1
-0.618
0
4.169
0
5.341
1
-5.783
1
-18.511
-86.594
0
1.71
1
2.045
0
-6.585
1
-1
0
-11.712
0
4.86
1
0.394
0
-9.304
1
-0.996
1
-0.575
0
0.744
1
-7.956
1
-2.687
0
-1.558
1
-1.92
0
-3.411
1
5.527
1
-1.711
0
-5.394
0
6.646
0
-6.198
0
1.468
0
3.967
1
0.862
0
-6.801
1
-2.654
1
-9.075
0
-8.154
1
-10.618
0
10.326
0
2.318
0
-2.301
1
1.135
1
-2.206
1
0.998
0
-7.191
0
2.559
1
2.622
1
0.873
0
-0.263
1
-9.293
0
-5.141
1
8.008
0
0.726
0
-86.594
-59.408
1
-7.131
0
-2.765
1
-4.74
1
0.699
0
10.945
1
-8.859
1
-4.236
1
-2.116
1
7.678
0
2.041
0
4.204
1
-7.961
1
-7.282
0
-3.829
1
-4.198
0
-2.125
1
-8.97
1
8.48
1
4.316
0
-7.237
1
-4.928
0
-0.395
1
-3.208
1
0.548
0
0.133
1
-1.315
1
2.671
1
3.443
1
-2.116
0
0.243
1
-2.856
1
-7.46
1
-0.312
0
3.531
0
0.406
0
2.807
0
-0.24
1
1.615
1
8.177
0
1.161
1
-2.192
1
3.949
1
-6.53
1
-6.378
0
-59.408
-22.666
0
-2.269
1
-7.001
0
-2.361
1
-6.13
1
-1.926
1
4.074
1
7.912
0
0.348
1
2.507
0
-7.351
0
-2.42
1
-0.941
1
-5.316
1
-2.914
0
3.367
0
-3.602
1
5.519
1
3.241
0
3.009
1
1.268
1
-3.907
1
0.35
1
-6.446
0
-2.766
0
-3.241
0
5.479
0
-2.776
0
-10.022
0
4.531
1
-0.606
1
-4.463
0
0.0759999
1
0.277
0
0.186
1
2.511
1
3.089
0
3.568
0
3.491
1
-16.581
1
-4.888
1
4.345
1
-1.656
0
-2.369
0
4.247
0
-22.666


8.843
0
9.268
0
1.337
0
-11.527
0
-6.194
1
-5.032
1
0.573
0
-0.273
0
-4.888
1
-2.315
0
-7.531
0
-10.606
0
0.00699978
0
-1.791
0
-3.061
0
-5.605
0
-9.552
0
2.041
0
-7.593
1
-9.962
1
-8.726
1
-3.021
1
-2.89
1
5.567
1
0.664
0
4.286
0
-6.03
1
5.864
1
-2.803
0
4.163
0
8.509
1
9.008
1
-0.58
1
-0.792
1
10.561
0
3.584
1
0.816
0
-0.393
0
1.281
0
-1.821
0
-5.319
0
-2.424
1
3.538
1
10.18
1
-8.304
0
8.843
-42.339
0
-2.88
1
5.142
0
7.028
0
-1.225
0
0.714
1
-4.186
1
-0.621
1
3.729
1
-10.712
1
-3.339
1
-1.588
1
4.985
0
-3.152
1
10.087
1
-6.828
0
-1.824
0
-6.331
1
1.447
0
-5.22
0
-9.053
1
-1.469
1
-0.447
1
0.114
0
-1.424
1
-0.529
0
-1.673
1
2.848
0
-8.309
1
5.197
0
3.751
1
0.764
1
-3.47
1
2.635
0
6.735
0
-5.631
0
1.449
1
1.395
0
-8.18
1
-5.626
1
-2.971
0
-0.887
0
-0.971
0
-2.032
0
-2.812
1
-42.339
-56.338
1
-7.281
1
-0.353
0
-7.51
1
-5.959
0
4.96
1
-0.707
1
-7.219
1
-4.611
0
-1.381
1
-3.455
0
-7.759
0
-3.785
0
2.403
1
-5.77
0
-6.959
1
10.986
0
3.329
1
0.726
0
1.445
0
11.439
1
4.592
1
-3.251
1
0.253
0
0.978
1
-0.54
0
-7.084
0
1.281
0
6.965
0
2.01
1
-5.85
1
-2.923
1
-1.274
1
-4.99
0
-3.184
1
-2.75
1
5.169
1
-2.409
1
1.657
1
-2.961
1
-8.294
1
-1.027
1
-1.473
0
-1.121
1
2.883
0
-56.338
17.12
0
-3.187
1
-0.443
0
-3.507
0
-1.983
1
9.12
1
2.71
0
-2.03
1
-10.318
1
-1.434
0
-2.821
0
4.713
0
1.097
1
4.514
0
-9.786
0
3.1
1
1.81
1
1.77
1
-0.875
1
-0.539
1
-3.058
0
1.531
1
-6.143
1
5.578
0
-2.271
1
-1.941
0
0.0670001
0
4.99
1
1.23
1
6.143
1
3.771
1
2.605
0
6.695
1
-0.255
0
-8.974
0
5.05
1
-0.604
0
5.386
1
-1.884
0
2.096
1
-10.307
1
-2.094
0
0.53
1
2.103
0
1.698
1
17.12
24.148
1
-2.026
1
6.743
0
-2.563
0
6.241
0
-1.475
0
-3.876
1
-3.604
0
-0.25
0
2.923
0
-0.658
0
1.295
0
1.728
0
6.357
1
2.474
0
2.035
0
-2.436
0
1.433
1
1.405
0
1.982
1
10.306
0
2.978
0
1.468
1
-6.003
0
0.821
0
9.407
0
0.835
1
2.609
1
-6.593
0
-1.906
0
0.628
1
-0.0940001
0
5.179
0
-7.113
0
-6.871
0
-3.31
0
-3.106
1
1.998
0
1.884
1
-2.591
0
-2.508
1
-0.942
1
-0.853
1
5.495
1
2.026
0
24.148
21.854
1
-3.636
0
-2.508
0
-3.12
0
-1.741
0
-1.881
0
-0.616
0
-12.557
0
-12.582
1
-1.152
1
-4.298
0
2.901
0
0.371
1
-2.089
0
-4.521
1
-4.14
0
-1.504
0
5.371
0
-3.259
1
-3.211
1
-0.963
1
-6.801
1
-6.193
1
-6.613
0
2.702
1
0.988
0
2.662
0
-2.292
1
5.319
0
-2.167
0
-4.179
0
5.931
1
-8.343
0
-1.172
0
5.716
1
-3.165
1
-7.592
0
4.028
0
-0.91
1
1.927
0
3.404
1
-8.227
0
0.447
0
5.851
1
-6.736
0
21.854
-25.489
0
1.658
0
-5.095
1
-5.749
0
0.283
1
-4.802
0
-4.072
0
-4.75
1
-7.089
0
-3.196
0
0.581
0
-1.298
1
6.207
1
-0.611
1
13.409
1
5.722
1
0.0479999
0
1.783
1
-1.067
1
-1.276
1
3.525
0
0.536
1
-5.313
0
-4.346
0
6.895
0
-1.403
1
7.058
1
-6.39
0
-6.608
0
-3.531
0
-0.519
1
-4.805
0
-4.532
1
6.763
0
1.278
0
-1.391
1
-0.276
0
-6.469
1
-5.13
0
1.278
0
3.576
1
-0.37
0
-2.197
1
-2.238
0
-4.383
1
-25.489
-37.978
0
5.555
1
7.701
1
-8.985
1
-1.037
1
0.996
1
5.33
1
-8.506
0
-5.605
1
-3.582
0
3.628
0
0.708
1
-8.163
0
6.443
0
6.067
1
0.893
1
7.668
1
1.088
1
-4.659
1
0.675
0
0.578
1
1.273
1
-5.805
1
0.844
0
4.791
1
3.114
1
2.724
1
-0.749
1
2.57
1
-3.647
1
-1.964
1
-6.002
0
-4.028
1
-0.129
1
-11.113
0
-0.37
0
-0.398
0
-5.063
0
1.528
0
4.745
1
-0.299
1
1.84
0
5.599
0
-7.063
1
-5.669
0
-37.978
-53.455
1
-1.002
1
0.95
0
-10.474
0
0.88
0
-2.673
0
0.573
0
-4.348
1
0.541
1
-1.269
1
2.669
1
-2.215
1
5.409
0
-1.4
1
0.76
1
-4.692
1
7.578
0
0.13
0
6.836
1
-4.555
0
5.231
0
-2.662
0
4.516
0
5.442
0
-3.252
0
3.164
0
10.245
1
-4.381
0
1.503
0
-5.021
0
0.354
1
-8.219
0
-2.781
1
-1.155
1
0.861
0
-4.585
1
0.676
1
0.302
0
-4.448
1
7.442
0
1.552
1
-4.093
1
-6.574
0
5.355
1
5.077
1
-53.455
-54.215
0
-2.87
1
2.473
1
2.225
1
-2.452
0
-11.833
1
0.656
0
0.98
1
-4.552
0
0.193
0
-0.595
0
-7.527
1
-7.607
1
1.238
1
-8.147
0
2.864
0
-0.33
1
2.272
0
-3.527
1
0.515
0
12.247
0
-4.512
0
6.608
1
-10.439
1
-0.671
1
-7.309
1
3.037
0
-7.223
1
6.702
1
-4.853
1
-1.09
0
2.685
0
-2.483
1
-7.83
0
7.35
0
-4.956
1
-11.851
1
-2.43
1
-3.337
1
-8.546
1
0.112
1
-2.817
0
-4.202
1
2.859
0
0.812
1
-54.215


9.837
0
-0.133
0
3.006
0
4.787
1
0.782
1
-2.35
0
-9.317
0
-4.062
0
2.871
1
-0.789
0
-0.0720002
0
0.603
0
-3.895
1
-5.034
1
-2.687
0
-14.52
0
-13.256
0
-6.166
1
-0.76
0
-4.153
0
-7.274
0
5.09
0
4.877
0
-1.845
0
0.565
0
1.031
0
0.06
0
3.098
0
-11.963
1
7.091
0
-3.694
1
3.435
1
-2.517
0
-3.286
1
4.424
0
-0.185
0
-2.894
1
1.943
1
1.7
1
0.255
1
3.719
1
-0.0310001
1
-0.761
0
5.3
0
-12.278
0
9.837
-2.079
0
4.453
0
-4.205
0
-2.677
0
-0.013
0
-2.94
1
-2.53
1
2.322
1
0.075
0
1.072
0
-3.758
1
-1.257
1
0.794
1
-7.639
1
0.497
0
0.242
0
-0.451
0
-7.887
0
-8.711
0
2.468
1
-1.863
0
-4.359
0
-1.722
1
0.872
0
-6.39
0
-2.672
1
-1.56
0
-1.498
0
4.723
0
3.908
0
-5.266
0
-1.485
0
-0.407
0
-2.966
0
1.55
0
-4.484
0
7.147
0
-5.048
1
-0.266
0
-6.253
0
-0.75
0
3.851
0
-2.531
0
-0.19
0
-6.749
1
-2.079
2.534
0
-2.687
1
-3.277
0
2.721
1
6.94
1
4.865
1
-2.361
1
-3.216
0
-6.927
0
4.059
0
-8.57
0
-6.114
1
1.502
1
-5.586
1
-3.631
0
-4.106
0
-1.104
1
3.779
1
-2.661
0
2.724
0
2.041
0
-14.343
1
1.055
0
1.453
0
6.55
1
-0.759
0
1.519
1
1.158
0
-4.697
0
1.663
0
-0.00400019
0
1.3
0
0.814
0
-4.188
1
3.988
0
-8.241
0
-6.123
0
5.29
1
1.351
1
-0.115
0
-2.2
0
-0.299
0
5.74
0
4.566
1
0
0
2.534
-0.374001
0
-4.429
0
-6.29
1
0.504
0
-3.004
1
1.143
1
3.989
0
-4.708
1
9.11
0
-2.145
0
-5.221
0
-1.399
0
2.432
0
4.391
1
0.624
0
-0.812
0
-13.39
1
-2.844
0
-0.798
0
-5.629
0
3.395
0
-11.951
1
1.7
1
0.205
0
0.957
1
2.062
0
-10.01
1
-0.225
0
3.426
0
-4.38
0
3.481
0
3.497
0
-0.686
0
1.366
0
4.377
1
2.935
0
-3.392
0
0.617
0
0.213
0
-3.997
0
-9.36
0
1.09
0
-10.139
0
-4.128
0
-2.541
1
-0.374001
