

0
0
0
0
0
0
0
0
0
0
0
0
0
0
0
0
0
0
0
0
0
0
0
0
0
0
0
0
0
0
0
0
0
0
0
0
0
0
0
0
0
0
0
0
0
0
0
0
0
0
0
0
0
0
0
0
0
0
0
0
0
0
0
0
0
0
0
0
0
0
0
0
0
0
0
0
0
0
0
0
0
0
0
0
0
0
0
0
0
0
0
0
0
0
0
0
0
0
0
0
0
0
0
0
0
0
0
0
0
0
0
0
0
0
0
0
0
0
0
0
0
0
0
0
0
0
0
0
0
0
0
0
0
0
0
0
0
0
0
0
0
0
0
0
0
0
0
0
0
0
0
0
0
0
0
0
0
0
0
0
0
0
0
0
0
0
0
0
0
0
0
0
0
0
0
0
0
0
0
0
0
0
0
0
0
0
0
0
0
0
0
0
0
0
0
0
0
0
0
0
0
0
0
0
0
0
0
0
0
0
0
0
0
0
0
0
0
0
0
0
0
0
0
0
0
0
0
0
0
0
0
0
0
0
0
0
0
0
0
0
0
0
0
0
0
0
0
0
0
0
0
0
0
0
0
0
0
0
0
0
0
0
0
0
0
0
0
0
0
0
0
0
0
0
0
0
0
0
0
0
0
0
0
0
0
0
0
0
0
0
0
0
0
0
0
0
0
0
0
0
0
0
0
0
0
0
0
0
0
0
0
0
0
0
0
0
0
0
0
0
0
0
0
0
0
0
0
0
0
0
0
0
0
0
0
0
0
0
0
0
0
0
0
0
0
0
0
0
0
0
0
0
0
0
0
0
0
0
0
0
0
0
0
0
0
0
0
0
0
0
0
0
0
0
0
0
0
0
0
0
0
0
0
0
0
0
0
0
0
0
0
0
0
0
0
0
0
0
0
0
0
0
0
0
0
0
0
0
0
0
0
0
0
0
0
0
0
0
0
0
0
0
0
0
0
0
0
0
0
0
0
0
0
0
0
0
0
0
0
0
0
0
0
0
0
0
0
0
0
0
0
0
0
0
0
0
0
0
0
0
0
0
0
0
0
0
0
0
0
0
0
0
0
0
0
0
0
0
0
0
0
0
0
0
0
0
0
0
0
0
0
0
0
0
0
0
0
0
0
0
0
0
0
0
0
0
0
0
0
0
0
0
0
0
0
0
0
0
0
0
0
0
0
0
0
0
0
0
0
0
0
0
0
0
0
0
0
0
0
0
0
0
0
0
0
0
0
0
0
0
0
0
0
0
0
0
0
0
0
0
0
0
0
0
0
0
0
0
0
0
0
0
0
0
0
0
0
0
0
0
0
0
0
0
0
0
0
0
0
0
0
0
0
0
0
0
0
0
0
0
0
0
0
0
0
0
0
0
0
0
0
0
0
0
0
0
0
0
0
0
0
0
0
0
0
0
0
0
0
0
0
0
0
0
0
0
0
0
0
0
0
0
0
0
0
0
0
0
0
0
0
0
0
0
0
0
0
0
0
0
0
0
0
0
0
0
0
0
0
0
0
0
0
0
0
0
0
0
0
0
0
0
0
0
0
0
0
0
0
0
0
0
0
0
0
0
0
0
0
0
0
0
0
0
0
0
0
0
0
0
0
0
0
0
0
0
0
0
0
0
0
0
0
0
0
0
0
0
0
0
0
0
0
0
0
0
0
0
0
0
0
0
0
0
0
0
0
0
0
0
0
0
0
0
0
0
0
0
0
0
0
0
0
0
0
0
0
0
0
0
0
0
0
0
0
0
0
0
0
0
0
0
0
0
0
0
0
0
0
0
0
0
0
0
0
0
0
0
0
0
0
0
0
0
0
0
0
0
0
0
0
0
0
0
0
0
0
0
0
0
0
0
0
0
0
0
0
0
0
0
0
0
0
0
0
0
0
0
0
0
0
0
0
0
0
0
0
0
0
0
0
0
0
0
0
0
0
0
0
0
0
0
0
0
0
0
0
0
0
0
0
0
0
0
0
0
0
0
0
0
0
0
0
0
0
0
0
0
0
0
0
0
0
0
0
0
0
0
0
0
0
0
0
0
0
0
0
0
0
0


-0.196
0
-0.805
0
-3.585
0
3.1
1
0
1
-2.386
0
5.879
0
-6.469
0
-1.346
0
1.767
0
-3.264
1
0.362
1
2.346
1
0.0880003
1
-1.178
1
3.588
0
3.625
1
-2.652
1
-2.836
1
-0.0140002
0
2.226
0
-0.0239997
1
-2.258
1
-8.703
0
2.091
1
1.203
1
-5.227
1
-0.833
1
0.711
0
0.895
0
1.811
1
-2.897
1
3.903
0
-2.44
1
-5.102
0
-3.356
1
-2.665
0
-3.069
1
-3.781
0
0.545
1
-4.495
0
-4.289
0
-0.822
1
1.081
1
0.879
1
-0.196
-1.363
0
1.947
0
1.882
1
-1.638
0
0.545
1
0.22
0
-2.321
1
0
0
-7.49
0
-0.852
0
5.869
1
1.204
1
-2.179
0
0.573
0
-5.12
0
-0.355
0
0.854
1
-3.057
0
0.397
0
1.7
1
1.286
0
2.134
1
-0.289
1
-4.872
1
1.911
1
-6.541
0
-9.042
1
6.214
1
4.553
1
0.305
1
-0.111
0
4.07
0
1.045
1
-3.577
0
1.294
1
-4.303
1
-4.211
0
-3.528
1
-9.666
0
2.593
0
-1.11
1
-1.963
1
2.002
0
3.925
0
5.441
1
-1.363
6.948
1
4.319
1
-9.869
1
-20.542
0
2.423
0
0.585
1
-0.991
1
1.661
0
2.908
1
-13.624
1
-11.646
1
0.594
0
0.894
1
-2.427
1
-5.157
1
-6.997
0
-2.619
1
0.656
0
-3.651
1
-2.315
1
5.63
0
0.896
1
2.612
1
-1.028
0
-4.536
0
0.405
1
0.837
0
-0.736
1
-0.89
0
-0.309
1
-1.853
0
-0.842
1
-0.296
0
0.815
0
-3.553
0
1.726
1
2.368
1
-2.824
1
4.158
1
-0.886
1
2.563
0
1.175
1
-1.755
0
4.309
0
1.898
0
6.948
-21.261
0
1.161
1
2.647
1
1.998
1
1.416
0
-5.589
1
-0.996
0
-4.284
0
1.918
0
1.118
1
1.976
1
1.501
0
-2.226
0
1.276
1
-1.843
0
-7.28
0
4.002
1
-6.374
1
-2.801
0
-1.341
1
-0.446
1
0.253
1
-5.054
0
-2.588
1
-1.459
0
-3.36
1
0.693
0
-2.495
1
-5.48
0
-3.947
1
4.445
0
-4.84
0
-1.272
1
-6.327
0
-7.015
1
-1.204
0
-3.137
1
4.756
0
2.133
0
-5.064
1
-1.571
0
-4.85
0
-2.029
1
-4.002
0
0.0609996
0
-21.261
-0.429999
0
0.546
1
8.199
1
0.367
0
0.0149999
0
4.481
1
0.236
0
-2.272
1
-0.344
1
3.062
0
-0.921
1
-2.815
1
-2.293
1
-0.4
1
0.277
1
-1.72
0
1.668
1
-2.561
1
-1.488
0
-6.256
1
3.049
1
-0.816
0
-2.18
1
-2.48
1
-3.383
1
-0.368
1
-0.711
1
3.216
1
2.503
1
-2.305
1
0.081
1
-4.12
0
8.589
0
2.513
0
-2.551
1
-4.422
1
-6.021
0
-9.133
1
-7.124
0
-6.537
0
-1.439
1
-0.812
0
1.359
0
-0.632
0
-4.182
0
-0.429999
-0.557
0
3.197
0
4.897
1
-5.849
1
1.037
0
-1.739
0
-15.007
0
-2.271
1
-2.153
1
-1.781
1
-4.336
0
-2.378
0
-0.537
1
-2.859
1
-0.693
1
6.323
0
1.796
0
0.823
1
-3.128
1
0.977
1
4.628
0
-1.074
1
2.963
0
0.969
0
1.412
1
-0.751
1
2.238
0
1.31
1
-0.746
1
-10.246
1
-1.15
0
0.455
1
0.958
0
-6.042
0
-1.129
0
-1.508
1
8.958
1
1.255
1
0.23
1
-1.475
1
0.734
1
-3.049
1
-1.093
0
-2.571
0
3.79
1
-0.557
-43.158
0
1.904
0
1.618
0
1.519
1
-6.296
1
1.806
0
-6.232
0
2.751
1
-3.613
1
-5.195
1
3.252
1
-1.966
0
1.258
0
-1.577
1
-6.755
1
-0.82
1
-0.098
0
-2.748
1
-1.074
1
1.16
0
-3.058
1
-1.264
1
-4.833
0
-2.483
1
-4.533
1
2.568
0
1.131
1
4.796
0
3.166
0
0.617
1
0.747
1
0.74
1
1.021
0
2.981
0
0.968
0
2.037
0
-5.865
1
0.73
0
1.512
1
2.634
1
-2.786
0
-1.878
1
3.073
0
1.667
0
-5.204
0
-43.158
-63.653
1
-2.211
0
3.286
0
-4.446
1
-0.0919998
0
-1.387
1
0.901
1
0.049
1
-2.854
0
-5.215
1
-3.035
1
-2.977
0
-2.832
1
-2.306
1
-1.113
1
-0.942
0
2.923
1
-4.628
1
0.563
0
2.496
1
-4.919
1
3.57
1
-2.564
1
0.539
0
-0.561
1
7.897
1
-1.002
1
-3.367
0
-4.734
0
-3.315
1
0.955
0
0.791
1
-6.754
0
0.925
0
1.988
0
0.711
1
-4.726
0
2.511
1
-4.636
1
6.656
0
0.812
1
-4.39
1
0.46
1
-0.287
1
-1.814
0
-63.653
-4.357
0
-1.779
0
1.738
1
-1.83
0
-5.325
0
-0.454
0
0.234
1
-4.586
0
-6.241
1
-0.189
1
-3.461
0
-4.733
1
0.075
1
1.128
1
0.0580001
0
-2.717
1
-0.834
1
3.651
0
-1.153
1
7.38
1
-1.656
1
1.081
0
-0.757
0
-2.293
0
0.187999
0
6.352
1
1.282
1
4.777
0
0.229
1
-7.937
0
-6.095
0
-2.662
0
-0.53
1
2.687
0
0.967
1
0.655
0
3.93
0
-4.76
0
-5.848
1
-5.137
0
5.653
0
3.612
1
-3.53
1
0.08
1
-0.549
1
-4.357
-7.111
0
2.505
1
1.636
1
4.437
1
-7.989
0
-6.927
0
-8.621
0
-3.91
1
0.872
0
-4.592
1
9.072
1
-4.841
0
-5.196
0
-2.064
1
5.899
1
-2.112
1
2.676
1
0.353
1
-4.109
0
4.273
1
1.371
1
-3.1
1
-0.798
1
-3.864
1
0.237
1
-1.988
1
-4.904
0
1.352
0
-1.601
1
1.203
1
-3.833
0
-3.523
0
-6.378
1
5.096
1
1.444
0
3.144
0
0.437
1
2.746
0
-10.241
0
0.0920002
0
-0.461
0
-2.292
1
1.187
0
3.437
0
-1.417
0
-7.111


-0.278
0
0
1
-0.158
0
-1.853
0
-2.438
0
0.466
0
-2.912
0
0.062
0
-0.793
1
3.373
0
-2.814
0
3.132
0
1.187
1
1.091
1
-0.145
1
1.139
0
-5.815
1
0
0
-1.202
0
-8.132
1
0
0
4.801
0
-0.0929998
0
-5.002
0
0
0
-5.23
1
3.41
1
-1.598
0
-3.194
0
-2.374
0
1.485
0
0.307
1
-1.265
1
2.231
1
-3.017
0
-0.809
0
-5.165
0
-5.943
1
1.043
0
-1.544
1
-2.707
0
-2.5
1
2.04
0
-1.486
1
-1.588
1
-0.278
-16.529
0
0.315
1
-1.36
1
1.471
0
1.318
0
3.025
1
-0.504
0
-0.349
0
-0.469
1
0.875
0
4.964
1
-2.472
1
4.948
0
-4.721
1
-1.373
0
-1.836
1
-2.323
0
-1.503
1
-2.187
0
-4.062
1
-1.049
1
-1.368
1
-2.863
1
5.227
0
-5.436
0
-2.288
0
6.16
0
3.364
1
-8.214
1
-3.004
0
-5.789
1
-9.119
1
-0.52
0
-1.815
1
-4.095
0
0.8
0
-2.46
1
-2.636
0
2.217
1
-2.532
1
-4.242
1
-0.683
1
1.985
0
4.761
1
0.144
0
-16.529
7.662
1
2.706
1
0.224
0
0.0879999
0
1.21
0
-2.521
0
1.83
1
0.0770001
0
-1.915
1
0.419
1
1.163
0
-1.548
0
-2.624
0
2.319
1
-2.207
0
2.884
1
0
1
-0.126
1
5.239
1
1.431
0
-1.21
0
1.499
0
3.131
0
-2.238
0
-3.447
1
-7.425
0
4.563
1
-0.00800025
0
-3.365
1
2.647
1
3.051
0
0.628
1
-6.092
0
1.706
0
2.545
1
2.939
1
2.325
1
2.986
0
-1.958
1
-1.501
0
-1.241
0
-0.424
1
-2.4
1
-3.428
1
2.352
0
7.662
-13.835
0
2.98
1
2.503
1
-2.151
1
-5.915
1
1.769
0
-6.893
1
4.02
0
-9.838
0
-3.04
0
0.495
1
2.656
1
1.893
1
-0.206
0
-5.416
0
-1.28
0
0.185
1
0.266
1
-0.033
0
-0.152
1
1.722
1
1.575
0
-2.932
1
1.545
1
-7.919
0
3.384
0
2.646
0
0.29
0
-9.547
1
1.37
1
-1.768
0
-2.657
0
-13.014
0
1.744
0
-0.506
0
3.553
0
0.111
0
0.1
0
-0.869
0
2.909
0
-0.296
1
-1.627
0
0.783
1
-0.649
0
-0.63
0
-13.835
-26.247
0
2.789
1
1.243
0
-1.044
0
-0.224
0
-2.062
0
0.0170001
0
-7.209
1
2.279
1
1.23
1
-3.137
0
-1.184
1
-8.726
1
-8.128
0
7.307
0
1.488
1
0.0279996
0
0
0
0.709
1
-1.024
0
1.508
0
-1.27
1
4.208
1
-1.363
1
5.975
1
-3.511
1
-2.279
1
0.00999999
0
-0.489
0
-0.983
0
1.126
1
-6.698
0
0.754
0
-3.323
1
-5.024
0
-3.052
0
-4.457
1
7.846
1
-0.023
1
5.571
0
-3.385
1
-1.698
0
-0.206
1
2.764
1
-2.12
0
-26.247
-4.35
0
6.071
1
0.0599999
1
-3.956
1
3.363
1
-4.436
1
1.308
0
-2.054
1
-6.349
1
-0.553
0
1.995
1
3.841
0
-5.825
1
-2.011
1
0.109
1
0.396
0
2.929
0
0.0630002
1
-0.356
0
-4.726
0
-1.754
0
-1.575
1
-3.562
0
4.09
1
3.523
1
-2.726
1
3.002
1
-5.666
1
-0.606
1
-0.442
1
5.337
1
-3.719
0
-2.996
1
2.226
1
-1.223
0
1.533
1
-1.217
1
-3.089
0
1.156
1
-2.554
1
-1.857
0
1.507
0
-1.454
1
-0.372
0
-2.086
0
-4.35
16.701
0
3.018
1
-2.906
1
4.748
1
3.387
0
4.637
1
0.68
0
1.595
1
1.298
1
-5.386
1
1.814
1
-4.439
1
-6.345
0
0
0
-0.0339999
0
-5.7
0
3.712
1
3.417
1
-0.0819999
1
0.118
0
0.045
0
1.473
1
1.245
1
-0.317
1
0.348
0
-1.361
0
-2.532
0
3.496
0
1.45
1
4.309
0
-6.835
0
0.277
0
-2.006
0
-2.852
0
-6.909
1
-1.399
1
0.507
1
-0.781
0
0.942
0
-4.841
1
1.049
0
0.168
1
-1.717
0
-1.068
0
5.11
0
16.701
4.698
0
-0.326
1
-0.0210001
1
-5.893
0
-7.565
0
2.387
0
-1.27
0
6.246
1
-3.697
1
2.906
0
0.16
1
9.128
1
-0.985
1
-1.739
0
2.36
1
1.462
0
-0.283
1
-1.489
1
0.973
0
-0.852
0
6.039
1
0.414
0
-1.584
0
2.75
1
-4.195
0
-3.128
0
1.414
1
-2.029
0
-4.288
1
2.239
1
-1.167
1
3.466
1
2.393
0
-1.585
1
3.969
0
0.381
0
-0.981
1
-2.437
0
-2.215
0
0.342
1
1.223
1
-4.8
0
-1.042
0
-2.594
1
1.079
1
4.698
-5.115
1
0.416
0
-0.987
1
-1.96
0
-5.901
1
2.179
1
-5.016
0
-3.112
0
-2.184
0
-1.07
0
1.791
1
0.571
1
0.938
1
-1.017
1
4.635
1
0.376
0
2.972
0
-0.0529999
0
-3.023
0
-3.327
1
-1.229
1
-0.887
1
0.849
0
-6.234
1
4.578
0
2.946
0
6.108
1
-1.627
0
1.269
1
3.865
1
-7.945
0
-2.112
0
-1.796
0
-1.547
1
5.523
1
-5.049
0
7.821
0
0.102
1
0.781
1
-0.969
0
2.863
1
-5.05
0
-4.961
1
-2.115
1
-1.46
1
-5.115
-31.82
1
5.069
0
-2.489
0
-1.948
1
-2.738
0
-1.594
1
0.995
1
1.429
1
-1.622
1
-1.18
0
-0.966
0
7.74
0
-4.055
0
-4.468
0
2.811
0
5.531
0
-2.198
1
0.384
0
-1.682
0
2.548
1
0.893
1
-1.439
0
0.989
0
1.367
1
-4.995
0
1.551
1
-1.634
1
2.189
1
1.898
0
1.662
0
1.014
0
-2.041
0
-0.11
0
0.749
0
-1.04
0
2.209
1
-2.375
1
1.557
1
2.358
0
1.499
1
2.904
0
0.335
0
-2.298
0
0
0
2.972
0
-31.82


2.141
1
-11.264
0
-3.292
0
5.167
1
2.438
0
0.985
1
3.555
1
1.529
0
0.969
1
-0.68
0
5.114
0
-0.448
1
-5.253
1
0.218
1
0.726
0
-0.268
0
-0.426
0
-2.591
0
4.652
1
0.2
1
-1.417
0
-4.099
1
-1.177
1
-2.891
0
0.565
0
0.0669999
0
-0.824
1
0.284
1
-1.04
1
-2.827
1
-3.097
1
2.347
1
-2.041
0
-1.187
0
5.838
0
-1.095
0
-3.097
1
2.189
1
2.131
0
4.353
0
-2.235
0
0.0669998
1
-6.956
1
-8.743
0
-2.822
0
2.141
7.621
0
0
0
-1.718
0
2.816
1
0.322
1
-2.628
0
-1.221
0
0.72
0
-3.007
0
0.0319998
0
-5.818
1
-4.044
0
0.386
1
-1.47
1
0.092
1
-0.235
1
-2.478
1
0.725
0
-4.259
1
2.677
1
0.444
0
-4.809
1
-5.983
1
-1.948
1
9.756
1
0.713
0
-2.006
1
-2.832
0
-4.213
0
0.608
1
-1.63
1
0.368
0
-9.87
1
2.834
1
-4.566
0
-3.108
1
5.967
0
-4.981
1
3.913
1
2.432
1
1.977
0
-2.038
1
-0.0170002
1
-2.942
0
-3.357
1
7.621
9.691
1
-9.776
0
0.31
1
-3.404
1
-4.915
0
3.399
1
0.0970001
0
-1.174
1
4.264
0
-2.455
0
0.562
0
2.289
0
-4.165
0
1.096
0
-5.876
0
1.42
0
3.811
1
4.548
1
0.694
1
0.843
0
1.018
0
-3.448
0
0.887
0
-1.964
1
2.438
0
-2.314
1
-3.066
0
-2.805
1
1.424
0
0.0579997
0
-5.582
0
-1.9
0
-1.18
0
-5.427
0
1.044
0
1.664
1
0.567
0
-3.319
1
-0.649
1
-0.256
0
2.878
0
1.138
0
-10.962
0
-0.376
1
-5.388
1
9.691
18.517
1
-0.00300014
1
-0.375
1
-3.476
0
2.254
0
8.597
0
1.416
0
-3.306
0
2.995
1
0.075
1
-0.737
0
-4.479
1
-1.3
1
2.436
1
-3.191
0
0.00699997
0
1.988
0
-1.009
1
-2.176
1
-5.277
0
-0.768
1
-3.047
1
-3.137
0
4.049
0
-0.376
1
-1.755
0
-2.474
1
1.771
1
1.217
1
7.699
0
-2.43
1
-3.131
1
-0.267
1
1.034
0
-0.0759997
1
-1.197
0
-4.574
0
-5.079
1
1.908
0
-1.955
1
-0.391
1
-4.926
1
3.389
1
-0.735
0
1.066
0
18.517
-11.484
0
-3.457
1
8.421
0
1.162
0
-2.73
1
3.425
0
3.497
1
-8.646
0
-0.587
0
-4.867
1
-2.904
1
-3.214
1
2.522
0
0.603
0
-2.2
0
-5.763
0
0.829
1
0.299
1
1.748
1
-2.153
0
4.211
1
-2.479
1
-3.692
0
-1.176
0
-3.887
1
-0.718
1
-5.527
1
0.48
1
1.663
0
4.803
1
2.169
1
-3.408
1
6.456
1
3.826
1
-2.694
1
3.943
1
-0.0989997
0
2.722
0
2.33
1
-0.306
0
0.925
1
1.881
1
-1.35
0
0.793
0
5.771
0
-11.484
-1.574
0
4.333
1
-1.511
0
6.92
0
1.187
0
-3.452
0
5.814
1
0
1
1.381
0
0.0550001
0
-1.718
1
2.245
1
2.776
0
-1.571
0
-4.112
0
3.684
1
-1.252
1
0.845
0
-0.354
0
-3.533
1
2.114
1
1.267
0
-2.935
1
0
0
-2.4
0
-7.221
0
-1.685
1
0
0
-1.989
0
-0.107
0
2.602
1
-1.6
0
-3.107
1
-1.109
0
0.255
0
1.986
1
1.253
0
1.53
1
2.29
0
-1.641
1
-2.064
0
0.159
0
0.635
0
1.673
1
-1.349
1
-1.574
-54.61
0
-1.341
1
0.854
1
0.821
0
-1.547
0
1.47
1
8.156
1
-5.291
1
5.059
0
1.168
0
3.005
0
-6.09
1
-0.761
1
-2.604
1
4.309
0
-2.401
0
4.442
1
1.617
1
0.786
1
9.549
0
-1.417
0
-3.61
0
-6.965
0
1.654
0
-3.099
0
1.296
1
4.178
0
3.216
0
-3.794
0
-0.679
1
5.481
1
-2.5
0
-2.407
0
-6.043
0
2.869
1
0.327
0
2.793
1
-4.543
0
-4.496
1
-4.24
1
0.455
0
0.159
0
2.372
1
1.891
0
-2.171
0
-54.61
0.464999
0
0.069
1
1.282
0
0.542
1
-4.846
0
-4.454
0
-0.427
0
1.433
1
2.649
1
5.875
1
-0.0929999
1
-3.311
0
-0.447
1
-1.21
1
2.33
0
2.924
0
-0.948
0
2.535
1
-0.678
1
8.218
1
-6.819
1
2.907
1
-0.848
1
-4.858
0
-1.324
0
-5.873
0
0.349
0
-4.762
1
-0.878
0
-1.418
1
-8.694
1
0.629
0
10.813
0
7.078
1
1.751
1
3.944
0
0.176
1
2.992
0
-0.761
0
0.765
0
-2.092
0
-0.0389998
0
0.427
1
-1.176
1
-0.234
1
0.464999
-41.716
1
-2.742
1
1.477
1
-5.507
1
-5.702
1
1.007
0
0.518
0
-1.127
0
1.105
1
-0.571
0
1.799
0
0.202
0
-5.048
0
-2.597
0
-0.382
0
0.0010004
1
-2.684
0
-2.554
1
-2.963
1
-3.266
1
-3.865
1
4.6
1
-3.239
1
0.764
1
2.262
0
1.886
0
3.573
1
-4.544
0
-2.749
0
2.81
1
-3.742
1
-2.345
0
2.785
1
3.926
0
4.55
1
-6.869
0
3.55
0
1.269
1
-1.546
1
-4.74
0
3.09
1
3.927
1
2.022
0
-3.974
1
-1.632
0
-41.716
0.222
1
-5.021
0
0.837
0
-1.481
0
-5.233
1
-5.703
1
-4.037
0
-0.93
0
5.914
0
0.22
1
-4.264
1
2.534
1
3.191
1
-5.104
0
-0.82
0
7.793
0
6.697
1
-2.187
0
-1.034
1
-0.188999
1
-3.371
0
-3.654
1
-3.493
1
-5.544
1
-0.893
1
2.165
1
-4.349
0
-4.106
1
3.138
1
4.601
0
-2.374
0
-1.317
1
-5.826
1
3.263
1
2.084
1
-0.396
0
-1.379
1
1.322
0
3.377
0
-4.301
0
-1.52
0
-1.746
0
-6.612
1
1.655
0
-3.099
0
0.222


-2.455
0
4.287
1
0.02
0
-2.616
0
0.767
0
2.226
0
0.623
1
-2.621
1
-0.0179999
0
0
0
-2.805
1
-5.954
1
-5.81
0
-3.425
1
0.882
0
0
0
-4.275
1
0
0
3.212
0
2.831
0
-4.084
0
-0.48
0
0.029
0
1.431
0
0.28
0
5.473
0
-6.765
1
-2.063
0
-0.923
0
3.089
0
-2.978
1
0
0
0.606
0
-2.395
0
-4.021
0
7.788
0
-1.096
0
-4.076
0
1.343
0
-4.745
0
-1.358
0
-1.705
1
-0.00699997
0
-0.547
0
1.696
1
-2.455
-3.327
0
3.749
0
-3.864
0
5.139
0
-6.164
0
-2.357
0
-2.055
0
-1.475
0
0
0
2.463
0
2.365
1
-2.151
0
2.477
0
4.228
0
0.789
0
-3.225
1
-2.189
0
-2.374
0
-0.864
0
-3.537
0
0
0
2.863
0
2.607
1
0.59
0
-0.44
0
-0.287
0
0.698
0
2.849
0
-1.209
0
-2.25
0
5.392
0
-0.154
0
-1.989
0
-1.588
0
-2.157
0
0.405
0
0.0960004
0
-3.286
0
-0.35
0
1.316
0
4.98
0
-1.748
0
-11.566
0
0.61
0
4.044
0
-3.327
0.449001
0
2.89
1
-0.429
0
2.674
1
0
0
0.334
0
-0.383
0
0.0350002
1
2.224
0
0.821
0
5.838
1
5.03
1
-4.967
1
1.412
1
-4.017
0
-0.384
0
-0.459
0
-2.776
0
-1.089
0
2.274
0
-0.131
0
-4.937
0
0.246
0
0
0
1.706
0
-5.216
0
-0.208
0
-6.938
0
-3.167
0
-0.942
0
-5.066
0
4.965
0
1.281
0
0.125
0
-1.007
0
8.872
0
0.412
0
6.026
0
-3.087
0
-5.602
1
-0.0569999
0
-2.733
0
-4.139
0
0.0870001
0
0.747
1
0.449001
1.982
0
-0.68
0
-1.16
0
0.454
1
2.815
0
-6.655
1
0.769
0
0.439
0
0.558
0
1.642
0
1.569
0
7.443
0
-2.171
1
-3.189
1
4.344
1
0
0
-2.003
0
4.574
0
-3.385
1
0.036
0
1.894
0
4.69
0
0.764
0
2.672
1
0.04
1
0.163
0
-2.82
0
-0.347
0
-2.644
0
-0.963
0
-0.162
0
-5.026
0
0.198
1
0
0
-6.486
1
0
0
2.245
0
-2.872
0
2.667
0
-0.148
0
1.992
0
0.538
0
3.396
0
1.994
0
0.273
0
1.982
