

0
0
0
0
0
0
0
0
0
0
0
0
0
0
0
0
0
0
0
0
0
0
0
0
0
0
0
0
0
0
0
0
0
0
0
0
0
0
0
0
0
0
0
0
0
0
0
0
0
0
0
0
0
0
0
0
0
0
0
0
0
0
0
0
0
0
0
0
0
0
0
0
0
0
0
0
0
0
0
0
0
0
0
0
0
0
0
0
0
0
0
0
0
0
0
0
0
0
0
0
0
0
0
0
0
0
0
0
0
0
0
0
0
0
0
0
0
0
0
0
0
0
0
0
0
0
0
0
0
0
0
0
0
0
0
0
0
0
0
0
0
0
0
0
0
0
0
0
0
0
0
0
0
0
0
0
0
0
0
0
0
0
0
0
0
0
0
0
0
0
0
0
0
0
0
0
0
0
0
0
0
0
0
0
0
0
0
0
0
0
0
0
0
0
0
0
0
0
0
0
0
0
0
0
0
0
0
0
0
0
0
0
0
0
0
0
0
0
0
0
0
0
0
0
0
0
0
0
0
0
0
0
0
0
0
0
0
0
0
0
0
0
0
0
0
0
0
0
0
0
0
0
0
0
0
0
0
0
0
0
0
0
0
0
0
0
0
0
0
0
0
0
0
0
0
0
0
0
0
0
0
0
0
0
0
0
0
0
0
0
0
0
0
0
0
0
0
0
0
0
0
0
0
0
0
0
0
0
0
0
0
0
0
0
0
0
0
0
0
0
0
0
0
0
0
0
0
0
0
0
0
0
0
0
0
0
0
0
0
0
0
0
0
0
0
0
0
0
0
0
0
0
0
0
0
0
0
0
0
0
0
0
0
0
0
0
0
0
0
0
0
0
0
0
0
0
0
0
0
0
0
0
0
0
0
0
0
0
0
0
0
0
0
0
0
0
0
0
0
0
0
0
0
0
0
0
0
0
0
0
0
0
0
0
0
0
0
0
0
0
0
0
0
0
0
0
0
0
0
0
0
0
0
0
0
0
0
0
0
0
0
0
0
0
0
0
0
0
0
0
0
0
0
0
0
0
0
0
0
0
0
0
0
0
0
0
0
0
0
0
0
0
0
0
0
0
0
0
0
0
0
0
0
0
0
0
0
0
0
0
0
0
0
0
0
0
0
0
0
0
0
0
0
0
0
0
0
0
0
0
0
0
0
0
0
0
0
0
0
0
0
0
0
0
0
0
0
0
0
0
0
0
0
0
0
0
0
0
0
0
0
0
0
0
0
0
0
0
0
0
0
0
0
0
0
0
0
0
0
0
0
0
0
0
0
0
0
0
0
0
0
0
0
0
0
0
0
0
0
0
0
0
0
0
0
0
0
0
0
0
0
0
0
0
0
0
0
0
0
0
0
0
0
0
0
0
0
0
0
0
0
0
0
0
0
0
0
0
0
0
0
0
0
0
0
0
0
0
0
0
0
0
0
0
0
0
0
0
0
0
0
0
0
0
0
0
0
0
0
0
0
0
0
0
0
0
0
0
0
0
0
0
0
0
0
0
0
0
0
0
0
0
0
0
0
0
0
0
0
0
0
0
0
0
0
0
0
0
0
0
0
0
0
0
0
0
0
0
0
0
0
0
0
0
0
0
0
0
0
0
0
0
0
0
0
0
0
0
0
0
0
0
0
0
0
0
0
0
0
0
0
0
0
0
0
0
0
0
0
0
0
0
0
0
0
0
0
0
0
0
0
0
0
0
0
0
0
0
0
0
0
0
0
0
0
0
0
0
0
0
0
0
0
0
0
0
0
0
0
0
0
0
0
0
0
0
0
0
0
0
0
0
0
0
0
0
0
0
0
0
0
0
0
0
0
0
0
0
0
0
0
0
0
0
0
0
0
0
0
0
0
0
0
0
0
0
0
0
0
0
0
0
0
0
0
0
0
0
0
0
0
0
0
0
0
0
0
0
0
0
0
0
0
0
0
0
0
0
0
0
0
0
0
0
0
0
0
0
0
0
0
0
0
0
0
0
0
0
0
0
0
0
0
0
0
0
0
0
0
0
0
0
0
0
0
0
0
0
0
0
0
0
0
0
0
0
0
0
0
0


-0.196
0
-0.805
0
-3.585
0
3.1
1
0
1
-2.386
0
5.879
0
-8.56
0
-1.346
0
1.767
0
-3.264
1
-1.19
1
1.38
1
0.0880003
1
-1.178
1
2.522
0
3.625
1
-3.788
1
-2.836
0
1.182
0
2.226
1
-0.0239997
1
-1.503
1
-8.703
0
2.091
1
1.203
1
-5.227
1
-0.833
1
0.711
0
0.895
0
1.811
1
-1.022
1
4.229
0
-2.44
1
-5.102
0
-3.356
1
-3.038
0
-3.069
1
-1.993
0
0.545
1
-4.495
0
-4.289
0
-0.822
1
1.081
1
0.879
1
-0.196
-1.363
0
1.006
0
1.882
1
-1.638
0
0.545
1
0.22
0
-2.321
0
-2.415
0
-9.722
0
-3.021
0
5.869
1
3.524
1
-2.179
0
0.573
0
-5.12
0
-0.355
0
0.854
1
-3.057
0
0.397
0
1.7
1
1.286
0
2.134
1
-0.289
1
-4.872
1
1.911
1
-5.761
0
-9.042
1
6.214
0
4.555
1
0.305
0
-0.111
1
4.07
1
1.045
1
-3.577
0
1.294
1
-4.303
1
-4.211
0
-3.528
1
-9.666
0
2.593
0
-1.11
1
-1.963
1
2.002
0
3.925
0
5.441
0
-1.363
6.627
1
4.319
1
-9.869
1
-20.308
0
2.423
0
0.585
1
-0.991
1
1.661
0
2.908
1
-15.221
1
-11.73
1
0.594
1
0.894
1
-2.427
0
-5.157
1
-6.997
0
-3.488
0
0.656
0
-3.651
1
-2.315
1
5.63
0
3.332
1
2.612
1
-1.028
1
-4.536
0
0.405
1
-0.887
1
-0.736
1
-0.89
0
0.211
1
-1.853
0
-0.842
1
-0.296
0
0.815
0
-3.553
0
1.726
1
1.038
1
-1.682
1
1.831
1
-0.886
1
2.563
0
1.175
0
-1.755
1
4.309
0
1.898
1
6.627
-21.261
0
0.116
1
2.647
1
1.998
1
1.416
0
-5.589
1
-0.996
0
-4.284
0
1.918
0
1.118
1
1.976
1
1.501
1
-2.226
0
1.276
1
-1.289
0
-7.28
0
4.002
1
-6.374
1
-2.801
0
-1.341
1
-0.446
0
0.0389996
0
-5.054
0
-2.588
1
-1.459
0
-3.36
1
0.693
0
-2.495
1
-5.48
1
-3.947
1
4.445
0
-6.923
0
-1.272
0
-6.327
0
-7.015
0
-1.204
0
-3.137
0
5.038
0
2.133
1
-5.064
1
-1.571
0
-3.342
0
-2.029
1
-4.002
0
0.0609996
0
-21.261
-0.429999
0
0.546
1
8.199
1
0.367
1
0.0149999
0
4.481
1
0.236
0
-2.272
1
-0.344
1
3.062
0
-0.921
1
-2.815
1
-2.766
0
-1.473
1
0.277
1
-0.316
1
4.037
1
-2.561
1
0.328
0
-6.256
1
3.049
1
-0.816
0
-2.18
1
-2.48
0
-3.383
1
-0.368
1
-0.711
1
3.216
0
2.503
1
-4.796
1
0.081
1
-8.329
0
7.646
0
2.513
0
-2.551
1
-4.422
1
-6.021
0
-9.133
1
-7.124
1
-6.537
0
-1.439
1
-0.812
0
1.359
0
-0.632
1
-4.182
0
-0.429999
-0.136999
0
3.197
0
4.897
1
-7.787
1
1.037
0
-1.739
0
-16.626
0
-2.271
1
-2.446
1
-1.781
1
-4.336
0
-2.378
0
-0.537
1
-2.859
1
-0.693
1
6.323
0
1.796
0
0.823
1
-3.128
1
0.977
1
4.628
0
-1.074
1
2.963
0
0.969
0
-0.682
0
-0.751
1
2.238
0
1.31
1
-0.746
1
-10.246
1
-1.15
0
0.566
1
0.958
0
-6.042
1
-1.129
0
-1.508
1
8.958
1
1.255
1
0.23
1
-1.475
1
0.734
1
-3.049
1
-1.444
0
-2.094
0
5.939
1
-0.136999
-44.118
0
1.904
0
1.382
0
1.375
1
-6.296
1
1.806
0
-6.232
0
2.751
1
-3.613
1
-2.864
1
3.252
1
-1.966
0
1.258
0
-2.79
1
-6.755
1
-0.82
1
-2.485
0
-2.748
1
0.813
1
1.16
1
-3.058
1
-1.264
1
-4.833
0
-2.483
1
-4.533
1
2.568
0
1.131
1
4.796
0
3.166
0
0.617
1
0.747
1
0.74
1
1.021
0
2.981
0
0.968
0
2.037
1
-4.088
1
0.73
0
1.512
1
2.634
1
-2.786
0
-1.878
1
3.073
0
1.154
0
-5.204
0
-44.118
-59.478
1
-2.211
0
3.286
1
-4.446
1
-0.0919998
1
-1.387
1
0.901
1
0.049
1
-4.554
0
-5.215
1
-3.035
0
-2.977
0
-2.832
0
-2.306
1
-1.113
1
-3.357
0
2.923
1
-4.628
1
0.563
0
2.496
1
-4.919
1
3.57
1
-2.564
1
0.539
0
0.601
1
7.897
1
-1.002
0
-3.367
0
-4.734
0
-3.315
1
0.955
0
0.791
1
-6.754
0
0.925
0
1.988
0
0.711
1
-4.726
0
2.511
1
-4.636
1
6.656
0
0.812
1
-6.363
1
0.46
1
1.896
1
-1.814
0
-59.478
-4.357
0
-1.779
0
1.738
1
-1.83
0
-5.325
0
-0.454
0
0.234
1
-4.586
0
-6.241
0
-0.189
1
-3.461
0
-4.733
1
0.075
1
1.128
1
0.0580001
0
-2.717
1
-0.834
1
3.651
1
-1.543
1
7.38
1
-1.656
1
1.081
0
-0.757
0
-2.293
0
0.376999
0
7.187
0
1.282
1
4.777
0
0.229
1
-7.937
0
-6.095
0
-2.662
0
-0.53
1
2.687
0
-0.47
1
-1.282
0
3.93
0
-4.76
0
-5.848
0
-4.262
0
5.653
0
3.612
1
-3.53
1
0.08
1
-0.549
1
-4.357
-7.111
0
2.505
1
1.636
1
4.437
1
-7.989
0
-6.927
0
-8.621
0
-3.91
1
0.872
0
-4.592
1
9.072
1
-4.841
0
-5.196
0
-2.064
1
5.899
1
-2.112
1
2.676
1
0.353
0
-7.128
0
5.003
1
1.371
1
-3.022
1
-2.469
1
-3.864
0
0.237
1
-1.988
1
-4.904
0
1.352
0
-1.601
1
1.203
1
-4.628
0
-3.523
0
-7.971
1
5.096
1
1.444
0
3.144
0
0.437
1
2.746
0
-10.241
0
0.00600028
0
-0.461
0
-2.292
1
1.187
1
2.036
0
-1.417
0
-7.111


-0.278
0
0
1
-0.158
0
-4.209
0
-2.438
0
0.466
0
-2.912
0
2.017
0
-0.793
1
3.373
0
-2.814
0
3.132
0
0.775
1
1.091
1
-0.88
1
1.139
0
-5.815
1
0
0
-1.202
0
-8.132
0
0
0
4.801
0
-0.0929998
0
-5.002
0
0
0
-5.23
1
3.41
0
-0.945
1
-1.177
0
-2.374
0
1.485
0
0.307
1
-1.265
1
3.548
1
-3.017
0
-0.809
0
-5.165
0
-5.943
1
1.043
0
-1.544
1
-2.707
0
-2.5
1
2.04
0
-1.486
1
-1.588
1
-0.278
-23.798
0
0.315
1
-1.36
1
1.471
0
1.318
0
3.025
1
-0.504
0
-0.349
0
-0.469
1
0.875
0
4.964
1
-2.472
1
4.948
0
-4.721
1
-1.373
0
-1.836
1
-2.323
1
-1.503
1
-2.187
0
-4.062
1
-1.049
1
-1.368
1
-2.715
1
5.227
0
-3.475
0
-2.288
0
6.16
0
3.364
1
-8.932
1
-3.004
0
-5.789
1
-9.119
1
-0.52
0
-1.815
1
-4.095
0
0.8
0
-2.46
1
-2.636
0
2.217
1
-2.532
1
-5.056
1
-0.683
0
1.985
1
4.761
1
0.144
1
-23.798
7.661
1
2.706
1
0.224
0
-1.726
0
1.21
0
-2.521
0
1.83
1
0.0770001
0
-2.238
1
0.419
1
1.163
0
-1.548
0
-2.624
1
2.319
1
-2.207
0
2.884
1
0
1
-0.126
1
5.239
1
1.431
0
-2.27
0
1.499
0
3.131
0
-3.59
0
-3.447
1
-7.425
0
4.563
1
-0.00800025
0
-3.365
1
2.647
1
3.051
0
0.628
1
-6.063
0
1.706
0
2.545
1
2.939
1
3.837
0
2.986
0
-1.958
1
-1.501
0
-1.241
0
-0.424
1
-2.4
0
-3.428
1
2.352
0
7.661
-5.426
0
2.98
1
2.503
1
-2.151
1
-4.549
1
-0.651
0
-6.576
1
2.932
0
-9.838
0
-3.04
0
0.495
1
2.656
1
1.893
1
-0.206
0
-5.416
0
-1.28
1
1.148
1
1.315
1
0.0510001
0
-0.152
1
1.722
0
2.977
0
-2.932
1
0.87
1
-7.919
0
2.337
1
0.835
0
0.29
0
-9.547
1
1.37
1
-1.768
0
-2.657
0
-13.014
0
1.744
0
1.459
0
3.553
0
0.111
0
1.688
0
-1.81
0
2.909
0
-0.296
1
-1.627
0
0.783
0
-0.649
0
-0.63
0
-5.426
-24.36
0
2.789
0
0.131
0
-1.044
0
-0.224
0
-2.062
0
0.0170001
0
-8.526
1
2.279
1
1.23
1
-3.137
0
-1.184
1
-8.726
1
-8.128
0
7.307
0
1.488
1
0.0279996
0
0
0
0.419
1
-1.024
0
1.508
0
-1.27
0
4.208
1
-1.363
1
5.975
1
-4.229
0
-2.279
1
0.00999999
0
-0.489
0
-0.983
0
1.126
1
-6.698
0
0.754
0
-3.227
1
-5.024
0
-3.052
0
-5.224
0
7.846
1
-0.023
1
5.571
0
-3.385
1
-1.698
0
-0.206
1
2.764
1
-2.12
0
-24.36
-4.655
0
6.071
1
0.0599999
1
-3.956
1
3.363
1
-4.436
1
1.009
0
-2.054
1
-6.349
1
-2.244
0
1.995
1
3.841
0
-5.825
1
-2.743
0
0.109
1
0.396
0
2.929
0
0.0630002
1
-0.356
1
-4.726
0
-1.754
0
0.502
1
-3.562
0
3.106
1
3.523
1
-2.726
1
3.002
0
-5.666
0
-0.606
1
-0.442
1
5.337
1
-3.719
0
-2.996
1
2.226
1
-1.223
0
1.533
1
-1.217
1
-3.089
0
1.156
1
-2.554
1
-1.857
0
1.507
0
-1.454
1
-0.372
0
-2.086
1
-4.655
10.225
0
3.018
1
-2.906
0
4.748
1
3.387
0
4.637
1
0.775
0
1.595
1
1.298
1
-3.785
1
4.269
1
-2.589
0
-6.345
0
0
0
-0.0339999
0
-5.7
0
3.712
1
3.417
1
-0.0819999
1
0.118
1
0.045
0
1.473
1
1.245
1
0.0509999
1
1.694
0
-1.361
0
-2.532
1
3.496
0
1.45
1
4.309
0
-6.835
0
0.277
1
-2.006
0
-2.852
0
-6.909
1
-1.399
1
0.507
1
-0.781
0
2.237
0
-4.841
1
1.049
0
0.168
1
-1.717
0
-1.068
0
5.11
0
10.225
0.278999
0
-0.326
1
-0.0210001
1
-5.893
0
-7.565
0
2.387
0
-1.27
0
6.246
1
-3.697
1
2.906
0
0.16
1
9.128
1
-0.985
1
-1.739
0
2.36
1
1.462
0
-0.283
1
-1.489
1
0.973
0
-1.574
0
6.039
1
1.495
1
-1.584
0
2.75
1
-4.195
0
-3.128
0
1.706
1
-2.029
0
-4.288
0
2.239
1
-1.167
1
2.082
1
2.393
0
-3.592
1
3.969
0
0.381
0
-0.981
1
-2.437
0
-2.215
1
0.342
1
1.223
1
-4.8
0
-1.042
0
-2.544
1
1.079
1
0.278999
2.002
1
0.416
0
-0.987
1
-1.96
0
-5.901
1
2.179
1
-5.016
0
-1.097
1
-2.184
0
-1.07
0
1.791
1
0.571
1
3.087
1
-1.017
0
3.409
1
2.32
0
4.597
0
-0.0529999
0
-3.023
0
-3.327
1
-1.229
1
-0.887
1
0.849
0
-6.234
1
4.578
0
2.946
0
6.108
1
-1.627
0
1.696
1
3.865
1
-7.945
0
-2.112
0
-1.796
0
-1.547
1
5.523
1
-5.049
0
7.821
0
0.102
1
3.239
1
-0.969
1
2.863
1
-5.05
0
-4.961
1
-2.115
1
-1.46
1
2.002
-33.996
1
3.638
0
-2.489
0
-1.948
1
-2.738
0
-1.594
1
0.995
0
1.429
1
-2.227
1
-1.692
0
-0.966
0
7.74
0
-4.055
0
-4.468
0
3.217
0
5.531
0
-2.198
1
0.384
0
-4.076
0
1.82
1
0.893
1
-1.439
0
0.989
0
1.367
1
-4.995
0
1.551
1
-1.887
1
2.662
1
1.898
0
1.662
0
1.014
0
-0.23
0
-0.11
0
0.749
0
-1.04
0
2.209
1
-2.375
1
1.557
1
2.358
0
2.031
1
2.904
0
0.335
0
-2.827
0
0
0
2.972
1
-33.996


2.697
1
-10.429
0
-3.292
0
5.167
1
2.438
0
0.985
1
3.555
0
1.529
0
0.969
1
0.00299978
0
5.114
0
-0.448
1
-5.253
1
0.218
1
0.726
0
-1.699
0
-0.426
0
-4.394
0
4.652
0
0.49
1
-1.417
0
-4.605
1
-1.177
1
-2.891
0
0.565
0
0.0669999
0
-0.824
1
0.284
1
-1.832
1
-2.308
1
-3.097
1
2.347
1
0.379
0
-1.187
1
5.838
0
-1.095
0
-3.097
0
2.189
1
2.131
1
4.353
0
-2.235
0
0.0669998
0
-6.956
0
-8.743
0
-2.822
0
2.697
4.396
0
0
0
-1.718
0
2.155
1
0.322
1
-2.628
1
-1.221
0
2.612
0
-3.007
0
-2.072
0
-5.818
1
-4.044
0
0.386
1
-1.47
1
0.092
1
1.814
1
-2.478
1
0.725
0
-4.259
1
2.677
1
0.444
1
-4.809
1
-5.983
1
-3.873
1
9.756
1
0.713
0
-2.006
1
-2.832
0
-4.213
0
0.608
1
-1.63
1
0.368
0
-9.87
1
2.834
1
-4.566
0
-3.108
0
5.227
0
-4.981
1
1.527
1
2.432
1
1.977
0
-2.038
1
-0.0170002
1
-2.942
0
-3.357
1
4.396
14.492
0
-12.22
0
0.31
1
-3.404
1
-4.915
0
3.399
1
0.0970001
0
-1.174
1
4.264
0
-2.455
1
0.562
0
2.289
0
-4.165
0
1.113
0
-4.257
0
1.42
0
3.811
1
4.548
1
0.694
1
0.843
0
1.018
0
-1.787
0
0.887
0
-4.272
1
2.438
0
-2.314
0
-3.066
0
-2.805
1
1.424
0
0.0579997
0
-5.582
0
-1.9
0
-1.18
0
-5.427
1
1.044
0
0.209
1
0.567
0
-3.319
1
-2.746
1
-0.256
0
2.878
0
1.138
0
-10.962
0
-0.376
1
-5.388
1
14.492
17.2
1
-0.00300014
1
-0.375
1
-3.476
0
1.592
0
8.597
1
1.416
0
-3.306
0
2.995
0
0.075
1
-0.737
0
-3.073
1
-1.3
1
2.436
1
-3.191
0
-2.443
0
1.988
0
-1.009
1
-2.176
1
-5.277
0
-0.768
1
-3.047
1
-3.137
0
4.049
0
-0.376
1
-1.755
0
-4.225
1
1.771
0
2.024
1
7.24
0
-3.912
1
-3.131
1
-0.267
1
1.034
1
-1.631
1
-1.197
0
-4.574
0
-3.981
1
1.908
1
-2.245
1
-0.621
1
-3.578
1
3.389
1
-0.735
0
1.066
0
17.2
-13.568
0
-3.457
0
8.421
0
1.162
0
-2.73
1
5.79
0
3.497
1
-8.646
0
-0.55
0
-4.867
1
-2.904
1
-3.214
0
2.522
0
0.603
0
-3.263
0
-5.763
0
-1.446
0
0.299
1
1.748
1
-2.153
0
4.211
1
-2.479
1
-3.692
0
-2.011
0
-3.887
1
-0.718
1
-5.527
1
0.48
0
0.0399998
0
4.803
1
2.169
1
-0.922
1
6.456
1
3.826
1
-2.694
1
3.943
1
-0.0989997
0
2.722
0
2.561
1
-0.306
1
0.925
0
1.881
1
-0.593
0
0.793
0
5.771
0
-13.568
-0.401
0
4.333
1
-1.511
0
6.92
0
1.187
0
-5.008
0
5.814
1
0
1
2.242
0
0.0550001
0
-4.099
0
2.683
1
2.776
0
-1.571
0
-4.112
0
3.684
1
-1.252
1
0.845
0
1.966
0
-3.533
1
2.114
0
1.267
0
-2.935
1
0
0
-2.4
0
-8.023
0
-1.685
1
0
0
-1.989
0
-0.107
0
1.035
1
-1.6
0
-3.107
1
-2.246
0
0.255
0
1.986
1
1.253
0
1.53
1
2.29
0
-1.641
1
-2.064
0
0.159
0
0.635
0
1.673
1
1.112
1
-0.401
-62.589
1
-1.341
1
0.854
0
0.821
0
0.925
0
1.47
1
8.156
0
-5.291
1
5.059
1
3.395
0
3.005
0
-6.09
1
-3.212
1
-2.604
1
4.309
0
-2.401
0
5.92
1
1.617
1
0.786
1
9.549
0
-1.417
0
-3.61
0
-6.965
0
1.654
0
-1.556
0
1.296
1
4.178
1
3.216
0
-3.794
0
-0.679
1
5.481
1
-2.5
0
-2.407
1
-6.043
0
2.869
1
-0.874
0
3.465
1
-5.629
0
-4.496
1
-4.24
1
0.455
0
0.159
0
2.372
1
1.891
0
-0.976
0
-62.589
0.180999
0
0.069
1
0.712
0
0.542
1
-6.78
0
-4.454
0
-0.427
0
1.433
1
4.876
1
9.77
1
-0.0929999
0
-3.311
0
-0.447
0
1.225
1
1.756
0
2.924
0
-0.948
0
2.535
1
-0.678
1
8.753
1
-6.819
1
2.907
1
-0.848
1
-4.858
0
-1.324
0
-5.873
0
-1.155
0
-4.762
1
-3.336
0
-1.418
1
-8.694
1
1.285
0
10.813
0
7.078
1
1.751
0
3.944
0
-1.408
1
2.992
0
-0.761
1
0.765
0
-2.092
1
-0.0389998
0
0.427
1
0.491
1
-0.234
1
0.180999
-41.389
1
-2.773
1
2.11
0
-5.983
1
-5.702
1
1.007
0
0.518
0
-1.127
0
1.105
1
-0.571
0
1.799
0
0.202
0
-5.048
0
-2.597
1
-0.382
0
0.0010004
1
-2.684
0
-2.554
0
-2.963
0
-3.266
1
-4.426
1
4.6
1
-3.239
1
-0.0999998
1
2.262
0
1.886
0
3.573
1
-4.544
0
-2.749
0
2.81
1
-3.742
1
-2.345
0
2.785
1
3.926
0
4.55
1
-6.869
0
3.55
0
1.269
1
-1.546
1
-4.74
0
3.09
0
1.479
1
2.022
1
-3.974
0
-1.632
0
-41.389
1.057
1
-5.021
0
-1.08
0
-1.481
0
-5.233
1
-5.703
1
-4.037
0
0.515
0
5.914
0
1.785
1
-2.717
1
2.534
1
3.191
1
-5.104
0
-1.634
0
7.103
0
6.697
1
-2.187
0
-1.034
1
-0.188999
1
-3.371
0
-3.654
1
-3.493
1
-7.841
1
-0.893
1
2.165
1
-4.731
1
-4.106
1
3.138
1
4.601
0
-2.374
0
-1.317
1
-5.826
1
5.173
1
0.0419998
1
-1.522
0
-1.379
1
1.322
0
3.377
0
-4.301
0
-1.52
0
-1.746
0
-6.612
1
-0.604
0
-3.099
0
1.057


-2.455
0
5.206
1
0.02
0
-2.616
0
2.993
0
2.226
0
0.623
1
-2.621
1
-0.0179999
0
0
0
-2.805
1
-5.954
0
-5.81
0
-3.425
1
0.882
0
0
0
-4.275
1
0
0
3.212
0
2.831
0
-5.136
0
-2.403
0
-0.685
0
1.431
0
0.28
0
5.473
0
-6.765
1
-2.063
0
-0.923
0
3.089
0
-2.978
1
0
0
0.606
0
-2.395
0
-4.021
0
7.788
0
-1.096
0
-4.076
0
1.343
0
-4.745
0
-1.358
0
-1.705
1
-0.00699997
0
-0.547
0
-0.435
1
-2.455
-3.327
0
5.44
0
-3.864
0
5.139
0
-6.164
0
-2.357
0
-2.055
0
-1.475
0
0
0
1.115
0
2.365
1
-2.151
1
2.477
0
4.228
0
0.789
0
-3.225
1
-2.189
0
-2.631
0
-0.864
0
-3.537
0
0
0
2.863
0
2.607
1
0.59
0
-0.44
0
-0.287
0
0.698
0
2.849
0
-1.209
0
-2.25
0
3.405
0
3.106
0
-1.989
0
-1.588
0
-3.105
0
-0.708
0
0.0960004
0
-3.286
0
-0.35
0
1.316
0
6.442
0
-1.748
0
-11.566
0
0.61
0
4.044
0
-3.327
0.449001
0
2.926
1
-0.429
0
2.674
0
0
0
0.334
0
-0.383
0
0.0350002
1
2.224
0
3.196
0
5.838
1
5.03
1
-4.967
1
1.412
1
-4.017
0
-0.384
0
-0.459
0
-2.776
0
-1.089
0
2.274
0
-0.504
0
-4.937
0
0.246
0
0
0
1.706
0
-5.216
0
-0.208
0
-6.938
0
-3.167
0
-0.942
0
-4.515
0
4.965
0
-0.0990003
0
0.609
0
-1.007
0
8.872
0
0.412
0
3.857
0
-3.087
0
-5.602
1
-0.0569999
0
-2.733
0
-4.139
0
0.0870001
0
0.747
1
0.449001
1.982
0
-2.794
0
-1.16
0
0.454
1
2.815
0
-8.78
1
0.769
0
0.439
0
0.558
0
1.642
0
1.569
1
4.97
0
-2.171
1
-3.189
0
6.339
1
0
0
-2.003
0
4.574
0
-3.385
1
0.036
0
0.193
0
4.69
0
0.764
0
2.672
1
0.04
1
0.163
0
-2.82
0
-0.347
0
-2.644
0
-0.963
0
-0.162
0
-5.026
0
-0.855
1
0
0
-4.25
1
0
0
2.245
0
-2.872
0
2.667
0
0.593
0
1.992
0
0.538
0
3.396
0
1.994
0
0.273
0
1.982
