

0
0
0
0
0
0
0
0
0
0
0
0
0
0
0
0
0
0
0
0
0
0
0
0
0
0
0
0
0
0
0
0
0
0
0
0
0
0
0
0
0
0
0
0
0
0
0
0
0
0
0
0
0
0
0
0
0
0
0
0
0
0
0
0
0
0
0
0
0
0
0
0
0
0
0
0
0
0
0
0
0
0
0
0
0
0
0
0
0
0
0
0
0
0
0
0
0
0
0
0
0
0
0
0
0
0
0
0
0
0
0
0
0
0
0
0
0
0
0
0
0
0
0
0
0
0
0
0
0
0
0
0
0
0
0
0
0
0
0
0
0
0
0
0
0
0
0
0
0
0
0
0
0
0
0
0
0
0
0
0
0
0
0
0
0
0
0
0
0
0
0
0
0
0
0
0
0
0
0
0
0
0
0
0
0
0
0
0
0
0
0
0
0
0
0
0
0
0
0
0
0
0
0
0
0
0
0
0
0
0
0
0
0
0
0
0
0
0
0
0
0
0
0
0
0
0
0
0
0
0
0
0
0
0
0
0
0
0
0
0
0
0
0
0
0
0
0
0
0
0
0
0
0
0
0
0
0
0
0
0
0
0
0
0
0
0
0
0
0
0
0
0
0
0
0
0
0
0
0
0
0
0
0
0
0
0
0
0
0
0
0
0
0
0
0
0
0
0
0
0
0
0
0
0
0
0
0
0
0
0
0
0
0
0
0
0
0
0
0
0
0
0
0
0
0
0
0
0
0
0
0
0
0
0
0
0
0
0
0
0
0
0
0
0
0
0
0
0
0
0
0
0
0
0
0
0
0
0
0
0
0
0
0
0
0
0
0
0
0
0
0
0
0
0
0
0
0
0
0
0
0
0
0
0
0
0
0
0
0
0
0
0
0
0
0
0
0
0
0
0
0
0
0
0
0
0
0
0
0
0
0
0
0
0
0
0
0
0
0
0
0
0
0
0
0
0
0
0
0
0
0
0
0
0
0
0
0
0
0
0
0
0
0
0
0
0
0
0
0
0
0
0
0
0
0
0
0
0
0
0
0
0
0
0
0
0
0
0
0
0
0
0
0
0
0
0
0
0
0
0
0
0
0
0
0
0
0
0
0
0
0
0
0
0
0
0
0
0
0
0
0
0
0
0
0
0
0
0
0
0
0
0
0
0
0
0
0
0
0
0
0
0
0
0
0
0
0
0
0
0
0
0
0
0
0
0
0
0
0
0
0
0
0
0
0
0
0
0
0
0
0
0
0
0
0
0
0
0
0
0
0
0
0
0
0
0
0
0
0
0
0
0
0
0
0
0
0
0
0
0
0
0
0
0
0
0
0
0
0
0
0
0
0
0
0
0
0
0
0
0
0
0
0
0
0
0
0
0
0
0
0
0
0
0
0
0
0
0
0
0
0
0
0
0
0
0
0
0
0
0
0
0
0
0
0
0
0
0
0
0
0
0
0
0
0
0
0
0
0
0
0
0
0
0
0
0
0
0
0
0
0
0
0
0
0
0
0
0
0
0
0
0
0
0
0
0
0
0
0
0
0
0
0
0
0
0
0
0
0
0
0
0
0
0
0
0
0
0
0
0
0
0
0
0
0
0
0
0
0
0
0
0
0
0
0
0
0
0
0
0
0
0
0
0
0
0
0
0
0
0
0
0
0
0
0
0
0
0
0
0
0
0
0
0
0
0
0
0
0
0
0
0
0
0
0
0
0
0
0
0
0
0
0
0
0
0
0
0
0
0
0
0
0
0
0
0
0
0
0
0
0
0
0
0
0
0
0
0
0
0
0
0
0
0
0
0
0
0
0
0
0
0
0
0
0
0
0
0
0
0
0
0
0
0
0
0
0
0
0
0
0
0
0
0
0
0
0
0
0
0
0
0
0
0
0
0
0
0
0
0
0
0
0
0
0
0
0
0
0
0
0
0
0
0
0
0
0
0
0
0
0
0
0
0
0
0
0
0
0
0
0
0
0
0
0
0
0
0
0
0
0
0
0
0
0
0
0
0
0
0
0
0
0
0
0
0
0
0
0
0
0
0
0
0
0
0
0
0
0
0


-0.196
0
1.212
0
-4.697
0
1.63
1
0
1
-2.404
0
5.879
0
-8.56
0
-1.346
0
-0.392999
0
-3.264
0
-0.223
1
0.61
1
-2.236
1
-0.951
1
0.462001
1
2.972
1
-4.599
1
-4.312
0
1.806
0
2.099
1
1.875
1
0.751
1
-9.819
0
1.778
0
2.768
0
-8.467
0
0.0780001
1
1.205
0
-0.632
0
-0.0059998
1
-2.131
0
6.118
0
-6.235
0
-7.509
0
-1.599
1
-7.145
0
-3.177
1
-3.254
1
-2.728
1
-4.983
0
-2.639
0
2.773
0
-0.429
1
3.282
0
-0.196
-1.365
0
-1.154
0
-0.314
1
-1.638
0
-1.914
1
0.22
0
-4.56
0
-4.585
0
-10.929
0
-3.933
0
10.775
0
2.336
0
-3.551
0
1.722
0
-4.345
1
-4.329
1
-1.759
1
-1.293
0
0.744
1
5.919
1
1.164
1
2.332
0
1.473
1
-5.454
0
2.165
0
-5.487
1
-15.131
1
8.85
0
2.799
1
0.305
0
-3.028
1
3.865
1
-0.243
0
-6.632
0
0.488
0
-3.344
0
-5.816
0
-1.74
0
-10.477
1
2.705
0
-1.047
1
-1.069
0
1.147
1
3.925
1
2.89
1
-1.365
13.071
1
6.045
0
-29.142
1
-17.895
1
2.782
0
-1.538
0
-0.991
1
1.596
0
2.908
1
-38.264
1
-29.635
0
0.656
1
0.641
0
-0.00699997
1
-3.59
1
-6.997
0
-3.698
1
2.976
0
-4.902
1
6.56
0
7.791
0
4.727
1
5.24
0
-1.028
1
-9.209
0
2.827
0
-3.311
1
-0.963
0
-0.192
0
0.57
1
-1.139
1
1.264
1
-2.304
1
0.815
1
-1.293
1
2.22
1
3.315
1
1.785
0
3.689
0
-1.175
0
2.563
0
0.614
0
-1.755
1
5.588
1
4.806
1
13.071
-20.661
1
0.0849999
1
2.647
1
1.998
1
1.379
0
-7.828
1
-0.996
0
-2.6
0
0.448
0
0.851
1
1.976
1
-3.083
0
-1.84
0
-0.755
0
-3.311
0
-5.042
0
-0.501
1
-7.776
1
-3.708
0
-3.117
1
-0.446
0
-0.535
1
-5.069
1
-0.464
0
-1.719
0
-6.793
0
1.287
0
0.0879997
0
-1.451
0
-4.413
1
2.149
0
-3.318
1
-1.942
1
-3.725
1
-7.733
1
0.929
0
-3.137
1
6.11
0
-0.331
0
-4.832
1
-0.912
1
-5.561
1
-6.219
1
-4.002
0
-0.488001
0
-20.661
-0.471999
0
2.535
1
8.775
1
0.367
1
0.0149999
0
4.811
1
0.26
0
-1.037
1
-0.344
1
3.316
0
-2.088
1
-4.137
0
-2.333
0
5.795
1
-0.477
0
1.789
0
4.653
1
-1.775
1
0.191
0
-8.824
0
-0.313
1
2.327
1
-3.593
0
-1.541
1
-2.552
0
1.498
0
-4.001
1
0.837
0
1.22
0
-4.261
0
-4.193
0
-15.375
0
5.339
0
1.317
0
-4.166
0
-4.422
1
-8.118
0
-9.014
1
-9.971
1
-8.429
0
-1.96
1
-1.951
1
1.359
1
2.222
1
-4.618
0
-0.471999
1.88
0
-2.872
0
4.897
0
-10.238
1
2.058
0
-1.739
0
-15.838
0
-4.036
0
-1.27
0
-1.781
1
-4.417
0
-4.592
1
4.283
0
-4.795
1
-0.676
0
7.839
1
1.104
1
0.95
0
-5.662
0
0.265
1
4.067
1
-1.639
1
7.695
1
-5.474
1
1.631
1
-0.751
1
1.08
1
2.555
0
-2.43
1
-9.841
1
0.909
0
-0.298
1
0.0550001
1
-6.042
1
1.189
0
1.483
1
8.958
0
1.151
1
2.021
1
-2.376
0
2.344
0
-3.167
0
0.551
1
-0.626
0
2.002
1
1.88
-44.055
1
1.904
0
3.16
0
0.461
0
-6.21
1
5.159
0
-4.69
1
-0.529
0
-4.487
1
-3.944
0
3.018
0
-2.965
0
1.876
1
1.586
0
-5.45
0
-0.903
1
-2.787
1
-3.887
1
-3.437
0
-0.847
0
-3.058
0
1.106
0
-4.434
1
-0.344
1
0.694
1
2.502
1
-1.712
0
4.754
1
2.012
0
2.712
1
5.463
1
-6.025
0
1.021
1
3.115
0
-2.54
0
2.636
1
-5.278
1
-0.619
0
1.512
1
-0.519
1
-1.463
1
-1.878
1
3.426
1
1.679
0
-2.522
0
-44.055
-70.729
1
-3.446
1
1.967
0
-13.671
0
-5.538
0
-1.387
1
0.916
1
0.049
1
-2.707
0
-7.048
0
-3.035
1
-6.934
1
1.547
0
-8.352
0
-2.96
1
-3.357
0
3.732
1
-3.028
1
-1.68
0
6.707
1
-4.919
1
6.914
0
-3.652
0
0.0900003
1
2.083
0
9.481
1
-2.072
0
-3.367
0
-6.859
0
-1.094
0
0.683
0
-1.522
0
-6.233
1
-3.42
1
4.555
0
3.219
1
-5.857
1
0.671
0
-4.297
0
6.656
0
1.847
1
-8.197
0
0.429
0
0.898
0
0.384
0
-70.729
-4.436
0
0.468
0
-0.145
1
-1.83
0
-6.709
0
-2.755
0
2.278
1
-4.586
0
-5.014
0
-0.688
1
-3.461
0
-7.188
0
0.719
0
3.01
0
0.0860001
1
-1.638
0
-3.303
1
3.651
0
-2.062
0
5.192
1
-1.689
0
3.013
0
-2.326
0
-6.083
0
-1.799
0
7.187
0
0.221
0
3.214
0
-6.015
1
-9.47
0
-6.095
0
-2.662
1
-0.53
1
2.687
0
1.301
0
1.359
1
6.319
0
-6.586
1
-6.023
1
-8.93
0
6.023
0
3.612
1
-1.253
1
-2.67
0
-3.882
0
-4.436
-1.999
0
-0.258
0
3.393
1
6.245
0
-5.775
0
-6.927
0
-9.497
0
-2.757
1
0.899
0
-1.758
1
6.065
1
-3.653
1
-6.003
0
-2.064
0
3.028
0
-2.729
1
1.301
1
1.527
1
-6.103
1
5.347
1
1.772
1
-4.378
0
-1.31
0
-4.07
1
0.368
0
-1.423
1
-3.382
0
1.97
0
-0.72
1
1.203
0
-2.295
0
-2.257
1
-6.774
0
3.194
0
-1.03
0
5.112
1
-1.361
1
2.13
1
-10.241
1
-0.401
0
1.357
0
-1.916
0
1.974
1
-2.011
1
2.614
1
-1.999


-0.278
0
0.628
1
-0.158
0
-6.543
0
-2.391
0
0.466
0
-3.192
0
0.2
0
-0.793
1
3.373
0
-5.225
0
3.009
0
1.459
1
2.992
0
-0.454
1
1.139
0
-6.958
0
2.776
0
0.785
0
-8.74
0
-1.247
0
2.714
0
-0.0929998
0
-3.939
0
-3.818
0
-4.441
1
6.083
0
-3.399
0
-1.177
0
-0.158
1
1.665
0
-3.568
0
-3.885
0
3
1
-3.017
1
-0.207
0
-6.485
1
-4.042
0
-1.514
1
-4.04
0
-5.493
0
-1.657
1
1.874
0
1.547
1
-2.939
1
-0.278
-15.05
0
-4.388
0
-1.36
1
-1.303
1
-1.137
1
3.82
1
-3.559
1
-4.139
1
-2.633
0
-1.895
0
3.106
1
-4.005
1
7.235
1
-7.967
0
-2.577
1
0.398
0
-3.206
0
-4.196
0
-2.831
1
-7.649
1
-1.049
1
-2.023
0
-6.263
0
5.423
1
-5.087
0
-0.783001
0
4.867
1
-1.102
0
-8.932
0
-2.284
1
-9.395
1
-7.278
0
-2.77
1
2.115
0
-4.095
0
-0.545
0
-2.46
1
-2.636
1
2.698
0
-2.532
1
-3.154
0
-5.397
0
1.985
1
2.473
0
-2.944
0
-15.05
7.649
1
2.706
1
0.224
0
-0.0630002
0
-0.195
0
-0.725
0
0.0600001
1
0.0770001
0
-2.238
1
0.419
1
1.163
0
-0.916
0
-3.107
1
2.319
0
3.294
0
5.493
0
0
1
-0.126
1
5.239
1
1.431
0
-3.894
0
1.499
0
7.955
0
-5.42
0
-1.254
1
-7.141
1
4.47
0
1.411
1
-3.155
1
3.519
0
3.712
0
-1.25
1
-4.782
0
3.96
0
6.904
0
5.161
1
2.279
0
-0.612
0
-1.958
0
-4.91
0
2.102
0
-2.181
0
-1.083
1
0.277
0
4.031
1
7.649
-8.75
0
2.705
0
3.125
0
2.957
0
-9.259
1
-0.651
0
-12.171
1
1.706
0
-6.468
0
-3.04
0
-4.073
0
-0.123
0
-1.218
0
1.362
0
-9.645
0
0.108
1
0.864
1
7.053
0
2.434
1
2.833
1
5.401
0
4.803
1
-4.959
0
2.913
0
-3.284
1
-0.147
0
1.9
1
-0.542
1
-13.005
0
0.502
1
-7.005
1
-4.408
1
-12.182
1
-0.447
0
-1.232
0
3.275
0
-2.266
1
1.688
0
-0.923
0
5.273
1
-2.573
1
3.653
1
0.783
0
-1.634
1
-2.957
0
-8.75
-47.136
0
3.224
1
-1.511
0
-2.013
0
0.242
1
1.161
1
1.785
0
-8.526
0
0.276
1
0.655
1
-2.057
1
-3.9
0
-13.391
0
-8.946
1
6.42
0
3.083
0
3.762
1
-3.637
1
3.194
1
-2.442
1
-2.27
1
-0.981
0
6.161
1
-0.0669999
0
6.165
0
-4.229
0
0.0900002
1
-1.291
1
-4.106
1
-0.56
0
-0.629
1
-7.365
0
-0.406
0
-2.543
1
-4.218
0
-4.39
1
-8.483
0
3.723
0
1.389
0
3.586
1
-3.385
1
0.478
1
-1.282
0
6.643
0
-2.12
1
-47.136
-7.212
0
6.675
0
0.836
0
-5.278
0
1.709
1
-3.827
1
-0.194
0
-3.267
1
-8.232
0
-5.457
0
3.481
1
2.221
1
-3.486
1
-1.546
0
3.486
1
0.147
0
2.557
0
-2.649
1
-1.644
1
-5.781
0
0.153
0
2.374
1
-5.985
0
3.771
1
3.367
0
-3.336
0
1.962
1
-12.945
1
0.362
0
0.0759996
1
9.258
0
-2.449
0
-5.573
1
2.9
0
-2.502
1
2.131
0
-1.494
0
-6.786
1
-0.56
0
-3.036
1
-3.406
0
-0.739
0
0.605
0
-0.372
1
-1.444
1
-7.212
24.348
0
0.085
1
2.962
1
1.136
0
2.201
0
3.716
1
0.586
0
3.951
1
1.298
1
-3.567
1
2.528
0
-5.21
1
-3.36
0
1.267
1
0.461
1
-5.932
0
-1.72
0
1.27
1
-1.949
0
0.118
1
2.619
1
-0.379
1
-1.926
1
0.335
0
1.47
0
-1.535
1
-5.251
0
1.446
0
3.704
1
2.568
0
-6.835
0
0.277
1
2.809
1
1.473
0
-6.067
1
-0.193
0
-1.535
1
1.731
0
4.834
0
-3.12
0
1.049
0
-1.867
1
-3.731
1
-4.662
1
-0.0940007
1
24.348
-1.721
1
-1.384
0
-0.0210001
1
-3.36
0
-7.826
1
2.642
0
-0.641
0
5.898
1
-4.25
1
3.482
1
-0.567
1
9.034
1
3.292
1
-2.095
0
1.839
1
2.305
1
-0.283
0
-1.489
1
2.558
0
-1.574
1
5.648
0
-2.478
0
0.663
0
1.172
1
-3.244
0
-1.217
0
3.659
1
-2.029
1
-4.288
1
-1.193
0
-1.805
0
1.729
0
3.574
0
-5.513
1
0.658
0
0.387
0
-1.154
1
-1.172
1
0.131
0
-8.098
0
0.333
1
-4.8
1
-5.234
1
-2.829
1
2.931
0
-1.721
-5.039
0
-0.778
0
-0.256
0
-2.763
0
-3.435
0
1.146
0
-8.29
1
-2.864
1
-7.884
0
-0.592
0
1.581
0
5.377
1
4.155
1
-3.038
0
1.241
1
-1.495
1
6.923
0
1.886
1
2.437
0
-4.166
0
-1.538
1
0.676
0
-3.091
0
-6.234
0
5.637
0
4.604
0
8.569
1
-1.627
1
0.931
1
8.413
1
-11.551
0
-0.342
0
-2.309
0
-1.358
0
5.419
0
-5.898
0
9.157
1
0.102
1
5.527
1
-3.714
0
3.168
0
-5.05
1
-5.481
1
-2.115
1
-3.78
1
-5.039
-30.043
0
5.21
0
-2.507
0
-3.489
1
-2.954
0
-1.594
1
3.45
0
1.429
0
-4.384
1
-2.272
0
-0.966
0
7.74
1
-6.103
0
-4.412
0
1.768
0
8.201
0
-3.234
0
-2.867
1
-5.57
1
1.82
1
0.885
1
3.957
1
-1.076
1
-3.078
0
-7.981
1
0.442
0
-3.595
1
3.947
0
-0.83
0
-0.683
1
-1.779
0
4.596
0
6.489
0
-2.903
0
-3.995
0
-5.624
1
-4.691
0
4.42
0
3.821
1
3.597
1
3.608
1
3.112
1
-2.36
0
-0.117
0
1.312
0
-30.043


-3.118
1
-7.701
1
-3.292
1
4.311
0
2.69
0
-0.198
0
1.84
1
3.495
0
4.143
1
-1.798
0
4.336
0
-0.448
1
-5.75
1
1.083
1
0.888
0
-1.699
1
-1.857
1
-3.367
1
3.987
1
3.161
0
0.708
0
-4.605
0
-3.786
0
-4.367
0
-1.429
0
3.412
1
-2.353
1
-2.115
1
-3.144
0
-0.275
0
-0.181
1
2.441
0
0.754
0
-1.652
1
8.405
0
2.737
0
-2.265
0
-0.531
1
0.564
0
-0.805
1
-3.509
1
-4.372
0
-7.624
0
-9.803
1
1.155
1
-3.118
-10.008
0
-0.854
1
-2.5
0
7.412
0
0.172
1
-5.121
1
-2.108
1
-3.118
0
-3.598
1
-3.864
1
-4.408
1
-4.044
1
-2.414
1
-3.55
1
0.092
0
1.894
1
-0.593
0
-0.881
1
-2.135
1
4.649
1
0.0210001
1
-5.464
1
-5.983
1
0.232
0
6.65
0
3.5
0
-0.806
0
-1.343
1
-4.002
1
-1.665
1
2.345
0
2.685
1
-6.101
0
1.627
0
-5.402
1
-3.108
0
5.227
1
-3.896
1
1.627
0
0.936
0
3.953
0
2.887
0
-0.0170002
1
-4.009
0
-5.257
1
-10.008
-8.782
0
-10.792
0
2.072
0
-4.984
1
-5.627
0
2.898
1
-1.904
1
1.525
1
-0.17
0
-5.495
0
2.98
1
-0.135
1
-5.253
0
1.113
0
-4.257
1
6.736
0
-0.0630002
0
2.625
0
2.994
0
0.596
1
1.95
1
-1.787
1
3.261
0
-3.371
0
4.082
0
-2.023
0
-4.43
0
-4.63
0
0.0109996
0
-2.031
1
-5.744
0
-3.113
0
-2.237
0
-5.427
1
1.831
1
-2.585
1
-1.149
0
-2.299
0
-2.746
1
-3.91
0
4.714
1
4.321
0
-9.735
1
0.396
1
-4.117
0
-8.782
-27.65
0
-1.187
1
2.927
0
-3.476
0
1.839
0
9.356
1
1.688
0
-1.161
0
-3.067
0
-0.0909998
0
-0.469
0
-2.861
1
-3.392
0
1.883
0
-5.009
1
-3.686
0
1.988
0
-2.526
1
-2.266
1
-7.653
1
-0.768
1
-2.241
1
-6.933
0
4.049
1
0.938
1
-5.379
1
-4.402
1
-0.306
0
1.424
0
8.09
0
-1.62
0
-6.532
1
2.164
0
0.344
0
-2.13
0
-0.25
1
-5.814
0
-1.341
0
3.132
1
-3.609
1
0.902
1
0.574
0
3.037
0
-0.735
1
1.06
1
-27.65
-17.346
1
-2.203
0
10.529
0
-2.24
0
-2.73
0
5.308
1
0.549
1
-11.112
1
1.579
0
-8.718
0
-0.0629998
1
-0.907
1
-0.772
0
0.603
1
-1.386
1
-6.565
0
-0.538
1
1.575
1
3.567
0
0.714
1
5.765
1
-3.917
0
-3.127
1
-1.311
1
-4.002
0
2.434
0
-3.714
0
0.0839999
0
0.478
0
4.608
0
1.166
1
-2.594
1
8.159
1
2.764
1
-4.205
0
1.932
1
-1.677
0
2
1
0.863
1
-0.0929998
0
3.487
0
2.989
0
-2.103
0
-2.668
1
5.582
1
-17.346
-5.51
0
3.558
1
-0.275
0
9.105
1
0.676
0
-4.562
0
5.56
0
-0.578
1
2.242
0
-3.012
0
-4.252
1
-2.32
0
3.861
1
-1.571
1
-2.508
0
0.425
1
-1.252
1
0.845
0
1.678
0
-2.437
1
-0.701
0
3.748
0
-5.367
1
-0.196
0
-2.4
1
-10.455
0
-1.685
0
0
0
-8.549
1
-0.988
1
1.454
1
-2.836
0
-3.423
1
-4.203
1
-0.957
0
1.986
0
0.459
1
3.083
0
1.612
1
-6.557
1
-1.213
0
3.103
0
1.031
1
-2.271
1
1.341
1
-5.51
-69.929
1
-2.663
1
0.854
1
2.195
1
0.925
1
1.5
0
11.832
1
-3.275
1
9.572
1
3.486
1
-2.422
1
-6.775
1
-3.234
1
-3.531
0
4.309
0
-4.696
1
0.726
0
3.336
0
1.252
0
11.695
1
-1.343
0
-3.879
1
-4.63
1
0.0630001
0
-3.908
1
-4.825
0
0.254
0
9.833
0
-9.099
0
4.955
0
4.635
1
-4.184
0
-2.407
0
-5.336
0
2.12
0
4.679
1
1.533
1
-9.084
1
-3.453
0
-6.257
1
-1.671
1
0.159
0
1.633
1
2.218
1
-3.206
0
-69.929
-1.112
0
-0.249
0
-0.441
1
-1.463
0
-4.998
0
-5.794
0
-1.623
0
1.433
0
0.0930005
0
10.841
0
0.16
1
-2.091
1
-0.447
1
0.619
0
2.213
1
1.089
0
-1.238
1
2.097
0
0.743
0
8.753
0
-4.645
0
2.385
1
0.546
1
-4.892
1
-2.518
0
-2.163
0
-2.171
0
-2.449
1
-6.761
0
-2.469
1
-12.055
1
1.814
0
7.291
0
6.54
1
0.612
1
1.924
1
-0.925
1
5.32
0
-1.352
1
0.765
0
-1.583
1
-3.743
1
4.37
1
1.066
0
-2.742
1
-1.112
-41.432
1
-4.108
0
2.029
1
-1.541
0
-5.331
1
-2.9
1
0.518
0
-2.711
1
-0.623
1
-1.025
1
1.483
0
-1.822
0
-5.509
0
-3.915
0
-3.154
0
-0.0639999
0
-8.008
0
-1.201
0
-2.44
0
-3.056
1
-3.863
0
3.498
1
-3.503
1
1.589
0
3.541
0
1.514
1
1.173
0
-0.755
0
-5.003
1
2.46
1
-5.646
0
0.382
0
0.341
1
0.316
1
3.785
1
-7.564
1
3.236
1
1.452
1
-1.546
1
-6.746
0
6.151
0
1.103
0
0.438
1
-5.482
0
-2.908
1
-41.432
-11.936
1
-4.006
1
-0.371
1
-3.312
1
-6.256
0
-5.703
0
-0.978
0
0.703
1
4.77
0
-1.082
1
-2.717
0
6.987
0
0.443
1
-6.832
1
-2.686
0
7.887
0
8.051
1
-0.404
0
-1.034
1
0.849001
0
-2.781
0
-3.637
1
-5.697
0
-5.891
0
-2.362
0
6.996
1
-7.035
0
-3.287
0
3.755
1
3.313
0
-1.054
0
-1.317
1
-5.826
1
6.879
1
2.485
1
-1.522
0
-2.862
0
-3.252
0
3.575
0
-1.963
1
0.218
0
-3.16
1
-3.567
0
-0.82
0
-3.157
1
-11.936


-2.455
0
2.72
1
0.02
0
-4.789
0
3.622
0
3.672
0
0.623
1
-2.621
0
1.378
0
-6.248
0
-7.593
1
-9.071
0
-7.398
0
-3.579
0
0.882
0
1.261
0
-4.533
0
-0.622
0
3.212
0
3.082
0
-6.694
0
-0.814
0
1.45
0
2.794
0
1.152
0
11.138
0
-2.377
1
-2.063
0
-1.338
0
1.003
0
-5.121
1
0
0
2.524
0
-3.018
0
-3.12
0
4.683
0
-4.222
0
-1.805
0
0.221
0
-5.405
0
-5.165
0
-0.651
1
-0.00699997
0
-1.451
0
-2.001
1
-2.455
-3.327
0
3.232
0
-2.732
0
5.351
0
-6.173
0
-5.628
0
-2.055
0
-4.437
1
0
0
5.029
0
0.758
1
-4.331
1
3.984
1
5.014
0
-4.617
0
-1.919
1
-2.189
0
-2.655
0
-0.105
0
-2.748
0
2.27
0
2.462
0
3.869
1
0.59
0
0.853
0
-0.393
0
-1.255
0
-2.614
0
-2.654
0
-6.085
0
3.405
0
4.705
0
-1.989
0
-0.475
0
-6.018
0
-3.059
0
0.774001
0
-1.235
0
-1.892
0
1.162
0
3.565
0
-6.502
0
-17.856
0
0.61
0
5.458
1
-3.327
0.449001
0
1.412
1
-0.429
0
-0.897
0
5.218
0
2.782
0
-0.383
0
-3.16
1
2.224
0
3.287
0
3.639
0
2.899
0
-4.967
1
0.471
0
-3.132
0
-6.302
0
-0.0129997
0
-5.476
0
0.718
0
2.522
0
-2.822
0
-0.557
0
-3.693
0
-4.598
0
1.106
0
-5.216
0
-0.635
0
-6.199
0
-4.769
0
2.687
0
-7.089
0
4.891
0
-3.112
0
10.253
0
-0.769
0
9.607
0
-0.842
0
3.592
0
-3.519
0
-5.602
1
-0.0569999
0
-6.075
0
-8.688
0
-4.415
0
2.845
1
0.449001
1.982
0
-2.829
0
-1.639
0
-0.518
1
2.815
0
-2.274
1
0.769
0
-2.7
0
-0.837
0
1.178
0
3.66
0
3.761
1
-2.284
1
-2.614
1
4.787
1
0
0
-1.678
0
3.027
0
-3.151
1
0.036
0
-3.191
0
7.715
0
-1.726
0
1.665
1
0.04
1
0.163
0
-5.858
0
-1.823
0
-5.451
0
0.185
0
-0.604001
0
-10.079
0
5.127
1
0
0
-2.932
0
-2.121
0
3.567
0
-0.965
0
2.688
0
-2.767
0
-0.383
0
0.538
0
1.222
0
1.994
0
-1.156
0
1.982
