

0
0
0
0
0
0
0
0
0
0
0
0
0
0
0
0
0
0
0
0
0
0
0
0
0
0
0
0
0
0
0
0
0
0
0
0
0
0
0
0
0
0
0
0
0
0
0
0
0
0
0
0
0
0
0
0
0
0
0
0
0
0
0
0
0
0
0
0
0
0
0
0
0
0
0
0
0
0
0
0
0
0
0
0
0
0
0
0
0
0
0
0
0
0
0
0
0
0
0
0
0
0
0
0
0
0
0
0
0
0
0
0
0
0
0
0
0
0
0
0
0
0
0
0
0
0
0
0
0
0
0
0
0
0
0
0
0
0
0
0
0
0
0
0
0
0
0
0
0
0
0
0
0
0
0
0
0
0
0
0
0
0
0
0
0
0
0
0
0
0
0
0
0
0
0
0
0
0
0
0
0
0
0
0
0
0
0
0
0
0
0
0
0
0
0
0
0
0
0
0
0
0
0
0
0
0
0
0
0
0
0
0
0
0
0
0
0
0
0
0
0
0
0
0
0
0
0
0
0
0
0
0
0
0
0
0
0
0
0
0
0
0
0
0
0
0
0
0
0
0
0
0
0
0
0
0
0
0
0
0
0
0
0
0
0
0
0
0
0
0
0
0
0
0
0
0
0
0
0
0
0
0
0
0
0
0
0
0
0
0
0
0
0
0
0
0
0
0
0
0
0
0
0
0
0
0
0
0
0
0
0
0
0
0
0
0
0
0
0
0
0
0
0
0
0
0
0
0
0
0
0
0
0
0
0
0
0
0
0
0
0
0
0
0
0
0
0
0
0
0
0
0
0
0
0
0
0
0
0
0
0
0
0
0
0
0
0
0
0
0
0
0
0
0
0
0
0
0
0
0
0
0
0
0
0
0
0
0
0
0
0
0
0
0
0
0
0
0
0
0
0
0
0
0
0
0
0
0
0
0
0
0
0
0
0
0
0
0
0
0
0
0
0
0
0
0
0
0
0
0
0
0
0
0
0
0
0
0
0
0
0
0
0
0
0
0
0
0
0
0
0
0
0
0
0
0
0
0
0
0
0
0
0
0
0
0
0
0
0
0
0
0
0
0
0
0
0
0
0
0
0
0
0
0
0
0
0
0
0
0
0
0
0
0
0
0
0
0
0
0
0
0
0
0
0
0
0
0
0
0
0
0
0
0
0
0
0
0
0
0
0
0
0
0
0
0
0
0
0
0
0
0
0
0
0
0
0
0
0
0
0
0
0
0
0
0
0
0
0
0
0
0
0
0
0
0
0
0
0
0
0
0
0
0
0
0
0
0
0
0
0
0
0
0
0
0
0
0
0
0
0
0
0
0
0
0
0
0
0
0
0
0
0
0
0
0
0
0
0
0
0
0
0
0
0
0
0
0
0
0
0
0
0
0
0
0
0
0
0
0
0
0
0
0
0
0
0
0
0
0
0
0
0
0
0
0
0
0
0
0
0
0
0
0
0
0
0
0
0
0
0
0
0
0
0
0
0
0
0
0
0
0
0
0
0
0
0
0
0
0
0
0
0
0
0
0
0
0
0
0
0
0
0
0
0
0
0
0
0
0
0
0
0
0
0
0
0
0
0
0
0
0
0
0
0
0
0
0
0
0
0
0
0
0
0
0
0
0
0
0
0
0
0
0
0
0
0
0
0
0
0
0
0
0
0
0
0
0
0
0
0
0
0
0
0
0
0
0
0
0
0
0
0
0
0
0
0
0
0
0
0
0
0
0
0
0
0
0
0
0
0
0
0
0
0
0
0
0
0
0
0
0
0
0
0
0
0
0
0
0
0
0
0
0
0
0
0
0
0
0
0
0
0
0
0
0
0
0
0
0
0
0
0
0
0
0
0
0
0
0
0
0
0
0
0
0
0
0
0
0
0
0
0
0
0
0
0
0
0
0
0
0
0
0
0
0
0
0
0
0
0
0
0
0
0
0
0
0
0
0
0
0
0
0
0
0
0
0
0
0
0
0
0
0
0
0
0
0
0
0
0
0
0
0
0
0
0
0
0
0
0
0
0
0
0
0
0
0
0
0
0
0
0
0
0
0
0
0
0
0


-89.332
1
0.736
1
-3.208
0
-5.38
1
7.72
0
1.89
0
4.033
0
-7.261
1
-8.21
1
-2.722
1
-2.273
1
7.134
1
-0.815
1
-3.086
0
4.876
0
2.029
0
2.587
1
1.446
0
-0.609
0
-2.584
0
10.451
1
-4.598
1
-1.649
0
-7.458
1
-4.487
0
-2.738
1
3.142
1
0.888
0
-4.556
0
-0.84
1
2.635
1
0.577
1
0.84
1
-7.823
0
-3.162
0
4.808
1
2.807
0
-6.839
1
-1.218
1
-4.106
1
-11.915
1
-0.434
0
-3.195
1
-2.96
0
-3.16
0
-89.332
-1.194
0
2.354
0
-7.721
1
-10.283
0
1.092
0
0.968
1
-7.16
1
0.812
0
-0.869
1
13.007
0
-2.901
1
-8.204
1
-10.023
1
5.895
1
-4.868
1
3.064
1
-0.594
1
-8.548
0
4.094
1
3.871
0
-1.229
1
-5.729
0
-1.958
1
-2.827
1
-3.253
1
3.472
1
6.265
1
-3.84
0
-3.265
1
-5.386
1
-3.042
1
-1.302
0
2.506
0
1.861
0
-1.811
0
-4.337
0
6.586
0
4.326
0
0.95
1
-3.463
0
-0.185
0
-3.431
0
8.206
0
-4.639
1
8.749
1
-1.194
-9.638
0
-4.563
1
-7.027
1
-3.29
0
3.522
1
-3.541
1
-2.993
0
6.448
0
-1.636
0
4.259
0
-1.089
1
-4.325
1
-1.83
0
-3.133
1
1.218
0
-2.606
0
2.965
0
-3.521
1
-9.765
1
-3.837
0
0.675
1
-1.783
0
-4.31
1
-6.714
0
0.839
1
2.739
1
-6.791
1
9.045
0
1.201
0
1.404
1
-0.278
1
7.249
1
-0.779
0
-3.797
1
-3.905
0
1.261
1
1.907
0
4.935
0
4.473
1
-5.484
1
-9.703
0
-1.475
0
-4.118
0
-5.286
1
4.592
1
-9.638
-61.032
0
-7.246
1
-8.245
1
1.54
0
0.989
1
5.281
0
-3.181
0
-3.824
1
1.637
1
5.044
1
0.097
1
-1.857
1
-7.524
1
7.468
0
3.067
0
-5.313
1
3.343
1
-4.369
0
-3.304
0
11.349
1
7.354
0
-4.895
0
-0.149
1
-1.743
0
-1.077
0
-7.221
0
3.599
0
-0.171
0
-8.259
0
2.637
0
-2.305
1
0.791
1
-1.7
1
-5.175
1
-1.23
0
-4.879
0
1.922
0
-4.729
0
0.139
0
-3.502
1
-2.838
1
-0.189
1
0.877
1
2.375
1
3.148
1
-61.032
-5.705
0
-3.9
0
-5.504
0
-1.79
1
1.422
0
-0.66
0
-5.025
1
-2.212
0
3.517
1
1.054
0
-0.604
0
-3.031
0
7.208
0
1.921
0
9.375
1
3.317
0
8.127
1
-2.086
0
-4.586
0
0.856
1
0.04
1
3.201
0
1.941
0
0.344
0
-3.527
1
-1.25
0
-1.948
0
-4.325
0
-0.941
1
-3.412
1
3.901
0
0.813
1
0.563
1
-2.937
0
-10.037
0
-1.271
1
-3.342
0
-3.53
0
-3.236
0
-3.912
0
3.971
1
-4.058
0
-3.787
1
-11.566
0
7.124
0
-5.705
-76.86
0
-4.125
1
0.772
1
0.378
0
-8.561
0
1.714
1
-6.091
0
9.291
1
-3.232
0
1.247
0
-0.421
1
1.688
1
0.849
1
-0.671
0
-1.741
0
10.031
0
-3.132
1
3.023
1
-8.791
1
-2.832
0
8.665
1
2.03
0
-0.393
0
-5.325
1
0.572
1
3.567
1
8.266
0
1.491
0
-3.761
0
0.499
0
2.181
0
-0.733
1
-2.47
0
-4.726
1
-0.58
1
5.297
0
-2.298
0
-2.226
0
-4.127
0
0.306
0
-7.197
0
0.967
0
-8.357
1
-2.814
0
-3.65
0
-76.86
25.303
1
-8.851
0
1.057
1
-2.046
1
1.485
0
-11.483
1
4.713
1
-11.71
0
-3.251
0
-3.46
1
-1.773
0
-4.06
0
1.556
1
9.648
0
-1.423
1
-6.41
1
-2.635
0
5.687
0
0.0149999
0
-12.707
1
-6.157
0
2
0
0.704
0
-6.365
0
-3.32
0
-5.092
1
1.394
1
3.158
0
3.935
0
1.442
0
0.46
1
-1.518
0
-2.55
0
-5.504
0
5.245
0
1.118
0
2.794
1
6.973
0
4.448
1
3.705
0
1.389
1
-0.55
0
2.516
1
-0.13
0
-2.334
0
25.303
-50.733
0
-5.67
0
1.241
1
-7.651
0
3.92
1
-9.159
1
-6.383
1
-1.329
0
-1.695
0
-2.405
0
-6.104
0
-1.351
1
3.11
1
-2.995
0
-6.816
0
-1.2
1
-2.33
1
6.675
1
3.103
0
5.674
0
2.756
0
-4.546
1
3.017
0
3.502
1
0.085
0
1.834
0
-0.515
1
4.777
0
6.444
1
-0.812
1
6.307
1
-6.021
1
-1.091
1
-3.085
0
9.976
0
-3.72
0
-6.419
0
-0.115
0
0.338
1
-9.211
1
-4.35
1
0.317
0
-1.596
1
5.003
1
-4.213
0
-50.733
-20.643
0
5.415
0
2.687
1
-9.611
0
1.509
1
-1.964
1
1.179
0
-4.53
1
4.784
1
-3.891
0
-2.989
0
2.239
0
2.011
1
2.428
1
1.181
1
-5.1
0
-4.473
0
-7.657
0
-9.428
0
-4.011
1
2.113
1
-4.223
0
-3.377
0
-4.753
0
-4.845
0
6.271
0
-2.537
1
-4.805
1
-7.789
1
-0.684
1
8.195
0
-4.949
1
-6.421
1
-2.174
0
-0.458
1
2.12
1
6.349
0
-7.18
1
-3.006
1
-4.54
0
0.31
1
2.154
1
-0.280999
1
-0.025
1
2.985
1
-20.643
-35.911
1
3.61
0
1.267
1
4.06
0
-6.117
0
5.802
0
-23.326
0
6.717
0
-2.283
0
0.496
1
-1.848
0
6.655
1
-5.889
0
-0.714
1
-1.501
0
4.355
1
-7.057
1
0.298
1
5.275
1
-4.657
0
-0.838
1
-3.255
0
6.577
0
5.062
0
-0.996
1
-5.728
1
1.535
1
0.0880002
0
3.205
0
-5.81
0
-3.252
0
10.599
1
-0.381
0
1.927
0
-1.967
1
0.961
0
2.256
1
2.985
1
-8.456
0
3.136
1
-8.854
1
-8.695
1
0.621
0
5.617
1
2.45
0
-35.911


-14.61
0
0.58
1
-0.77
0
9.357
0
1.509
1
-5.49
0
2.111
1
-4.501
0
-7.012
0
4.198
1
-6.237
0
0.185
0
-1.005
1
0.0939999
0
-4.344
0
3.016
1
-4.333
1
-5.564
0
0.625
0
1.795
0
-1.183
0
-10.013
1
-3.037
0
5.004
1
-1.302
0
-1.528
1
-2.768
0
1.729
1
-0.083
1
-5.909
0
1.072
0
-2.613
1
-0.394
0
1.364
0
-6.058
0
-0.988
0
4.272
0
6.443
0
-0.368
0
-4.877
0
-0.744
1
-4.759
1
-1.257
1
-4.347
0
-0.569
1
-14.61
-4.688
0
-0.0960003
1
0.176
1
1.53
0
-4.216
1
12.143
0
4.699
1
-1.012
1
-1.983
0
-0.548
0
-0.23
0
-0.944
1
2.107
1
-1.55
0
-3.579
0
-5.133
0
1.809
0
-7.028
0
-1.742
0
-0.118
0
6.611
0
4.032
0
-1.169
0
-1.71
1
0.223
0
-1.141
0
0.628
1
-1.502
1
-2.242
0
-8.37
0
-1.358
0
-5.859
0
-3.42
1
-7.19
1
-2.019
0
6.717
1
-3.168
1
0.667
1
-3.637
0
0.693
0
-0.518
0
4.784
0
-10.084
0
-1.536
1
-2.948
1
-4.688
1.504
0
0.389
0
3.823
0
5.278
1
0.0910003
1
-0.72
1
1.18
0
1.394
1
-2.37
1
-2.825
0
9.988
0
6.851
1
-1.637
0
3.865
0
0.18
1
0.407
1
-0.0179999
1
3.39
0
1.811
0
-2.183
1
-0.218
0
-0.468
0
0.18
0
-0.759
1
0.601
0
4.714
1
7.954
0
-0.769
0
3.314
0
-10.955
0
1.214
1
0.351
1
-1.095
1
-3.672
0
10.802
1
-1.8
0
-1.898
0
1.316
0
5.207
0
-3.504
0
1.277
1
-0.1
0
-4.236
0
1.316
0
-0.592
0
1.504
-47.676
1
-3.878
1
0.492
1
2.061
0
5.712
0
0.345
0
1.654
0
-6.395
1
-11.294
1
-1.659
0
-7.192
0
3.18
1
-2.629
1
4.57
1
-2.303
0
-2.786
0
-2.732
1
1.273
0
-1.163
1
7.305
1
2.014
0
-9.582
0
-0.614
1
-7.104
0
3.409
1
4.782
0
4.811
0
4.23
0
-1.331
1
-1.516
0
-0.376
0
-0.333
0
-6.168
0
7.205
0
4.822
0
-1.306
0
3.298
0
0.939
0
5.65
0
-1.616
0
1.679
0
-7.766
0
1.222
1
4.48
1
-0.771
1
-47.676
2.591
0
-0.0310001
0
-7.376
0
2.714
0
1.779
1
-12.44
1
-11.872
1
-4.134
1
-13.126
1
-13.904
1
-1.159
0
-4.733
0
-3.668
1
-3.756
0
-2.36
0
-2.087
0
3.843
0
3.062
0
0.491
0
-5.089
0
-1.182
1
-5.977
0
0.524
0
-0.151
0
0.128
1
-2.714
0
-5.072
0
-0.62
1
-5.774
0
-4.443
1
-0.0100001
0
-0.988
1
3.496
0
7.778
0
2.389
0
4.029
1
2.473
0
-3.663
1
-2.385
1
-3.545
1
0.794
0
-2.487
1
-6.063
1
4.56
1
-4.79
0
2.591
-109.546
1
-0.425
1
-3.531
0
0.199
0
-1.194
0
1.351
1
-2.412
0
-0.23
1
-3.91
0
-0.491
0
-0.387
1
-8.203
1
2.839
0
3.683
0
-1.055
0
-2.567
1
-4.057
0
-2.941
0
-1.338
1
-0.131
0
-5.669
1
-7.558
0
-3.182
1
0.673
0
-4.509
0
7.608
1
10.086
1
-3.436
1
-3.7
0
-4.002
1
-6.752
0
-4.183
0
-6.478
1
-3.035
1
-5.072
1
0.209
0
1.978
1
-1.144
1
8.787
0
1.111
0
-0.805
0
5.394
1
-1.118
0
-1.869
1
-2.192
0
-109.546
-25.203
0
-7.032
1
-2.293
1
1.053
0
-1.779
1
-2.806
0
4.056
1
-4.043
1
-0.672
1
-8.516
1
-5.045
1
-2.801
0
-5.847
0
8.684
0
-0.0159999
0
1.646
1
-3.673
0
-6.586
0
3.196
1
-1.588
1
-0.547
0
-0.494
1
2.807
1
-0.0190001
1
1.547
0
-3.894
1
1.008
1
1.97
0
-5.473
1
1.146
1
-3.385
0
-0.294
0
1.541
1
-7.486
0
5.441
0
2.157
1
-3.483
1
4.387
0
-11.67
1
-0.947
0
1.732
1
-2.6
0
1.609
0
5.366
0
-5.783
1
-25.203
-68.695
0
0.614
1
2.118
0
-4.158
1
-2.393
0
-10.329
0
2.653
0
-1.41
0
-7.086
1
-2.69
0
2.747
0
0.744
0
-4.161
1
-3.09
0
0.439
0
0.03
1
-3.464
0
1.86
1
0.9
0
-9.378
0
3.668
1
0.368
0
-0.653
1
3.967
1
0.862
1
-6.801
0
-1.889
1
-4.847
1
-8.154
0
-7.67
0
4.542
0
1.673
0
-2.149
0
1.135
0
-1.773
1
0.682
1
-7.301
1
2.559
1
1.749
1
0.863
0
-2.497
0
-7.098
0
-2.748
1
5.975
1
0.835
0
-68.695
-56.73
1
-0.982
0
-5.623
0
-3.293
1
-1.758
0
10.945
1
-8.596
1
-2.986
1
-2.116
0
6.499
1
0.256
0
3.474
1
-7.184
0
-2.69
1
-3.586
0
-2.871
0
-2.125
0
-9.496
1
8.788
1
4.08
0
-6.087
1
-4.928
1
-0.989
0
-0.114
1
0.0159999
1
-1.409
1
-0.876
1
2.503
1
3.443
0
-2.978
1
-0.908
1
-3.071
0
-7.46
1
3.842
0
2.663
1
0.406
1
1.594
1
2.46
1
1.384
1
8.177
0
-1.168
1
-0.0320001
0
5.052
1
-5.14
0
-7.194
0
-56.73
-3.133
0
2.401
1
-3.579
1
0.717
0
-6.13
0
-1.761
1
3.785
0
4.787
0
-0.674
1
-0.249
0
-11.456
1
-2.42
1
-0.55
1
-5.316
1
-2.914
0
3.992
0
-4.374
0
5.519
0
1.99
0
-2.261
0
3.388
0
-1.709
0
-1.594
0
-6.749
0
-0.767
0
-3.241
1
3.659
1
-2.776
1
-11.564
0
-1.605
1
-0.606
0
-4.463
1
-0.241
0
0.277
0
-0.764
0
1.895
1
-0.581
0
3.568
0
7.727
1
-13.008
1
-4.423
1
3.108
0
-4.3
1
-0.661
0
2.435
1
-3.133


-1.63
0
8.98
1
-1.294
0
-9.815
0
-5.49
0
3.792
0
-1.285
1
0.267
0
-4.888
1
-0.219
0
-5.477
1
-8.587
0
0.305
0
-1.791
1
0.126
1
-5.674
1
-7.303
1
3.616
0
-5.744
1
-4.526
0
-7.291
1
-0.935
1
0.905
1
3.49
0
0.699
0
1.896
1
-6.03
0
5.864
0
0.599
0
4.922
0
3.76
1
7.981
1
1.318
0
-0.901
0
10.748
1
3.584
1
0.396
1
-1.302
0
1.491
1
0.256
0
-3.193
0
-2.562
0
3.538
0
6.116
1
-6.288
0
-1.63
-12.597
1
-5.22
1
3.013
1
2.872
1
-1.225
1
1.097
0
-0.447
0
1.214
1
2.754
1
-4.513
0
0.308
0
-1.588
1
5.211
0
-2.535
1
9.768
1
-9.115
1
-3.709
1
-3.534
1
1.28
1
-0.289
0
-4.245
1
-3.48
0
-1.133
1
0.114
0
-3.07
0
-2.924
1
1.749
1
4.794
1
-6.515
0
3.488
1
1.678
0
-1.387
0
-1.214
0
3.187
1
6.307
1
-4.757
0
1.083
1
1.595
1
-8.18
1
-5.849
1
-4.544
0
-1.356
0
-0.112
0
-2.032
0
-1.555
0
-12.597
-46.008
0
-9.453
1
-3.076
0
-5.607
1
-1.973
1
2.136
1
2.004
1
-7.379
1
-2.107
1
-2.167
0
0.494
0
-4.049
0
-1.52
1
2.403
0
-5.77
0
-5.234
1
8.734
0
0.218
0
2.322
1
-0.611
0
6.079
1
4.592
1
-2.464
0
-2.262
1
1.643
0
0.877
1
-6.102
1
-0.877
0
6.965
0
2.973
0
-4.883
1
-3.868
1
1.234
1
-4.583
0
2.026
1
-0.751
1
5.169
1
-2.409
1
1.657
1
-5.279
1
-2.084
0
-1.15
0
-0.777
0
1.925
0
3.268
1
-46.008
12.888
0
-3.707
0
-2.137
0
-7.874
1
1.025
0
7.535
1
3.754
0
-2.03
1
-8.23
1
-4.269
0
0.795
1
4.713
1
1.528
0
1.632
1
-10.172
0
3.027
1
0.869
1
1.451
1
-0.294
1
-0.539
1
-3.058
0
1.216
0
-5.902
1
4.822
1
-0.373
1
-1.941
0
1.396
0
-0.234
0
-1.367
0
6.143
1
1.421
0
2.794
1
6.695
0
2.867
1
-8.57
0
4.113
1
-1.669
0
5.551
1
0.062
0
-4.199
0
-9.426
1
-0.686
1
0.53
0
1.944
1
1.431
1
12.888
21.787
1
-4.282
1
6.743
1
-7.152
0
1.944
0
-2.414
0
-1.447
0
-5.194
1
-0.51
1
2.923
0
0.052
0
2.377
1
1.627
1
6.357
1
1.341
0
3.019
0
1.703
0
-0.82
1
0.633
0
1.423
0
7.959
0
4.264
1
1.363
0
-8.717
1
-1.104
1
9.407
0
1.496
1
-0.394
0
1.268
0
-1.906
1
0.695
1
-1.727
1
1.716
0
-2.822
0
-4.203
1
-4.214
0
-1.087
0
1.225
0
1.884
1
-4.814
0
-0.739
1
-1.673
1
1.778
1
3.462
0
2.026
0
21.787
-25.726
1
-2.648
1
-0.281
1
-1.193
1
-3.522
1
-0.123
1
-0.244
1
-8.473
0
-10.694
1
-4.519
1
-4.74
1
-3.538
0
0.371
0
0.045
0
-2.227
1
-4.167
0
1.461
0
-4.113
1
-3.259
1
-5.648
0
-0.783
0
-5.225
1
-1.839
1
-4.131
0
2.604
1
1.221
0
2.662
1
-2.738
0
7.542
0
-0.127
0
-1.753
1
1.13
1
-5.892
0
1.491
1
0.0920002
0
-4.774
1
-5.337
0
5.889
0
-0.91
1
-0.339
1
4.088
1
-6.335
1
-1.945
1
5.851
0
-5.215
0
-25.726
-0.205
1
0.955
1
-3.07
0
-5.302
1
2.238
1
-3.032
0
-4.035
0
-4.75
1
-7.089
0
-1.532
1
0.581
1
-1.298
1
5.537
1
-2.168
0
10.614
1
6.212
1
0.238
0
-1.09
1
-2.488
0
-0.262
1
1.325
0
1.044
1
-3.704
0
-2.07
0
6.319
0
-0.466
0
5.366
1
-3.967
0
-5.83
1
-2.111
1
1.833
0
-4.805
0
-1.455
1
4.548
1
0.715
0
-1.105
1
-1.929
1
-2.145
0
-4.979
0
3.319
1
3.576
0
-2.314
1
-0.688
1
-0.411
0
-5.844
1
-0.205
-58.186
0
4.576
0
5.529
0
-4.363
1
-2.95
0
4.311
1
3.61
0
-7.037
0
-3.611
1
-3.582
0
5.625
0
-1.082
1
-8.163
0
8.82
0
6.29
1
-1.296
0
5.477
1
1.162
1
-4.765
1
-1.187
0
-3.27
0
1.273
1
-7.456
1
0.934
1
4.791
0
2.227
1
1.839
1
-1.055
0
-1.949
0
-3.647
0
-1.686
1
-5.882
0
-3.967
1
0.409
1
-8.394
0
1.465
0
-0.119
1
-1.828
1
2.448
0
4.945
1
-1.865
1
0.231
1
5.599
0
-3.229
0
-4.143
1
-58.186
-54.24
1
-1.002
0
3.109
0
-7.715
1
0.385
0
-1.394
0
-2.916
1
-3.716
1
2.833
0
-2.057
0
1.607
1
0.864
0
5.27
1
0.374
0
3.99
1
-0.83
1
5.913
0
-1.156
0
6.008
0
-1.732
1
3.741
1
-3.082
0
1.968
1
5.442
0
-2.478
0
2.649
1
7.603
1
-6.183
1
-0.187
1
-3.903
1
0.543
1
-9.473
0
-1.875
1
-2.308
0
-1.004
1
-4.344
0
4.282
1
-3.323
0
-2.109
1
2.015
0
1.308
0
-4.093
0
-2.14
0
1.551
1
2.632
1
-54.24
-53.044
0
-2.87
0
3.131
1
2.225
0
-2.452
0
-8.443
1
3.054
0
3.684
1
-3.124
0
0.193
1
-1.873
1
-5.476
0
-6.08
0
-1.917
0
-4.068
1
2.26
1
-3.389
0
-1.521
0
-2.268
1
2.105
0
7.542
0
-0.726
0
6.608
0
-4.3
1
-0.671
1
-7.145
1
5.398
1
-4.781
1
4.714
0
-4.961
0
-0.241
0
1.978
1
-1.015
1
-6.722
1
7.92
0
-5.815
0
-10.73
0
-3.933
0
-1.592
0
-2.631
1
0.112
0
-3.075
0
-3.046
1
1.2
1
0.683
1
-53.044


-4.068
0
-1.425
0
3.553
0
6.04
1
0.463
0
-4.626
1
-5.672
1
-1.983
0
2.426
0
0.716
0
-1.295
1
-1.854
0
-3.33
0
-7.436
0
-3.577
0
-11.264
0
-8.861
0
-6.166
1
-0.76
0
-5.07
0
-5.208
1
0.318
0
1.872
1
0.356
0
0.565
0
1.031
0
1.973
1
0.544
0
-9.576
0
8.692
0
-4.613
0
2.101
1
-0.554
0
-1.526
0
3.391
0
0.022
0
-1.167
0
0.629
1
1.647
1
0
1
3.719
1
-0.0310001
1
-0.761
0
2.864
0
-12.278
0
-4.068
1.579
0
4.372
0
-4.205
0
-7.673
1
0
0
-1.199
1
0.124
1
1.308
1
-0.241
0
-0.903
0
-2.18
1
-1.257
0
-1.427
1
-9.17
0
-3.015
0
0.0710001
0
1.247
0
-6.265
0
-10.649
0
2.468
0
-1.566
0
-4.686
0
-1.846
0
0.872
0
-7.372
0
-3.954
1
-1.56
0
-0.186
0
3.557
0
6.196
0
-5.838
0
-2.788
0
-0.642
1
0.0409999
1
0.448
0
-0.793
0
7.147
0
-5.052
0
-0.266
0
-7.565
0
1.32
0
1.671
0
-2.531
0
-2.16
0
-4.458
0
1.579
0.942
0
-3.59
1
0.355
0
5.18
0
4.759
1
2.119
0
-4.445
0
-4.294
1
-2.236
0
0.957
0
-6.379
0
-3.971
0
0.589
1
-3.273
0
-0.908
0
-4.106
0
-3.344
1
-0.0829999
0
-2.661
0
3.326
0
3.944
0
-10.899
0
0
0
-0.00399983
0
3.591
0
-2.911
0
1.627
0
1.158
0
-3.636
0
3.204
1
-0.00400019
0
1.521
0
1.862
0
-1.725
1
1.494
0
-6.002
0
-6.237
0
4.492
1
-0.417
0
-0.62
0
-2.587
1
-0.372
0
4.023
0
0.992
1
0
1
0.942
1.209
0
0
0
-4.611
1
-0.501
0
-2.536
0
1.143
1
3.68
0
-0.466
1
7.514
1
-2.202
0
-5.671
1
-1.399
1
2.648
0
0.847
1
0.624
0
0.45
0
-13.267
1
-0.742
0
-0.387
0
-4.264
0
3.659
0
-9.579
0
3.603
1
0
0
0.957
1
2.156
0
-8.58
0
-0.225
0
0.199
0
-3.677
0
1.354
0
2.883
0
-2.446
0
-0.69
0
4.377
1
0.768
0
-4.017
0
0.617
0
-2.93
0
-1.213
0
-9.36
0
2.134
0
-10.379
0
-1.776
0
-4.628
0
1.209
