

0
0
0
0
0
0
0
0
0
0
0
0
0
0
0
0
0
0
0
0
0
0
0
0
0
0
0
0
0
0
0
0
0
0
0
0
0
0
0
0
0
0
0
0
0
0
0
0
0
0
0
0
0
0
0
0
0
0
0
0
0
0
0
0
0
0
0
0
0
0
0
0
0
0
0
0
0
0
0
0
0
0
0
0
0
0
0
0
0
0
0
0
0
0
0
0
0
0
0
0
0
0
0
0
0
0
0
0
0
0
0
0
0
0
0
0
0
0
0
0
0
0
0
0
0
0
0
0
0
0
0
0
0
0
0
0
0
0
0
0
0
0
0
0
0
0
0
0
0
0
0
0
0
0
0
0
0
0
0
0
0
0
0
0
0
0
0
0
0
0
0
0
0
0
0
0
0
0
0
0
0
0
0
0
0
0
0
0
0
0
0
0
0
0
0
0
0
0
0
0
0
0
0
0
0
0
0
0
0
0
0
0
0
0
0
0
0
0
0
0
0
0
0
0
0
0
0
0
0
0
0
0
0
0
0
0
0
0
0
0
0
0
0
0
0
0
0
0
0
0
0
0
0
0
0
0
0
0
0
0
0
0
0
0
0
0
0
0
0
0
0
0
0
0
0
0
0
0
0
0
0
0
0
0
0
0
0
0
0
0
0
0
0
0
0
0
0
0
0
0
0
0
0
0
0
0
0
0
0
0
0
0
0
0
0
0
0
0
0
0
0
0
0
0
0
0
0
0
0
0
0
0
0
0
0
0
0
0
0
0
0
0
0
0
0
0
0
0
0
0
0
0
0
0
0
0
0
0
0
0
0
0
0
0
0
0
0
0
0
0
0
0
0
0
0
0
0
0
0
0
0
0
0
0
0
0
0
0
0
0
0
0
0
0
0
0
0
0
0
0
0
0
0
0
0
0
0
0
0
0
0
0
0
0
0
0
0
0
0
0
0
0
0
0
0
0
0
0
0
0
0
0
0
0
0
0
0
0
0
0
0
0
0
0
0
0
0
0
0
0
0
0
0
0
0
0
0
0
0
0
0
0
0
0
0
0
0
0
0
0
0
0
0
0
0
0
0
0
0
0
0
0
0
0
0
0
0
0
0
0
0
0
0
0
0
0
0
0
0
0
0
0
0
0
0
0
0
0
0
0
0
0
0
0
0
0
0
0
0
0
0
0
0
0
0
0
0
0
0
0
0
0
0
0
0
0
0
0
0
0
0
0
0
0
0
0
0
0
0
0
0
0
0
0
0
0
0
0
0
0
0
0
0
0
0
0
0
0
0
0
0
0
0
0
0
0
0
0
0
0
0
0
0
0
0
0
0
0
0
0
0
0
0
0
0
0
0
0
0
0
0
0
0
0
0
0
0
0
0
0
0
0
0
0
0
0
0
0
0
0
0
0
0
0
0
0
0
0
0
0
0
0
0
0
0
0
0
0
0
0
0
0
0
0
0
0
0
0
0
0
0
0
0
0
0
0
0
0
0
0
0
0
0
0
0
0
0
0
0
0
0
0
0
0
0
0
0
0
0
0
0
0
0
0
0
0
0
0
0
0
0
0
0
0
0
0
0
0
0
0
0
0
0
0
0
0
0
0
0
0
0
0
0
0
0
0
0
0
0
0
0
0
0
0
0
0
0
0
0
0
0
0
0
0
0
0
0
0
0
0
0
0
0
0
0
0
0
0
0
0
0
0
0
0
0
0
0
0
0
0
0
0
0
0
0
0
0
0
0
0
0
0
0
0
0
0
0
0
0
0
0
0
0
0
0
0
0
0
0
0
0
0
0
0
0
0
0
0
0
0
0
0
0
0
0
0
0
0
0
0
0
0
0
0
0
0
0
0
0
0
0
0
0
0
0
0
0
0
0
0
0
0
0
0
0
0
0
0
0
0
0
0
0
0
0
0
0
0
0
0
0
0
0
0
0
0
0
0
0
0
0
0
0
0
0
0
0
0
0
0
0
0
0
0
0
0
0
0
0
0
0
0
0
0
0
0
0
0
0
0
0
0
0
0
0
0
0
0
0
0
0
0
0
0
0
0
0
0
0
0


-0.196
0
-0.877
0
-3.661
0
-0.7
0
-2.91
1
-2.404
0
3.593
0
-9.629
0
-0.877
0
-2.911
0
0.423
0
-0.807
1
0.699
0
-6.367
0
0.214
0
-3.409
0
1.843
0
-4.314
1
-3.902
0
2.983
1
3.415
1
-1.954
0
-5.774
1
-11.17
0
-0.467
1
3.482
0
-13.859
0
1.546
0
1.846
1
-1.716
1
-3.206
0
-3.961
1
2.761
1
-6.511
1
-5.774
1
-1.755
0
-9.351
1
-1.83
1
-3.698
0
-1.531
1
-5.037
1
-1.213
1
2.773
1
-5.094
1
5.163
1
-0.196
-1.37
0
-5.396
0
-5.979
1
-1.638
0
-2.021
1
0.22
0
-3.332
0
-5.095
0
-9.636
0
-8.737
0
10.908
0
-0.0960001
0
-3.551
1
1.222
1
-3.734
1
-2.321
0
-2.285
1
-1.336
0
3.119
0
0.207
1
-1.477
0
-0.976
1
2.724
1
-4.03
0
4.691
0
-5.473
0
-18.259
1
5.114
0
1.424
0
-1.345
0
-4.597
0
3.551
1
-0.418
1
-8.372
1
-5.375
1
1.02
1
-4.664
1
-4.426
0
-6.66
0
4.704
1
-3.089
0
-5.295
1
7.953
0
-1.791
1
4.698
1
-1.37
17.603
1
14.674
0
-33.258
1
-18.064
1
0.783
1
-1.533
0
-3.242
1
1.657
0
2.84
1
-66.442
0
-44.656
0
4.777
0
-0.854
1
1
0
-7.462
1
-6.091
1
-7.006
1
5.212
0
-9.526
0
7.478
0
8.926
1
6.862
0
5.465
0
-2.308
1
-8.334
1
2.835
0
-4.779
0
-2.932
0
-2.214
0
-7.025
0
4.498
0
-2.365
0
-4.952
0
-5.297
1
-8.412
0
9.082
0
-0.35
0
4.622
1
3.212
0
-2.948
1
-2.993
1
4.91
1
-2.288
1
13.263
0
0.931
0
17.603
-20.778
1
0.0849999
1
2.647
1
1.998
1
1.38
0
-12.816
1
-0.863
0
-2.6
1
0.558
0
1.208
1
1.976
1
-3.485
1
-1.086
0
-3.328
1
-1.492
1
-8.502
1
-0.579
1
-12.391
0
-0.429
0
-4.312
1
-5.01
1
1.011
0
-4.388
0
-3.304
0
-2.81
0
-3.77
0
0.311
0
-1.974
0
-1.028
1
-8.551
1
4.267
0
1.404
0
-2.998
0
0.539001
0
-4.702
0
4.439
1
-4.181
0
6.027
1
0.436
1
-2.52
0
-3.473
0
-8.42
0
-5.73
0
-7.869
0
0.409999
1
-20.778
-0.521999
0
0.864
1
10.672
1
0.367
1
0.0179999
0
5.642
1
0.377
0
0.709
1
-0.344
1
4.422
0
-7.381
1
-6.345
0
-5.862
0
1.247
1
-5.198
0
2.131
0
7.609
0
-9.849
0
-2.136
0
-9.62
0
5.339
0
3.295
1
-0.503
1
-3.717
0
-3.792
0
1.833
1
-4.001
1
0.613
1
-3.762
1
-7.633
1
-5.265
1
-16.18
1
1.147
1
3.43
1
-3.415
0
-0.951
1
-9.597
1
-15.648
1
-12.631
1
-8.469
1
0.0900004
1
-6.282
1
7.748
0
5.632
1
-3.104
0
-0.521999
-33.447
1
-3.874
1
-4.558
0
-11.277
1
-1.566
1
-1.524
0
-17.816
0
-4.433
1
-1.913
1
-3.397
0
-8.057
1
-5.975
1
1.941
1
-5.465
0
-2.866
1
11.339
0
-0.491
1
-2.954
1
-11.764
0
-6.041
1
2.272
1
-1.025
0
10.837
0
-2.285
1
-0.629
0
-2.911
1
-4.652
0
1.69
1
-2.287
1
-7.645
0
-2.691
1
-0.795
0
1.815
0
-6.811
1
0.711
0
-0.147
0
13.707
0
-2.023
0
3.057
0
0.262
1
0.67
1
-1.378
1
0.654
0
-2.81
1
-0.454
1
-33.447
-37.307
0
5.512
0
3.142
0
0.4
1
-6.759
1
4.065
0
-7.233
1
-2.107
1
-1.33
0
-6.567
1
4.799
0
-3.729
0
0.636
0
-0.929
0
-8.996
0
0.185
1
-2.362
1
-2.671
1
-6.322
0
-2.946
0
-10.34
0
-1.266
0
-4.015
1
1.73
1
-2.852
1
-5.943
1
-6.724
1
5.921
1
1.589
1
4.579
0
5.751
0
-4.152
1
-0.495
1
-1.219
0
-1.794
1
-5.019
1
-2.422
1
-1.765
1
0.932
1
3.607
1
-0.724
0
0.384
0
1.799
0
3.744
1
-1.857
1
-37.307
-64.591
1
-1.607
1
7.223
1
-12.889
1
-9.266
0
0.84
0
1.347
0
-3.036
1
-4.145
1
-7.552
0
-6.383
1
-7.664
0
-1.629
0
-8.709
0
-4.016
1
-4.317
0
3.71
1
-2.2
1
0.794
0
8.704
0
-7.661
1
2.395
0
-2.817
1
0.957
0
-1.414
0
10.121
0
-1.788
1
-0.808
1
-6.932
0
-3.05
1
1.474
0
-4.233
0
-11.463
0
-1.1
1
7.143
1
2.039
0
-11.991
0
-0.0879997
0
-1.883
1
5.581
0
0.719
1
-11.449
0
-0.33
1
1.928
0
-3.216
0
-64.591
-4.36
0
0.614
0
-5.407
1
-1.83
0
-1.503
0
0.128
0
0.549
1
-4.586
0
-5.22
0
1.838
1
-3.461
1
-11.043
1
1.982
0
-0.176
0
3.131
1
-2.461
1
-3.024
1
2.534
1
-1.466
0
3.967
0
-1.828
1
1.984
0
-2.554
0
-6.547
1
-2.759
1
5.171
0
-1.443
1
3.009
1
-5.614
1
-14.395
1
-6.69
0
-2.055
0
-0.189
1
-2.859
0
-0.205
0
7.886
0
5.8
0
-6.77
1
-7.418
0
-10.89
1
2.178
1
0.926
1
-6.719
1
-6.527
0
-4.74
1
-4.36
-9.379
0
-4.889
0
5.975
1
8.329
1
-2.858
1
-8.949
0
-6.26
0
-6.898
1
1.673
0
-1.661
1
6.383
0
-5.028
0
-8.842
1
1.722
0
3.763
0
-3.621
0
-1.091
1
-1.736
0
-5.341
1
6.915
0
3.349
1
-1.064
0
2.772
0
-7.506
1
-0.125
1
3.346
1
-7.523
1
-3.184
0
2.484
0
1.203
1
-0.454
1
-1.14
1
-3.836
1
-2.025
0
2.388
0
11.419
0
-5.967
0
1.154
1
-13.236
1
-3.096
1
1.52
0
-2.159
0
3.771
1
-1.402
1
-1
0
-9.379


-0.278
0
4.862
1
-0.158
0
-7.976
0
-1.842
0
-2.478
0
-1.643
0
-3.486
0
0.0820001
1
3.373
0
-3.684
1
-0.393
0
-1.849
1
8.392
0
-0.141
1
1.139
0
-7.033
0
0.393
0
-5.744
0
-6.892
0
-3.492
0
0.433
0
-0.789
0
-5.503
0
-4.195
1
-7.594
0
5.448
1
-3.623
0
-4.98
1
-2.504
0
1.211
1
-7.396
0
-1.993
0
11.427
0
-3.554
1
-0.734
1
-11.561
1
-3.803
1
-4.492
0
-4.04
0
-11.865
1
0.297
1
-0.108
0
2.606
0
-8.643
1
-0.278
-5.571
0
-1.623
1
-4.927
1
-3.149
1
-1.071
0
8.892
1
-2.16
0
-5.209
0
2.375
1
-4.662
1
2.739
0
-3.628
0
10.067
1
-2.881
1
-7.83
0
3.972
0
-2.037
0
-0.122999
1
0.342
1
-5.594
1
1.577
0
-3.337
0
-7.228
1
4.099
1
-3.163
0
5.304
1
9.205
0
-1.578
0
-7.202
0
-1.088
0
-13.536
1
-6.578
1
-1.213
0
-3.2
1
2.182
0
-0.525
1
-8.825
1
-2.805
0
6.495
1
-1.89
1
-2.35
0
-5.253
1
-0.414
1
-2.438
1
-1.721
0
-5.571
7.596
1
2.706
1
0.224
0
2.45
0
-5.684
0
-1.67
0
-1.425
1
0.0770001
0
-5.963
1
0.419
1
1.163
1
0.287
1
-7.829
1
1.684
0
4.754
0
5.256
0
0.826
1
-0.126
1
5.239
1
1.431
0
-4.52
0
4.81
0
3.748
0
-6.327
0
-2.465
0
-11.213
0
5.206
0
1.247
0
-5.315
0
5.377
0
3.889
0
1.627
1
-0.302
0
2.8
0
4.958
1
3.497
0
3.575
1
-3.24
1
-1.084
1
-7.338
0
3.322
1
-4.455
1
2.48
0
-2.27
0
3.888
1
7.596
-13.845
0
1.364
0
9.831
0
-1.724
0
-8.031
0
-0.535
1
-15.355
1
2.215
0
-12.238
0
-3.448
0
-4.073
0
-1.077
1
-1.371
0
4.073
0
-11.58
0
6.094
0
2.318
1
9.655
0
0.243
0
4.154
0
1.411
0
4.019
1
-5.645
1
3.943
1
-3.608
1
-0.24
0
2.595
0
-2.071
1
-10.124
0
-0.332
1
-5.41
0
-2.962
0
-17.063
1
0.626
0
2.161
0
0.319
0
-2.266
0
4.455
0
4.026
0
6.031
1
1.468
0
-1.328
1
-3.208
1
-1.884
1
-6.209
0
-13.845
-70.621
1
6.321
0
-0.764
1
-0.189
1
4.055
0
4.65
1
2.578
1
-5.692
1
-2.42
1
0.833
0
-2.839
0
-1.019
1
-17.389
0
-9.513
0
8.288
0
0.89
1
6.307
0
-6.403
1
-0.563
1
-4.414
0
-5.628
0
3.159
1
5.824
1
-0.154
1
4.31
1
-2.233
1
-3.957
1
0.402
1
-5.033
1
0.0470002
0
-0.458
0
-0.972
0
-4.517
0
-4.805
1
-6.767
1
-3.582
1
-6.305
1
5.626
1
6.318
0
-3.915
1
-4.48
0
2.067
1
2.426
1
3.097
1
4.029
1
-70.621
-23.067
1
9.687
0
-1.556
0
-7.112
1
4.088
1
-4.349
0
-1.038
0
-3.089
0
-4.638
1
-3.496
0
2.839
0
4.495
1
-8.224
1
-0.305
0
-3.942
0
-3.55
1
1.425
0
-6.037
0
-0.601
0
-7.787
0
-0.814
1
3.763
1
-4.65
1
5.112
0
2.213
0
-2.946
1
-2.414
1
-11.188
0
-2.003
1
-4.862
0
6.834
0
-1.032
1
-6.448
1
1.42
0
-5.331
1
-1.298
1
-7.186
0
2.062
0
-4.412
1
-0.643
0
-1.972
1
-0.563
1
-0.729
0
3.674
1
-1.179
0
-23.067
11.814
0
1.426
0
8.896
0
-0.0490001
1
1.813
0
0.864
1
-1.741
0
4.969
1
5.826
1
-6.063
0
-1.918
1
-6.36
0
-0.695001
1
5.071
1
0.666
1
-4.7
0
-0.0910002
1
1.997
0
3.132
0
-0.848
1
3.911
0
1.758
0
-1.926
1
-6.808
1
6.321
1
1.021
0
-7.07
0
4.513
0
7.424
0
-1.118
1
-1.088
1
1.022
1
-1.255
1
3.076
1
-7.835
0
2.549
1
-2.045
1
2.833
1
-5.61
1
-3.732
0
0.82
1
-2.401
0
-1.473
1
-3.456
0
-4.526
1
11.814
11.753
0
3.446
0
-3.582
1
-2.534
1
-6.246
1
3.945
1
-3.573
1
5.585
1
-4.615
1
4.18
1
-0.55
0
8.597
0
-4.065
0
-1.651
1
-1.043
1
4.111
0
-0.452
1
-3.718
0
2.417
0
-2.589
0
8.158
1
-5.727
0
-1.548
1
7.547
0
-5.161
0
1.512
1
7.046
1
-7.422
0
-6.253
1
-1.814
0
-3.7
0
1.779
1
-0.124
0
-9.564
1
0.163
0
-0.836
0
-3.14
1
-1.882
0
1.923
0
-7.241
0
0.451
0
-5.58
0
-3.488
0
-10.858
0
5.481
1
11.753
-10.502
0
-9.007
1
0.577
0
-2.635
1
-3.207
1
0.378
0
-10.155
1
3.163
0
-9.934
0
1.827
0
-2.698
0
3.532
0
3.185
1
2.73
0
-3.405
1
-1.956
1
8.22
0
1.849
1
5.652
1
-9.927
0
-6.877
0
3.807
0
-2.472
0
-7.53
0
5.51
1
2.466
1
4.231
1
2.463
1
0.332
1
9.28
0
-12.339
0
-1.07
1
-5.297
1
2.24
1
-2.158
1
-4.609
0
9.157
0
0.03
1
1.834
0
-3.708
0
5.8
0
-4.466
1
-7.355
1
-2.251
0
-9.247
1
-10.502
-81.35
1
7.945
0
-1.046
1
0.746
0
-5.493
0
-0.66
0
4.593
0
7.992
0
-4.851
1
-2.605
0
0.662
1
10.393
0
-8.168
0
-6.631
1
3.494
1
8.738
1
1.152
1
-0.378999
1
-10.397
0
4.386
1
-4.196
1
0.927001
0
-4.648
1
-3.39
0
-13.901
0
0.17
1
0.169
1
8.548
0
-0.598
0
-4.784
0
-1.599
1
3.937
1
10.072
0
-6.827
0
-8.138
0
-7.612
0
-10.758
0
8.903
0
0.0189997
1
2.649
1
5.036
1
4.742
0
-4.826
0
8.162
0
-7.088
1
-81.35


-31.878
0
-9.984
1
-7.119
1
5.415
1
5.975
0
-1.531
0
5.923
0
1.626
0
3.172
0
-0.754
0
3.056
1
-5.569
0
-0.746
0
-1.651
0
3.124
0
3.08
1
-2.765
1
-3.597
0
4.363
1
3.684
0
-2.924
0
-7.405
0
-2.525
0
-5.763
0
-0.892
1
7.463
1
-1.649
1
-5.324
1
-5.439
1
-9.11
1
-6.129
1
-2.03
0
0.214
1
-1.012
0
10.358
0
2.877
0
-5.4
1
-4.065
1
1.428
0
-5.982
1
-8.292
0
-1.268
1
-12.006
0
-14.199
1
-3.289
0
-31.878
-43.487
1
-1.618
1
1.033
0
4.65
0
2.178
0
-9.829
0
-0.588
0
-1.731
0
-8.75
1
-2.616
1
0.486
1
-8.509
0
-5.965
0
-0.804
1
2.425
1
1.55
0
-1.292
1
-0.734
0
-8.938
0
2.747
0
-2.381
1
-8.739
0
-5.155
0
0.534
1
6.995
0
3.463
1
-1.027
0
-4.585
1
-3.46
1
4.909
0
1.158
0
4.5
0
-2.833
0
-0.919
0
-4.952
0
-1.799
0
0.622
1
-6.081
0
5.732
0
-1.223
0
-3.777
1
4.096
1
-0.243
0
-9.938
1
-8.734
0
-43.487
-13.404
0
-17.735
1
-0.275
0
-5.618
0
-7.028
0
4.747
1
-3.922
0
-2.183
0
3.487
0
-5.63
1
6.763
1
-4.307
1
-5.253
0
1.738
1
-4.741
0
4.085
1
1.896
1
3.323
1
2.722
0
-2.213
0
2.431
0
-4.213
1
-1.806
0
-0.715
0
4.634
0
0.449
0
-3.47
0
-5.83
1
-2.751
0
1.441
0
-7.612
1
-5.492
0
-7.111
0
-3.625
0
0.494
1
-2.107
0
-1.296
0
-2.956
0
-2.247
0
-6.038
0
4.705
1
4.27
1
-13.765
1
4.53
1
-8.85
0
-13.404
-28.168
1
-4.374
0
1.614
1
-5.267
1
1.387
0
9.538
1
3.312
0
-0.656
0
-0.95
1
-3.157
1
-0.354
1
0.865999
0
-2.869
0
-1.406
0
-3.755
1
-2.307
1
3.138
1
-2.36
1
0.165
1
-10.669
0
-3.913
1
-3.886
0
-6.876
0
-3.404
0
2.36
0
0.153
1
-3.988
0
-0.0340003
1
0.929001
0
8.939
0
-4.462
0
-4.407
0
6.87
0
-2.068
0
-2.378
0
-0.182
1
-3.685
0
1.499
1
5.175
1
-3.534
1
-1.959
1
1.433
1
5.562
1
-3.14
1
0.877
1
-28.168
-72.459
1
-1.952
0
10.865
1
-8.455
0
-0.248001
0
4.193
0
5.318
0
-13.137
1
0.0820004
1
-6.91
1
1.446
1
-1.796
0
-6.96
0
-2.542
1
3.824
0
-8.688
0
-5.185
0
-0.894
0
4.157
0
3.926
1
2.682
1
-4.766
1
-5.677
0
-0.463
0
-3.798
1
-1.927
0
-6.769
1
-1.362
1
-1.902
1
2.45
0
-1.585
1
1.454
1
8.04
0
2.517
1
-3.947
1
3.958
0
-2.128
0
2.49
1
1.301
0
0.82
0
2.934
1
3.988
1
-4.375
0
12.979
0
5.727
0
-72.459
-13.204
0
5.267
0
1.915
0
5.948
1
-4.074
0
-3.715
0
6.145
0
-5.296
0
0.469
1
0.178
0
-7.913
1
-7.367
1
6.393
0
-1.571
1
-0.163
1
0.983
1
-2.041
0
3.049
0
6.083
0
-10.6
1
-1.152
1
1.395
0
-13.139
0
1.933
0
-4.927
1
-11.656
0
-2.4
0
-0.812
0
-8.46
1
-0.781
0
-0.951999
1
-2.456
1
-1.549
1
-3.799
1
-2.263
1
1.919
1
5.663
0
4.105
1
2.23
1
-9.768
0
-2.848
0
5.901
0
-1.374
1
-4.462
0
-1.478
0
-13.204
-68.116
1
-4.679
0
5.103
0
2.213
1
2.654
1
1.92
1
11.318
0
-6.05
1
9.629
1
5.958
0
-1.891
0
-9.632
0
-9.252
1
-0.147
0
7.938
1
-7.995
0
-2.767
1
-0.506
1
-0.226
1
8.255
1
-6.553
1
-6.348
0
-7.979
0
2.251
0
-3.088
0
-2.556
0
-0.275
0
12.812
0
-15.704
1
1.076
0
2.222
0
-3.545
1
-3.588
0
-10.493
0
0.733
0
0.806
1
3.893
1
-11.146
0
-1.072
1
-3.705
1
-0.967
0
-4.264
0
6.333
1
7.312
0
-3.614
0
-68.116
-24.132
1
-4.007
0
5.006
1
-6.274
1
-5.027
0
-8.591
0
2.922
0
5.417
1
0.615
1
14.913
0
-0.108
0
-4.554
1
-0.11
0
-1.715
0
2.969
1
-2.235
0
1.387
1
-1.265
0
1.607
1
7.102
0
-10.369
0
1.571
0
-0.556
1
-7.608
1
-2.873
1
-6.769
0
-6.839
0
0.257
1
-10.841
1
-10.61
0
-9.705
1
1.633
1
11.613
0
4.868
1
-1.453
1
2.865
1
1.613
1
1.06
0
-1.897
1
0.866
1
-0.679
1
-0.576
0
2.438
1
-0.846
0
-3.226
0
-24.132
-58.813
1
-5.687
0
5.718
0
-0.465
1
-0.772
0
-6.001
0
-3.974
1
-4.417
1
-3.335
0
-8.499
1
1.288
0
-1.356
1
-4.01
0
-7.306
0
-2.606
1
-5.76
0
-7.774
0
-8.504
0
1.372
0
-1.926
1
2.244
0
1.684
1
-5.453
1
1.167
0
0.475
0
2.81
0
0.531
0
-6.513
0
-7.72
1
0.708
0
-2.18
1
-1.398
1
-2.948
0
3.441
1
3.715
0
-6.803
1
4.062
0
0.133
0
-3.817
0
-6.35
1
3.802
1
-2.853
1
-1.856
1
-9.466
0
-2.55
1
-58.813
-37.505
0
-10.045
1
-0.148
1
-5.582
1
-6.206
1
-8.587
0
1.57
0
-0.584
0
4.028
0
-2.084
1
0.887
0
5.388
1
1.132
1
-8.962
1
-2.619
0
6.591
0
4.758
0
0.12
1
0.989
1
8.174
0
-1.205
1
-0.637
1
-2.033
1
-5.023
0
-4.408
1
6.409
1
-7.04
0
-0.656
1
2.222
1
0.8
1
-0.639999
1
0.582
0
-11.799
1
5.391
0
1.266
0
-1.385
1
-0.693999
0
-6.615
1
3.682
1
0.477
0
2.561
0
-1.796
1
-1.56
1
-4.743
1
-2.503
1
-37.505


-2.456
0
5.804
1
0.02
0
-0.25
0
5.159
0
-0.255
0
-2.189
1
-2.621
0
0.605
0
-7.987
0
-12.867
1
-11.592
1
-7.06
1
-5.817
1
1.775
0
1.673
0
-8.093
0
1.906
0
7.005
0
5.25
0
-5.111
0
-3.236
0
5.442
0
1.002
0
1.079
0
17.626
0
-1.111
1
-2.063
0
-5.354
0
3.025
0
1.38
1
0
0
1.929
0
-0.13
0
-2.914
0
4.053
0
-1.975
0
-1.954
0
2.031
0
-5.874
0
-2.677
0
-3.498
1
-0.00699997
0
-3.066
0
-5.089
1
-2.456
-3.327
0
0.983
0
-4.513
0
2.801
0
-13.518
0
-12.212
0
-5.432
0
-6.063
0
0.398
0
6.392
0
0.771
1
-3.085
1
4.579
0
2.657
1
-7.263
0
-0.767
1
-2.189
0
-8.723
0
-3.926
0
2.622
0
-0.922
0
-0.877
0
5.013
1
0.59
0
-2.219
0
-1.493
0
-5.107
0
5.05
0
-1.755
0
-4.022
0
-1.495
0
9.24
0
-1.797
0
-0.315
0
-9.576
0
-5.594
0
3.387
0
-3.321
0
-8.547
0
1.6
0
8.41
0
-4.482
0
-15.663
0
-1.873
0
9.15
0
-3.327
0.449001
0
-6.357
1
-0.429
0
2.252
0
9.79
0
4.124
0
1.772
0
-3.324
1
2.224
0
2.891
0
1.413
0
2.899
1
-5.777
0
0.224
0
-4.648
0
-6.725
0
-1.105
0
0.502
0
7.415
0
3.039
1
-0.000999928
0
0.143
0
-3.84
0
-6.28
0
-3.742
0
-6.353
0
1.376
0
-6.035
0
-3.519
0
1.671
0
-7.235
0
7.074
0
-9.474
0
11.408
0
4.714
0
12.371
0
-0.878
0
0.0390003
0
-3.519
0
-6.483
1
-0.0569999
0
-5.344
0
-14.293
0
-10.865
0
0.38
0
0.449001
1.982
0
-3.109
0
-3.402
0
2.073
1
2.815
0
-4.579
1
0.769
0
-6.79
0
-1.535
0
2.327
0
-0.0329995
1
8.747
0
-2.661
0
-6.769
0
5.318
0
-1.478
0
-4.606
0
-0.522
0
-1.885
1
0.036
0
-1.373
0
11.552
0
2.76
0
0.715
1
0.04
1
0.163
0
-0.986
0
-0.204
0
-0.41
0
-1.208
0
1.594
0
-14.374
0
5.885
0
-1.425
0
-0.834
0
-3.516
0
-5.617
0
-3.804
0
3.278
0
-5.404
0
-1.89
0
4.659
0
-1.89
0
1.668
0
-1.398
0
1.982
