

0
0
0
0
0
0
0
0
0
0
0
0
0
0
0
0
0
0
0
0
0
0
0
0
0
0
0
0
0
0
0
0
0
0
0
0
0
0
0
0
0
0
0
0
0
0
0
0
0
0
0
0
0
0
0
0
0
0
0
0
0
0
0
0
0
0
0
0
0
0
0
0
0
0
0
0
0
0
0
0
0
0
0
0
0
0
0
0
0
0
0
0
0
0
0
0
0
0
0
0
0
0
0
0
0
0
0
0
0
0
0
0
0
0
0
0
0
0
0
0
0
0
0
0
0
0
0
0
0
0
0
0
0
0
0
0
0
0
0
0
0
0
0
0
0
0
0
0
0
0
0
0
0
0
0
0
0
0
0
0
0
0
0
0
0
0
0
0
0
0
0
0
0
0
0
0
0
0
0
0
0
0
0
0
0
0
0
0
0
0
0
0
0
0
0
0
0
0
0
0
0
0
0
0
0
0
0
0
0
0
0
0
0
0
0
0
0
0
0
0
0
0
0
0
0
0
0
0
0
0
0
0
0
0
0
0
0
0
0
0
0
0
0
0
0
0
0
0
0
0
0
0
0
0
0
0
0
0
0
0
0
0
0
0
0
0
0
0
0
0
0
0
0
0
0
0
0
0
0
0
0
0
0
0
0
0
0
0
0
0
0
0
0
0
0
0
0
0
0
0
0
0
0
0
0
0
0
0
0
0
0
0
0
0
0
0
0
0
0
0
0
0
0
0
0
0
0
0
0
0
0
0
0
0
0
0
0
0
0
0
0
0
0
0
0
0
0
0
0
0
0
0
0
0
0
0
0
0
0
0
0
0
0
0
0
0
0
0
0
0
0
0
0
0
0
0
0
0
0
0
0
0
0
0
0
0
0
0
0
0
0
0
0
0
0
0
0
0
0
0
0
0
0
0
0
0
0
0
0
0
0
0
0
0
0
0
0
0
0
0
0
0
0
0
0
0
0
0
0
0
0
0
0
0
0
0
0
0
0
0
0
0
0
0
0
0
0
0
0
0
0
0
0
0
0
0
0
0
0
0
0
0
0
0
0
0
0
0
0
0
0
0
0
0
0
0
0
0
0
0
0
0
0
0
0
0
0
0
0
0
0
0
0
0
0
0
0
0
0
0
0
0
0
0
0
0
0
0
0
0
0
0
0
0
0
0
0
0
0
0
0
0
0
0
0
0
0
0
0
0
0
0
0
0
0
0
0
0
0
0
0
0
0
0
0
0
0
0
0
0
0
0
0
0
0
0
0
0
0
0
0
0
0
0
0
0
0
0
0
0
0
0
0
0
0
0
0
0
0
0
0
0
0
0
0
0
0
0
0
0
0
0
0
0
0
0
0
0
0
0
0
0
0
0
0
0
0
0
0
0
0
0
0
0
0
0
0
0
0
0
0
0
0
0
0
0
0
0
0
0
0
0
0
0
0
0
0
0
0
0
0
0
0
0
0
0
0
0
0
0
0
0
0
0
0
0
0
0
0
0
0
0
0
0
0
0
0
0
0
0
0
0
0
0
0
0
0
0
0
0
0
0
0
0
0
0
0
0
0
0
0
0
0
0
0
0
0
0
0
0
0
0
0
0
0
0
0
0
0
0
0
0
0
0
0
0
0
0
0
0
0
0
0
0
0
0
0
0
0
0
0
0
0
0
0
0
0
0
0
0
0
0
0
0
0
0
0
0
0
0
0
0
0
0
0
0
0
0
0
0
0
0
0
0
0
0
0
0
0
0
0
0
0
0
0
0
0
0
0
0
0
0
0
0
0
0
0
0
0
0
0
0
0
0
0
0
0
0
0
0
0
0
0
0
0
0
0
0
0
0
0
0
0
0
0
0
0
0
0
0
0
0
0
0
0
0
0
0
0
0
0
0
0
0
0
0
0
0
0
0
0
0
0
0
0
0
0
0
0
0
0
0
0
0
0
0
0
0
0
0
0
0
0
0
0
0
0
0
0
0
0
0
0
0
0
0
0
0
0
0
0
0
0
0
0
0
0
0
0
0
0
0
0
0
0
0
0
0
0
0
0
0
0
0
0
0
0
0
0
0


-0.196
0
-0.877
0
-3.962
0
-2.33
0
-4.005
1
-2.404
0
3.593
0
-7.14
0
-3.783
0
-1.516
0
0.423
1
-0.807
1
-0.969
1
-6.228
0
-1.011
0
-3.022
1
2.145
0
-6.158
1
-3.902
0
0.621
1
3.415
1
-0.0649993
1
-5.774
1
-13.106
0
-0.467
1
1.615
1
-12.891
0
2.843
0
0.611
1
-3.12
1
-1.77
1
-5.939
0
2.019
1
-6.511
0
-6.568
0
-0.0779996
0
-5.352
1
-5.394
0
-5.525
1
-1.531
1
-1.589
0
-1.252
1
2.955
1
-5.094
1
5.74
1
-0.196
-1.37
0
-3.074
0
-5.979
1
-1.638
0
-3.133
1
0.22
0
-3.995
0
-4.602
0
-9.636
0
-10.164
0
10.908
0
-0.0960001
0
-3.551
1
1.976
1
-3.734
1
-3.282
0
-0.712
0
-0.0489999
1
3.119
1
1.615
0
-1.943
0
-0.976
1
4.046
1
-3.657
0
4.029
1
-8.882
0
-20.807
1
3.637
0
3.432
0
-2.381
0
-5.787
0
3.468
1
1.637
1
-7.812
1
-5.276
1
1.02
1
-4.664
0
-3.599
1
-4.295
0
4.699
1
-4.704
0
-5.052
0
7.953
1
-1.791
1
4.698
0
-1.37
19.389
1
14.701
0
-32.232
1
-18.72
1
-4.572
1
-1.533
0
-6.918
1
1.657
0
2.84
1
-71.402
0
-44.656
0
4.777
0
-0.335
1
1
0
-7.462
0
-6.091
1
-7.006
1
5.212
1
-10.213
1
8.975
0
8.201
0
6.862
0
6.496
0
-4.779
1
-10.645
1
2.835
0
-2.989
1
-5.981
0
-1.965
1
-7.082
1
5.929
1
-4.117
0
-4.998
1
-3.015
0
-9.9
0
9.082
1
-0.927
0
4.154
1
3.212
0
-4.58
0
-3.381
1
4.91
0
-0.843
1
15.168
1
1.302
0
19.389
-20.772
1
0.0849999
1
2.647
1
1.998
1
1.38
0
-10.815
1
-0.863
0
-0.325
1
0.572
0
1.404
1
1.976
1
-3.734
1
-1.086
1
-4.642
1
-2.708
0
-8.457
1
-0.738
1
-11.969
0
-0.667
1
-4.571
1
-5.163
1
1.42
1
-4.388
1
-3.641
0
-2.81
0
-0.340999
0
0.453
0
-4.569
1
-2.707
1
-9.108
1
2.986
1
1.404
0
-1.526
0
0.539001
0
-4.481
1
5.495
0
-5.926
1
7.543
1
0.436
0
-2.52
0
-5.084
1
-9.987
0
-5.73
1
-9.244
0
0.409999
0
-20.772
-0.614999
0
-0.0240004
1
10.591
1
0.367
1
0.0179999
0
5.642
1
0.427
0
-0.0359999
1
-0.344
1
4.747
0
-8.038
1
-8.026
0
-6.48
0
-3.624
0
-3.622
1
2.131
0
7.609
1
-9.026
1
-4.41
0
-9.254
0
5.339
1
3.295
0
-0.503
1
-3.717
0
-5.946
1
1.121
1
-4.001
0
0.0879999
1
-3.762
0
-8.356
1
-5.265
0
-16.416
1
1.147
1
3.43
1
-3.415
1
-2.822
0
-8.823
0
-15.648
1
-12.631
1
-8.94
0
0.0900004
0
-10.577
0
7.748
1
3.97
1
-6.993
0
-0.614999
-35.131
1
-3.874
1
-4.756
0
-11.142
0
-1.566
1
-3.757
1
-17.816
0
-5.439
1
-1.913
1
0.0539992
0
-8.244
0
-7.454
0
-0.00800025
0
-4.382
0
-3.907
1
11.339
0
-2.287
1
-3.295
0
-14.156
0
-3.909
1
2.272
1
-3.208
1
11.588
1
-2.285
0
-0.629
1
-1.209
1
-4.652
1
0.318
1
-2.202
0
-4.767
1
-0.356
0
-1.022
0
1.077
0
-7.091
1
0.711
0
0.814
0
12.204
0
-1.432
0
5.567
1
0.262
0
-0.817
1
-2.141
0
0.654
1
-1.335
0
-0.841
1
-35.131
-61.323
1
5.512
0
1.215
0
0.4
1
-4.621
0
4.858
0
-9.434
1
-3.072
1
0.598
1
-8.492
1
5.634
0
-3.333
0
0.945
0
-3.233
0
-8.996
0
-1.209
1
-4.729
1
-2.671
1
-7.479
0
-8.738
0
-10.34
0
-1.754
0
-4.084
1
1.73
0
-3.63
1
-9.833
0
-6.724
1
5.921
1
1.687
0
4.579
0
5.751
0
-0.982
0
0.494
1
-0.219
0
-1.794
1
-4.481
0
-0.563
1
-1.765
1
1.332
0
3.607
1
-3.561
1
-1.238
0
1.799
0
1.897
1
-1.857
0
-61.323
-89.105
1
-1.607
1
8.16
0
-15.347
1
-10.691
1
0.133
0
-0.744
0
0.165
0
-5.641
0
-7.552
1
-5.089
0
-7.664
0
1.584
0
-9.336
1
-4.016
0
-4.317
1
3.71
0
-2.2
1
0.794
0
8.704
0
-5.478
1
2.095
0
-2.543
1
-0.654
0
-2.471
0
7.992
0
-2.202
1
0.304
1
-4.821
1
-5.538
0
1.474
0
-4.233
0
-9.331
0
-2.233
1
9.484
0
2.039
0
-9.787
0
-0.0879997
0
-1.999
1
5.581
0
0.719
0
-12.512
0
-1.071
0
1.928
1
-5.871
0
-89.105
-4.492
0
-0.468
0
-9.277
1
-1.83
0
0.308
0
0.128
0
0.549
1
-4.586
0
-7.915
0
0.933
1
-3.461
0
-15.796
1
1.982
1
-0.176
0
3.338
0
-2.461
0
-6.388
0
2.985
0
-4.463
0
3.967
0
0.132
1
2.67
0
-2.554
1
-4.14
0
-1.325
0
1.775
0
0.677
1
1.662
1
-1.304
1
-12.728
0
-6.004
0
-2.055
1
-0.189
1
-2.859
0
-0.0910003
0
7.886
0
7.346
1
-5.43
0
-7.418
0
-12.675
1
4.453
0
0.926
0
-7.016
0
-5.066
0
-5.101
1
-4.492
-13.37
0
-6.733
0
5.975
1
12.11
1
-3.637
1
-8.002
0
-3.961
0
-3.504
1
1.673
1
0.124999
1
6.383
0
-4.272
1
-8.547
1
1.722
1
3.763
0
-4.852
1
-1.091
0
-0.886
0
-7.788
1
5.242
0
1.654
0
-1.064
0
4.098
0
-7.506
1
-0.638
0
2.625
1
-7.126
1
-4.778
0
4.956
0
1.413
1
1.05
1
-1.14
0
-3.014
1
0.314001
0
3.875
0
11.419
0
-6.454
0
1.243
0
-13.029
0
-4.359
1
0.835
0
-0.227
0
1.37
1
-3.881
1
-2.976
0
-13.37


-0.278
0
4.862
1
-0.158
0
-5.353
0
-4.199
0
-1.651
0
-2.066
0
-3.345
0
-1.277
1
3.373
0
-3.684
0
1.97
1
-0.49
1
4.036
1
-1.696
1
1.139
0
-7.033
0
0.0340002
0
-7.873
0
-9.031
0
-3.492
0
-0.712
0
0.827
0
-7.457
0
-3.871
1
-7.144
1
4.977
1
-3.623
0
-6.611
1
-1.636
0
-0.59
1
-7.982
0
-1.993
0
11.427
1
-3.554
1
-0.734
1
-11.561
1
-1.888
1
-5.807
0
-4.04
0
-12.097
0
1.021
0
-0.108
0
2.606
1
-10.282
1
-0.278
1.89
1
-1.406
1
-5.63
0
-1.339
0
3.126
0
8.718
1
-3.338
0
-4.507
0
2.375
0
-0.322001
1
2.739
0
-3.628
0
8.381
0
-4.694
1
-6.999
1
1.211
0
-2.361
1
-0.122999
0
1.916
1
-6.17
1
1.952
0
-4.993
0
-7.228
0
5.506
1
-3.163
1
4.101
0
9.205
1
-0.467
0
-8.953
0
-1.088
0
-11.962
1
-6.234
1
-0.173
1
-2.574
1
-1.639
0
0.00800025
0
-9.356
0
-1.949
0
6.495
1
-2.735
0
-0.838
0
-5.655
0
0.391
1
-4.142
0
-3.884
0
1.89
7.596
1
2.706
1
0.224
0
-1.504
0
-5.111
0
-1.343
0
2.854
1
0.0770001
0
-6.707
1
0.419
1
1.163
1
0.0790001
1
-9.447
0
3.48
1
4.754
0
4.945
0
0.826
1
-0.126
1
5.239
1
1.431
0
-3.274
0
3.375
0
6.864
0
-3.619
0
-2.465
0
-8.894
0
4.671
1
-0.774
1
-4.76
0
4.502
1
1.404
0
1.627
1
2.397
0
2.8
0
4.958
1
1.791
0
2.337
1
-3.807
0
-1.426
1
-5.744
1
3.741
1
-5.739
1
1.323
0
-2.528
1
5.172
1
7.596
-21.291
1
-0.0940001
0
9.831
0
-1.724
0
-11.422
1
-2.747
1
-14.283
1
-0.27
0
-12.238
0
-3.448
0
-6.036
0
-1.077
1
-1.747
0
4.073
1
-12.011
0
1.301
1
-0.0730001
1
8.233
0
2.12
0
4.195
1
0.157001
1
4.019
1
-4.856
0
6.802
1
-3.608
1
-0.761
1
5.087
0
-1.273
1
-7.049
1
-0.332
0
-6.043
1
-2.962
0
-17.063
1
3.111
0
3.391
1
0.319
0
-3.654
0
5.851
0
3.147
0
6.031
0
1.468
1
1.413
1
-4.538
1
-7.271
0
-6.024
0
-21.291
-77.693
0
5.604
0
-3.824
0
-0.278
1
3.714
0
6.462
1
8.297
1
-5.041
1
-3.941
1
0.833
0
-5.784
1
-2.296
1
-16.229
0
-10.976
0
7.786
1
0.89
1
6.217
0
-10.538
0
2.579
1
-4.414
1
-2.049
0
5.175
0
6.818
1
-0.311
0
4.31
1
-2.233
1
-3.957
0
0.402
1
-8.848
1
0.0470002
1
-2.859
0
-3.548
0
-4.517
0
-4.493
0
-7.405
0
-3.258
0
-7.671
0
5.626
0
6.722
0
-5.891
1
-5.82
0
2.622
1
3.136
0
3.097
1
4.029
1
-77.693
-28.358
1
9.432
1
-1.32
1
-6.952
1
6.464
0
-2.261
0
-2.207
1
-4.464
0
-4.606
1
-5.199
0
3.126
1
4.495
0
-6.818
1
3.727
1
-2.968
0
-3.283
1
1.425
1
-7.133
1
-1.645
1
-11.641
0
-0.814
1
5.823
1
-4.65
1
6.441
0
2.213
0
-4.29
1
-2.414
0
-9.534
0
-2.058
0
-4.862
0
7.848
0
-1.032
0
-7.095
1
1.42
1
-5.899
1
-1.298
1
-5.325
0
2.062
1
-3.213
1
-1.058
1
-5.035
0
-5.111
0
-0.0919999
1
3.607
1
-0.989
0
-28.358
13.811
0
-0.238
1
10.73
0
-1.738
0
0.334001
1
0.712
1
-1.741
1
2.488
1
3.663
0
-3.743
0
-1.918
0
-7.205
0
-2.465
0
5.071
1
0.0900003
0
-4.7
1
-1.02
0
3.991
0
1.209
1
-2.081
0
3.911
0
1.758
0
-1.926
0
-9.049
1
10.555
1
1.021
1
-7.569
0
4.513
0
7.144
0
-1.118
1
-1.088
1
1.022
0
-4.543
0
3.076
1
-8.691
0
2.549
1
-2.045
0
5.66
1
-5.61
1
-3.732
0
1.384
1
-2.401
0
-0.0119996
0
-1.41
1
-3.461
0
13.811
11.054
0
5.75
0
-5.217
1
-2.534
1
-4.534
1
4.198
0
-4.807
1
4.662
1
-4.615
1
3.055
1
-0.55
0
8.597
0
-4.065
0
-1.587
1
-2.493
1
5.606
1
-0.452
1
-6.628
0
4.498
1
-2.589
0
8.283
0
-6.344
1
-1.548
0
5.898
0
-5.161
0
3.134
1
9.719
1
-7.422
0
-6.253
1
-2.558
0
-3.7
0
-0.185
1
-0.124
1
-11.083
1
-0.17
1
-0.836
0
-1.975
0
-1.882
0
-0.639
0
-6.712
0
0.451
0
-5.463
0
-2.685
0
-11.682
0
3.246
0
11.054
-32.738
0
-9.007
1
0.376001
0
-0.247
0
-3.207
0
1.015
0
-10.155
0
3.163
0
-9.443
0
1.827
1
-2.483
1
1.359
0
5.451
1
2.73
0
-3.405
0
2.922
1
9.519
0
1.849
0
6.904
1
-9.927
0
-6.877
0
0.342
0
-5.171
0
-7.53
1
3.575
1
3.691
1
2.699
0
1.964
1
-3.954
1
5.625
0
-10.793
0
-3.521
0
-5.297
0
2.24
1
-2.814
1
-6.601
1
11.071
1
0.03
1
1.834
0
-3.708
0
6.458
0
-2.344
0
-8.603
1
-4.884
1
-10.253
0
-32.738
-75.781
1
7.945
0
0.0470001
1
-1.216
0
-5.986
1
-0.66
0
4.392
1
9.105
1
-5.612
1
-3.418
1
-0.803
0
10.393
0
-8.808
0
-3.738
1
3.494
1
12.194
1
-1.025
0
0.0580006
1
-9.944
1
4.386
0
-3.756
1
-0.495999
0
-3.476
1
-3.97
0
-14.364
1
2.16
0
-3.254
0
9.245
1
-2.27
0
-4.74
0
-1.599
1
-0.226
0
10.927
0
-6.827
1
-10.02
1
-5.157
1
-10.758
0
10.485
1
-0.77
1
0.764
1
2.131
1
3.979
1
-5.1
0
6.981
0
-7.088
1
-75.781


-12.841
0
-9.984
1
-7.119
1
7.028
1
4.142
0
-1.377
0
3.168
1
1.004
1
1.385
0
-0.338
0
4.844
1
-5.248
1
-0.746
0
-1.874
0
0.925
0
0.98
0
-2.398
1
-3.597
0
4.363
0
3.684
1
-2.924
0
-10.62
1
-4.295
0
-5.763
0
-1.123
0
8.092
1
-1.635
1
-5.324
1
-5.35
0
-10.605
1
-7.907
1
-2.03
0
1.241
0
-1.012
1
10.358
0
4.166
0
-3.989
0
-4.065
1
2.579
1
-5.982
1
-7.75
1
1.618
1
-15.931
0
-13.214
0
-3.825
0
-12.841
-64.953
1
-3.747
0
2.636
1
4.65
0
0.916
0
-9.798
0
-0.588
0
-1.731
0
-10.418
1
-2.748
1
-5.188
0
-13.768
1
-5.965
1
0.319
0
1.061
1
1.55
0
-1.115
1
-5.173
1
-8.938
0
0.734
1
-2.819
1
-6.516
1
-7.648
0
-0.646
1
6.669
0
1.793
1
-1.248
0
-4.585
0
-1.118
1
4.909
1
5.293
1
2.996
0
-4.494
0
-1.834
1
-5.042
0
-2.632
1
-0.395
0
-6.864
0
4.792
0
-5.619
0
-5.331
1
4.123
0
-0.243
1
-9.275
1
-10.66
0
-64.953
-24.617
0
-16.299
1
-1.942
1
-4.649
1
-5.828
0
4.898
0
-0.749
0
-4.076
0
3.487
0
-7.67
1
8.523
0
-4.798
1
-6.694
0
1.738
0
-4.62
0
3.673
1
-0.24
1
4.595
1
1.414
1
-3.251
0
2.431
0
-4.213
1
-1.806
0
-2.696
1
2.911
1
0.449
0
-5.153
0
-7.902
0
-4.934
0
-1.522
1
-7.046
1
-4.178
1
-8.319
1
-3.939
0
1.345
1
-2.107
1
-1.296
0
-1.386
0
-1.371
0
-6.038
0
1.522
1
3.612
1
-12.448
1
4.53
1
-10.181
0
-24.617
-34.51
1
-5.869
1
1.777
1
-5.267
1
-0.217
1
11.231
0
4.887
1
0.0319996
1
-0.263
1
-3.857
0
-1.487
0
2.637
1
-2.869
0
0.322001
0
0.192
0
-2.33
1
3.138
1
-2.36
1
-1.192
1
-11.774
0
-3.913
1
-4.776
1
-6.79
0
-3.747
0
2.737
0
0.153
1
-4.269
0
-0.392
1
1.947
0
7.439
0
-4.594
0
-4.771
0
10.327
0
-4.439
0
-2.323
0
-0.182
1
-1.607
0
-0.285
0
6.709
1
-1.821
1
-3.608
0
1.634
1
5.46
0
-3.732
1
4.697
0
-34.51
-81.315
1
-1.952
0
7.804
0
-8.455
0
0.131999
1
0.960999
1
8.984
0
-12.843
1
-1.128
1
-10.101
1
-3.407
0
-1.796
1
-2.083
0
-4.742
1
3.824
0
-8.688
0
-6.051
1
-0.894
1
4.629
0
3.926
1
0.251
0
-2.413
1
-3.642
0
-1.032
0
-4.27
1
-4.554
1
-6.769
1
-1.362
0
-1.902
0
3.07
1
-1.585
0
3.025
0
7.794
0
2.517
1
1.004
1
6.082
0
-2.128
0
2.488
0
-0.754
1
-0.0529997
1
3.671
1
6.573
0
-4.375
0
12.979
0
6.088
0
-81.315
-10.765
0
5.267
1
2.298
0
5.948
1
-6.237
1
-2.416
0
7.451
0
-3.982
0
0.469
1
-1.282
0
-7.735
0
-5.341
1
7.784
1
-1.571
1
-0.163
0
-0.849
1
-2.041
0
3.006
0
6.177
0
-10.6
1
0.312
0
1.262
0
-11.885
0
1.933
0
-4.512
1
-14.602
0
-2.4
0
-2.533
0
-9.956
1
1.327
1
-0.951999
1
-3.657
1
-1.549
1
-4.913
0
-2.263
0
3.236
1
5.663
1
2.803
1
-0.74
0
-9.768
1
-2.548
0
7.874
1
-3.786
1
-5.361
1
-3.941
0
-10.765
-72.366
1
-4.917
0
5.162
0
6.205
1
3.445
0
0.972
1
11.318
0
-6.05
1
10.149
0
6.098
1
-1.968
0
-9.632
0
-10.068
1
-2.072
0
9.771
0
-2.993
1
-7.198
0
-1.65
0
1.187
0
7.132
1
-6.553
1
-6.535
0
-7.979
0
2.251
0
-4.738
0
-2.113
0
-0.275
1
10.615
0
-14.647
0
1.076
1
0.414
1
-3.545
0
-0.978
0
-10.11
0
0.733
0
0.806
1
2.661
1
-11.146
0
-1.699
1
-5.83
1
-0.967
1
-4.264
0
8.004
1
5.576
0
-4.481
0
-72.366
-24.272
1
-4.007
1
5.276
1
-6.274
1
-5.027
0
-8.591
0
2.922
0
3.055
1
0.653
1
14.684
0
-0.412
0
-1.407
1
-0.11
0
-5.292
1
0.785
1
-3.746
1
-0.0909998
1
-0.983
1
0.849
1
6.679
0
-9.469
1
-0.657
1
0.465
1
-7.608
1
-4.845
0
-2.877
0
-6.154
1
1.089
1
-10.227
0
-12.871
0
-9.705
1
1.633
1
11.613
0
3.644
0
-1.453
1
5.271
0
1.613
0
1.06
0
-1.897
0
4.877
1
-1.765
1
-0.576
1
2.961
1
-0.846
1
-3.226
1
-24.272
-57.865
0
-6.355
1
3.286
0
-0.465
0
0.207
0
-6.001
1
-3.974
1
-6.997
1
-0.953
0
-8.397
1
0.608
1
0.384
1
-3.999
1
-5.728
1
-2.606
1
-4.158
0
-5.778
0
-7.558
1
-0.881
0
-1.323
1
1.269
0
1.684
1
-5.453
0
1.167
1
0.475
1
4.72
0
-0.284
0
-4.72
0
-7.72
1
1.143
1
-2.18
1
-1.398
1
-4.34
1
-0.454
0
3.715
1
-6.803
0
4.062
1
-5.328
1
-2.778
1
-3.919
1
4.784
0
-3.277
0
-1.856
0
-8.129
1
-2.55
0
-57.865
-48.06
0
-10.094
0
-0.148
1
-5.582
0
-4.757
0
-7.834
0
1.57
0
-0.584
0
4.951
0
-0.916999
1
0.24
0
5.388
1
1.132
0
-10.491
1
-4.777
0
6.591
0
6.147
1
-0.787
0
0.989
0
6.686
1
-3.101
0
-3.288
1
-2.542
1
-5.023
0
-4.408
0
6.409
1
-3.957
1
-1.241
1
2.222
1
2.957
0
1.234
0
-1.69
0
-12.513
1
3.414
0
2.512
0
-1.385
1
2.117
0
-5.218
0
3.682
1
0.81
0
0.43
0
-1.796
1
-1.56
1
-5.203
0
-3.497
0
-48.06


-2.456
0
5.534
1
0.02
0
-0.25
0
7.43
0
-1.549
0
-2.189
1
-2.621
0
0.94
0
-7.088
0
-12.867
1
-10.889
1
-8.378
1
-9.524
1
-1.455
0
1.673
0
-7.903
0
2.087
0
4.984
0
3.942
0
-5.451
0
-2.359
0
2.834
0
0.601
0
-1.183
0
19.381
0
0.253
1
-2.063
0
-9.485
0
0.83
0
1.38
0
1.304
0
2.956
0
2.952
0
-4.652
0
1.912
0
-2.485
0
-5.936
0
2.031
0
-5.874
0
-3.393
0
-3.498
1
-0.00699997
0
-3.066
0
-5.089
0
-2.456
-3.327
0
2.2
0
-4.513
0
2.801
0
-13.518
0
-12.212
0
-4.799
0
-6.063
0
0.398
0
8.435
0
2.832
0
-3.085
1
4.68
0
6.83
1
-9.429
0
1.668
1
-2.189
0
-9.15
0
-2.291
0
2.873
0
0.28
0
-1.288
0
5.013
1
0.59
0
-2.237
0
-1.493
0
-3.069
0
4.212
0
-3.604
0
-6.303
0
-0.569
0
9.231
0
1.29
0
-0.315
0
-12.017
0
-1.509
0
3.387
0
-5.375
0
-7.033
0
1.6
0
11.296
0
-3.54
0
-15.663
0
-2.583
0
5.329
0
-3.327
0.449001
0
-8.202
1
-0.429
0
5.173
0
11.379
0
4.124
0
0.782
0
-3.324
1
2.224
0
2.891
0
1.413
0
2.435
0
-6.098
0
0.652
1
-4.648
0
-8.654
0
-1.105
0
0.502
0
7.415
0
4.583
1
-0.000999928
0
2.04
0
-2.289
0
-6.28
0
-3.742
0
-9.364
0
-0.649
0
-6.222
0
-0.0580001
0
2.56
0
-5.964
0
7.446
0
-9.474
0
10.261
0
2.416
0
13.113
0
-0.878
0
-2.431
0
-4.831
0
-8.176
1
-0.0569999
0
-3.952
0
-13.748
0
-10.865
0
-1.24
0
0.449001
1.982
0
-4.892
0
-3.402
0
1.051
1
2.815
0
-4.579
1
0.769
0
-6.79
0
-1.535
0
2.327
0
-0.575
1
8.747
1
-2.143
0
-2.892
1
4.964
0
-1.478
0
-6.855
0
-0.522
0
0.555
1
0.036
0
0.553
0
14.28
0
5.099
0
0.715
1
0.04
1
0.163
0
-0.986
0
-0.204
0
0.193
0
-2.483
0
-0.415001
0
-14.374
0
5.885
0
0.922
0
1.537
0
-2.563
0
-4.073
0
-3.955
0
2.001
0
-6.013
0
-0.0990002
0
6.656
0
-4.107
0
3.077
0
-1.398
1
1.982
