

0
0
0
0
0
0
0
0
0
0
0
0
0
0
0
0
0
0
0
0
0
0
0
0
0
0
0
0
0
0
0
0
0
0
0
0
0
0
0
0
0
0
0
0
0
0
0
0
0
0
0
0
0
0
0
0
0
0
0
0
0
0
0
0
0
0
0
0
0
0
0
0
0
0
0
0
0
0
0
0
0
0
0
0
0
0
0
0
0
0
0
0
0
0
0
0
0
0
0
0
0
0
0
0
0
0
0
0
0
0
0
0
0
0
0
0
0
0
0
0
0
0
0
0
0
0
0
0
0
0
0
0
0
0
0
0
0
0
0
0
0
0
0
0
0
0
0
0
0
0
0
0
0
0
0
0
0
0
0
0
0
0
0
0
0
0
0
0
0
0
0
0
0
0
0
0
0
0
0
0
0
0
0
0
0
0
0
0
0
0
0
0
0
0
0
0
0
0
0
0
0
0
0
0
0
0
0
0
0
0
0
0
0
0
0
0
0
0
0
0
0
0
0
0
0
0
0
0
0
0
0
0
0
0
0
0
0
0
0
0
0
0
0
0
0
0
0
0
0
0
0
0
0
0
0
0
0
0
0
0
0
0
0
0
0
0
0
0
0
0
0
0
0
0
0
0
0
0
0
0
0
0
0
0
0
0
0
0
0
0
0
0
0
0
0
0
0
0
0
0
0
0
0
0
0
0
0
0
0
0
0
0
0
0
0
0
0
0
0
0
0
0
0
0
0
0
0
0
0
0
0
0
0
0
0
0
0
0
0
0
0
0
0
0
0
0
0
0
0
0
0
0
0
0
0
0
0
0
0
0
0
0
0
0
0
0
0
0
0
0
0
0
0
0
0
0
0
0
0
0
0
0
0
0
0
0
0
0
0
0
0
0
0
0
0
0
0
0
0
0
0
0
0
0
0
0
0
0
0
0
0
0
0
0
0
0
0
0
0
0
0
0
0
0
0
0
0
0
0
0
0
0
0
0
0
0
0
0
0
0
0
0
0
0
0
0
0
0
0
0
0
0
0
0
0
0
0
0
0
0
0
0
0
0
0
0
0
0
0
0
0
0
0
0
0
0
0
0
0
0
0
0
0
0
0
0
0
0
0
0
0
0
0
0
0
0
0
0
0
0
0
0
0
0
0
0
0
0
0
0
0
0
0
0
0
0
0
0
0
0
0
0
0
0
0
0
0
0
0
0
0
0
0
0
0
0
0
0
0
0
0
0
0
0
0
0
0
0
0
0
0
0
0
0
0
0
0
0
0
0
0
0
0
0
0
0
0
0
0
0
0
0
0
0
0
0
0
0
0
0
0
0
0
0
0
0
0
0
0
0
0
0
0
0
0
0
0
0
0
0
0
0
0
0
0
0
0
0
0
0
0
0
0
0
0
0
0
0
0
0
0
0
0
0
0
0
0
0
0
0
0
0
0
0
0
0
0
0
0
0
0
0
0
0
0
0
0
0
0
0
0
0
0
0
0
0
0
0
0
0
0
0
0
0
0
0
0
0
0
0
0
0
0
0
0
0
0
0
0
0
0
0
0
0
0
0
0
0
0
0
0
0
0
0
0
0
0
0
0
0
0
0
0
0
0
0
0
0
0
0
0
0
0
0
0
0
0
0
0
0
0
0
0
0
0
0
0
0
0
0
0
0
0
0
0
0
0
0
0
0
0
0
0
0
0
0
0
0
0
0
0
0
0
0
0
0
0
0
0
0
0
0
0
0
0
0
0
0
0
0
0
0
0
0
0
0
0
0
0
0
0
0
0
0
0
0
0
0
0
0
0
0
0
0
0
0
0
0
0
0
0
0
0
0
0
0
0
0
0
0
0
0
0
0
0
0
0
0
0
0
0
0
0
0
0
0
0
0
0
0
0
0
0
0
0
0
0
0
0
0
0
0
0
0
0
0
0
0
0
0
0
0
0
0
0
0
0
0
0
0
0
0
0
0
0
0
0
0
0
0
0
0
0
0
0
0
0
0
0
0
0
0
0
0
0
0
0
0
0
0
0
0
0
0
0
0
0
0
0
0
0
0
0
0
0
0
0
0
0
0


-0.196
0
1.212
0
-3.585
0
1.63
1
0
1
-2.404
0
5.879
0
-8.56
0
-1.346
0
1.851
0
-3.264
0
-0.223
0
0.61
0
-2.255
1
1.164
1
0.462001
0
2.687
1
-4.599
1
-4.312
0
1.806
0
-0.472
1
1.875
0
-1.503
1
-9.819
0
2.091
0
2.768
0
-8.467
0
-1.142
1
1.205
0
-0.539
1
-0.0059998
1
-0.7
0
6.118
0
-4.414
0
-7.509
0
-1.986
1
-7.145
0
-2.497
1
-3.254
0
-2.728
1
-4.983
1
-4.289
0
2.773
0
-0.429
1
3.282
0
-0.196
-1.394
0
-1.154
0
-0.314
1
-1.638
0
-1.914
1
0.22
0
-4.56
0
-2.561
0
-10.929
0
-3.933
0
8.282
0
2.336
0
-2.179
0
2.124
0
-4.345
1
-4.329
1
0.441
1
-1.293
1
-0.234
0
3.773
1
1.164
1
2.332
0
1.473
1
-4.872
1
2.165
0
-5.487
1
-12.17
1
10.221
0
2.799
1
0.305
0
-0.906
1
4.511
1
-0.243
0
-6.632
0
0.488
1
-4.303
0
-5.816
0
-1.74
0
-11.756
1
2.705
0
-1.047
1
-1.069
0
1.147
1
3.925
1
4.471
1
-1.394
12.583
1
6.045
1
-28.556
1
-20.854
1
2.782
0
-1.538
0
-0.991
1
1.596
0
2.908
1
-34.785
1
-27.729
0
0.594
1
0.641
0
-0.00699997
1
-3.766
1
-6.997
1
-3.698
1
2.976
0
-3.651
1
6.56
1
5.63
1
2.367
1
6.5
0
-1.028
1
-9.209
0
2.827
0
-3.311
0
-0.963
1
-0.192
0
1.609
1
-1.139
1
1.264
1
-1.554
1
0.815
1
-1.293
1
2.22
1
3.315
1
-1.682
0
1.552
0
-2.264
0
2.563
0
0.614
0
-1.755
1
5.588
1
4.806
1
12.583
-20.65
1
0.0849999
1
2.647
1
1.998
1
1.379
0
-7.828
1
-0.996
0
-2.379
0
0.448
0
0.851
1
1.976
1
-2.562
0
-1.84
0
-0.755
1
-3.311
0
-5.042
0
0.425
1
-7.513
0
-3.708
0
-2.9
1
-0.446
1
-0.535
1
-5.054
1
-0.464
0
-1.459
0
-6.793
1
1.287
0
0.0879997
0
-3.504
0
-4.413
1
2.149
0
-5.075
1
-1.685
1
-6.081
1
-7.733
1
-0.476
0
-3.137
1
8.329
0
-0.331
0
-4.832
0
-0.912
1
-6.235
1
-4.489
1
-4.002
0
1.062
1
-20.65
-0.470999
0
2.535
1
8.199
1
0.367
1
0.0149999
0
4.811
1
0.242
0
-1.037
1
-0.344
1
3.316
0
-2.674
1
-4.137
0
-2.333
0
3.755
1
1.233
0
1.789
0
4.653
1
-1.775
1
0.191
0
-8.824
1
1.069
1
3.026
1
-3.593
0
0.598
1
-2.552
0
1.498
0
-4.028
1
0.837
0
1.142
0
-5.805
0
-4.193
1
-11.758
0
7.646
0
1.317
0
-4.166
0
-4.422
1
-8.17
0
-9.014
1
-9.971
0
-8.429
0
-2.047
0
-1.625
0
1.359
1
2.222
0
-4.182
0
-0.470999
4.928
0
-1.401
0
4.897
1
-10.238
1
0.731
0
-1.739
0
-15.838
0
-4.036
0
-1.27
0
-1.781
0
-4.417
0
-2.378
0
4.283
0
-4.795
0
-0.676
0
8.282
0
1.104
1
0.95
1
-5.662
0
0.265
1
3.02
0
-1.498
1
7.695
0
-4.27
1
1.631
1
-0.751
1
1.08
1
2.555
0
-2.43
1
-9.841
1
0.909
0
-0.382
1
-1.958
1
-6.042
1
1.189
0
1.483
1
8.958
0
0.553
0
2.021
1
-2.987
0
2.344
0
-3.167
0
-1.396
1
-0.626
0
2.002
1
4.928
-43.41
1
1.904
0
1.775
0
-1.507
0
-6.21
1
5.159
0
-4.69
1
-0.529
1
-4.487
0
-1.556
1
3.018
0
-2.965
0
3.12
1
-0.563
0
-5.45
0
-0.985
1
-2.787
0
-3.887
1
-3.437
0
1.16
1
-3.058
0
1.106
0
-4.434
1
-0.344
1
0.694
1
2.502
0
-1.712
1
4.796
1
2.012
0
2.712
1
3.432
1
-6.025
0
1.021
1
1.578
0
-1.38
0
2.636
1
-5.278
1
0.547
1
1.512
1
-0.183
1
-1.463
1
-1.878
1
3.426
0
1.679
0
-4.498
1
-43.41
-62.232
1
-4.887
1
4.44
0
-13.671
0
-5.538
0
-1.387
1
0.916
1
0.049
1
-4.709
0
-7.048
1
-3.035
1
-7.822
1
1.547
0
-6.025
0
-2.96
1
-3.357
0
3.732
1
-3.028
1
-1.68
0
5.517
1
-4.919
1
6.914
0
-3.652
0
0.0900003
1
2.083
0
10.133
0
-0.00199986
0
-3.367
0
-6.859
1
-1.094
0
3.099
0
-1.522
0
-6.233
1
-1.625
1
3.882
0
3.219
1
-5.857
1
0.671
0
-4.297
0
6.656
0
0.335
1
-6.363
1
0.46
0
0.898
0
0.384
0
-62.232
-4.436
0
0.468
0
-0.145
1
-1.83
0
-6.709
0
-0.258
0
0.234
1
-4.586
0
-5.014
0
-0.688
1
-3.461
0
-7.188
0
-0.588
0
1.128
0
0.0860001
0
-1.524
0
-3.303
1
3.651
0
-2.062
0
5.192
1
-4.045
0
3.013
1
-0.757
1
-6.083
0
0.376999
0
7.187
0
0.221
0
3.992
0
-3.042
1
-9.47
0
-6.095
0
-2.662
1
-0.53
0
2.687
0
1.301
0
-0.031
1
5.884
0
-6.911
1
-7.279
1
-7.812
0
6.023
0
3.612
1
-1.812
1
-2.67
1
-3.882
0
-4.436
-1.923
0
3.021
0
3.393
1
6.245
0
-7.423
0
-6.927
0
-9.497
0
-2.757
0
0.872
0
-2.928
1
6.065
1
-3.653
1
-6.003
0
-2.064
0
3.028
0
-2.729
1
1.301
1
1.527
0
-7.198
1
5.347
1
1.772
1
-4.378
0
-2.469
0
-4.07
1
-0.016
0
-2.903
0
-3.382
0
1.97
0
-0.72
1
1.203
0
-2.295
0
-2.257
1
-6.985
0
3.194
1
-0.0899999
0
5.112
1
-1.361
1
2.947
1
-10.241
1
1.844
0
0.834
0
-1.916
0
1.974
1
-2.025
1
-1.417
1
-1.923


-0.278
0
0.628
1
-0.158
0
-6.543
0
-2.438
0
0.466
0
-3.469
0
0.2
0
-0.793
1
3.373
0
-5.225
0
3.009
1
1.459
1
2.992
0
-0.454
1
1.139
0
-6.958
0
2.776
0
-0.627
0
-9.866
0
-1.247
0
2.714
0
-0.0929998
0
-5.002
0
-1.499
0
-6.55
1
5.581
0
-3.399
0
-1.177
0
-0.158
0
1.665
1
-1.947
1
-3.885
0
3
1
-3.017
0
-0.809
0
-7.238
1
-5.943
0
1.043
1
-4.04
0
-5.493
0
-1.657
1
1.874
0
1.547
1
-2.939
1
-0.278
-15.339
0
-2.062
0
-1.36
1
-1.303
1
-1.137
1
3.025
1
-3.559
0
-4.139
0
-2.633
0
-1.895
0
3.106
1
-4.005
1
7.235
0
-7.967
0
-3.828
1
0.398
0
-3.206
0
-3.586
0
-2.187
1
-7.649
1
-1.049
1
-2.023
0
-6.263
0
5.423
0
-3.475
0
-0.783001
0
4.371
1
1.32
1
-8.932
1
-3.004
1
-9.395
1
-7.499
1
-2.77
1
2.115
0
-4.095
0
-0.545
1
-2.46
0
-2.636
1
2.698
0
-2.532
1
-3.154
0
-4.363
0
1.985
1
3.582
0
-2.122
1
-15.339
7.649
1
2.706
1
0.224
0
-0.0630002
0
2.204
0
-0.725
0
0.0600001
1
0.0770001
0
-2.238
1
0.419
1
1.163
0
-1.966
0
-3.107
1
2.319
0
1.298
0
5.493
1
0
1
-0.126
1
5.239
1
1.431
0
-3.894
0
1.499
0
7.955
0
-4.255
0
-1.254
1
-7.425
1
4.437
0
-0.00800025
1
-4.363
0
3.519
0
3.712
0
0.628
1
-5.258
0
3.96
0
6.904
0
4.197
1
2.279
0
0.865
1
-1.958
0
-5.285
0
2.102
0
-2.181
0
-1.083
1
0.277
0
3.027
1
7.649
-8.23
0
3.601
0
3.125
0
2.957
1
-9.259
1
-0.651
0
-11.6
1
2.932
0
-6.468
0
-3.04
1
-2.462
0
2.096
1
-1.218
0
1.362
1
-7.556
0
0.108
1
0.864
1
7.053
0
-1.166
1
2.612
1
5.401
0
4.803
1
-3.16
1
0.87
0
-3.284
1
-0.147
0
1.9
0
-0.542
0
-13.005
0
0.502
0
-4.648
1
-4.408
0
-12.182
1
-0.447
0
-1.232
0
4.851
0
-1.785
0
1.688
0
-0.923
0
5.273
1
-2.573
0
3.653
1
0.783
0
-1.634
1
-2.957
0
-8.23
-38.558
0
3.224
0
0.872
0
-2.013
0
-0.61
1
1.568
1
1.785
0
-8.526
0
0.276
1
0.655
1
-1.452
1
-1.46
0
-13.391
0
-10.752
1
4.495
0
3.083
0
3.762
0
-3.637
0
3.194
0
-2.442
0
-0.344
1
-0.981
1
5.891
1
-0.0669999
0
6.165
0
-4.229
0
0.0900002
1
-1.291
1
-4.213
0
-0.415
0
-0.629
1
-7.365
0
-0.406
0
-2.543
1
-4.218
0
-4.39
0
-8.483
0
3.723
0
1.389
0
3.586
1
-3.385
1
0.478
1
-1.282
0
6.643
0
-2.12
1
-38.558
-7.094
0
6.675
0
0.836
0
-5.278
1
4.097
1
-3.827
1
0.350001
0
-3.267
1
-6.349
1
-3.934
0
3.481
1
2.221
0
-5.915
0
-1.546
0
3.486
0
0.147
0
2.557
0
-2.649
1
-1.644
1
-5.781
0
0.153
0
2.374
1
-5.985
0
3.771
1
3.342
1
-5.205
0
1.962
1
-12.817
1
1.375
0
0.0759996
1
9.258
0
-2.449
0
-5.573
0
1.938
1
-2.502
1
3.326
0
-1.494
0
-6.786
1
-0.56
0
-3.036
1
-3.93
0
-0.739
0
0.605
1
-0.372
1
-1.444
1
-7.094
24.601
0
-1.065
1
2.962
1
1.293
0
2.201
0
3.716
0
0.586
0
3.951
1
1.298
0
-5.673
1
2.528
0
-1.145
0
-2.677
0
1.267
1
0.461
0
-4.319
0
0.637
0
1.27
1
-0.0389999
0
0.118
1
0.045
1
0.116
1
-1.926
1
1.615
0
1.47
1
-1.535
1
-5.251
0
1.446
0
1.45
1
4.88
0
-6.835
0
0.277
1
2.809
0
-0.528
0
-6.067
0
-0.193
0
-1.535
1
1.731
0
4.834
0
-3.12
0
1.049
1
-0.775
1
-3.731
1
-4.662
1
1.954
1
24.601
1.311
1
-1.384
0
-0.0210001
1
-3.36
0
-7.826
1
2.642
0
-2.873
0
6.246
1
-4.25
1
4.831
0
-0.567
1
7.708
1
3.292
0
-2.095
0
1.839
1
2.305
1
-0.283
0
-1.489
1
2.558
0
-1.574
1
5.648
0
-0.388
0
0.663
0
1.172
1
-3.244
0
-3.128
0
3.659
1
-2.029
1
-4.288
1
-1.193
0
-1.805
0
1.729
0
3.574
0
-5.164
1
0.658
0
0.387
0
-1.154
1
-1.645
1
0.131
0
-7.24
0
-1.215
1
-4.8
1
-4.772
1
-2.829
1
1.288
0
1.311
-6.019
0
-0.778
0
-0.256
1
-0.876
0
-5.942
0
2.179
0
-8.29
1
-2.864
1
-7.884
0
-0.592
0
1.581
0
3.916
1
4.155
1
-3.038
1
1.241
1
-1.495
1
4.597
0
1.886
1
1.294
0
-4.166
0
-2.506
1
0.676
0
-3.091
0
-6.234
0
5.166
1
4.604
0
6.739
1
-1.627
0
1.693
1
6.31
1
-11.551
1
0.275
0
-1.015
0
-1.358
0
7.594
0
-5.898
0
9.157
1
0.102
1
5.527
1
-3.714
0
3.168
0
-5.05
1
-3.022
1
-2.115
1
-3.78
1
-6.019
-32.798
0
5.21
0
-4.933
0
-3.489
1
-2.954
0
-1.594
0
0.995
0
1.429
0
-4.384
1
-2.272
0
-0.966
0
7.74
0
-6.103
0
-4.412
0
1.768
1
8.201
0
-2.198
1
-0.563
1
-5.57
1
1.82
1
0.885
1
3.957
1
-1.076
1
-3.043
0
-7.981
1
0.442
0
-3.595
1
3.947
0
-0.4
0
-0.683
1
-1.779
0
3.314
1
6.489
1
-0.598
1
-3.995
0
-3.417
1
-3.617
0
2.111
0
1.49
1
3.597
1
3.608
0
3.112
1
-2.36
0
-0.117
0
1.312
0
-32.798


-8.348
1
-7.701
1
-3.292
0
4.311
0
2.438
0
-0.886
0
1.84
1
3.495
1
2.367
1
-0.448
0
4.336
0
-0.448
1
-5.75
1
1.083
1
-1.343
0
-1.699
1
-1.857
1
-3.367
1
2.677
1
1.525
0
0.708
0
-4.605
1
-2.446
0
-4.367
1
-1.429
0
3.412
1
-2.353
0
-2.115
1
-3.144
0
-0.275
0
-2.673
1
2.441
1
0.754
0
-1.652
1
6.795
0
2.737
0
-1.532
0
-0.531
1
0.564
0
1.514
1
-3.509
1
0.0669998
0
-7.483
0
-9.803
0
-2.822
1
-8.348
-13.273
0
-0.854
1
-2.5
0
2.155
0
-1.776
1
-3.83
1
-2.108
0
-2.802
0
-3.598
1
-3.864
0
-4.408
1
-4.044
1
-2.414
1
-3.55
1
0.092
1
1.894
1
-0.593
0
-0.881
1
-2.135
1
4.649
1
0.0210001
1
-5.464
1
-5.983
1
-0.55
1
7.538
0
3.5
0
-0.806
0
-1.343
1
-4.002
1
-1.665
1
2.345
0
2.685
0
-6.101
1
2.834
0
-5.402
1
-3.108
0
5.227
1
-3.896
1
-0.699
0
0.869
0
1.977
0
2.887
0
-0.0170002
1
-4.009
0
-5.257
1
-13.273
-7.349
0
-10.792
1
0.107
0
-4.984
1
-5.627
1
2.898
1
-1.904
1
1.525
1
1.15
1
-5.495
0
2.98
0
-0.135
1
-3.667
1
1.113
0
-4.257
0
6.736
0
1.525
0
2.625
0
2.994
0
-0.289
1
3.268
1
-1.787
1
3.18
1
-3.371
1
5.625
0
-2.023
0
-4.43
0
-2.805
0
0.0109996
1
-2.031
1
-5.704
0
-3.113
0
-1.18
0
-5.427
1
1.831
1
-2.585
1
-1.149
0
-2.299
0
-2.746
0
-3.91
0
2.276
1
3.76
0
-9.735
0
0.396
1
-4.117
0
-7.349
-20.372
0
-1.187
1
2.468
1
-3.476
0
1.839
0
9.356
1
1.688
1
-1.161
0
-2.949
0
-0.0909998
0
-1.44
0
-2.861
1
-3.392
0
-0.519
0
-5.009
1
-3.686
0
1.988
0
-2.526
1
-2.266
1
-4.183
1
-0.768
0
-2.241
1
-6.933
0
4.049
1
0.938
0
-5.379
1
-2.311
1
-0.306
1
1.221
0
8.09
0
-1.62
0
-4.405
1
2.164
0
0.344
0
-2.13
1
-0.25
1
-5.814
0
-1.341
0
3.132
1
-3.609
1
0.796
1
-1.901
0
3.037
0
-0.735
1
2.522
0
-20.372
-18.731
1
-2.203
0
10.529
0
-0.602
0
-2.73
1
5.308
1
2.047
1
-10.49
1
-0.55
0
-8.426
0
-1.092
1
-2.939
0
0.779
0
0.603
1
-3.263
1
-6.565
0
-0.538
1
0.299
1
3.567
0
0.714
1
5.765
1
-3.95
1
-1.961
1
-1.311
1
-4.002
0
2.434
0
-3.714
0
0.0839999
1
1.758
0
4.608
0
1.166
1
-1.649
0
8.159
1
2.764
1
-3.914
0
1.932
0
-1.677
0
2
1
2.543
1
-0.0929998
0
3.487
0
2.989
0
-2.103
0
-0.919
1
5.582
0
-18.731
-2.984
0
3.558
1
-0.275
0
8.498
0
1.187
0
-4.562
0
5.56
0
-0.578
1
2.242
0
-1.632
0
-4.252
1
-3.964
0
3.861
1
-1.571
0
-2.508
0
0.425
1
-1.252
1
0.845
0
1.678
0
-2.437
0
0.11
0
1.267
0
-5.367
1
0.539
0
-2.4
1
-10.472
0
-1.685
0
0
0
-8.248
1
-0.988
1
1.454
1
-2.985
0
-4.343
1
-3.703
1
-0.957
0
1.986
0
0.459
1
3.083
0
2.153
1
-6.557
1
-1.36
0
3.103
1
1.031
1
-1.109
1
1.341
1
-2.984
-66.83
1
-3.854
1
0.854
1
2.195
1
0.925
1
1.171
0
11.832
1
-3.275
1
6.934
0
3.486
1
-2.422
1
-6.775
1
-3.234
1
-4.014
0
4.309
1
-4.696
0
0.726
1
3.336
0
2.558
0
11.695
1
-1.343
0
-3.879
1
-4.63
0
0.0630001
1
-3.908
0
-2.89
0
1.695
0
7.622
0
-9.099
1
3.13
0
4.635
0
-2.725
0
-2.407
1
-5.336
0
2.12
0
4.679
1
1.533
1
-9.084
0
-3.453
0
-6.257
1
-1.671
1
0.159
0
1.633
0
2.218
1
-3.206
0
-66.83
-0.769001
0
-0.249
0
-0.441
1
-1.463
1
-4.998
0
-4.454
0
-1.623
1
1.433
0
0.345
0
10.841
0
-0.0929999
1
-2.091
1
-0.447
1
0.619
1
0.674
1
1.089
0
-0.549
1
2.097
0
0.743
0
8.753
0
-4.645
1
2.385
1
-0.848
1
-4.892
1
-2.518
0
-2.163
0
-2.171
0
-2.449
1
-6.761
0
-3.764
1
-12.055
1
1.814
0
7.291
0
6.54
1
0.612
0
3.193
0
-0.925
1
5.32
0
-0.761
1
0.765
0
-1.583
1
-3.743
1
2.332
1
1.066
0
-0.234
1
-0.769001
-53.455
1
-3.959
0
2.029
1
-1.541
0
-5.331
1
-2.9
1
0.518
0
-1.555
1
-0.583
1
-1.025
1
1.483
1
-1.822
0
-5.509
0
-3.915
0
-3.154
0
-0.0639999
0
-7.705
0
-1.201
0
-4.46
0
-3.056
1
-3.863
0
3.498
1
-4.721
1
1.589
0
3.541
1
1.514
0
1.173
1
-0.755
0
-5.003
0
2.46
1
-5.646
0
0.416
1
0.341
1
3.926
1
3.785
1
-6.832
1
3.236
1
0.373
1
-1.546
0
-6.746
0
6.151
0
1.103
0
-0.93
1
-5.482
0
-3.269
1
-53.455
-9.643
1
-6.345
1
-0.217
1
-3.312
1
-6.256
0
-5.703
1
-0.978
0
0.703
1
5.914
1
-1.082
1
-2.717
0
6.987
1
1.441
1
-6.832
0
-2.686
1
7.887
0
8.051
1
-0.404
0
-1.034
1
0.849001
0
-2.781
1
-3.637
0
-5.697
0
-7.841
0
-0.056
0
6.996
1
-5.956
0
-3.287
0
2.024
1
4.544
0
-1.054
0
-1.317
1
-5.826
0
6.879
1
2.485
1
-1.522
0
-2.862
0
-1.278
1
3.575
0
-3.18
0
-1.26
0
-3.16
1
-3.567
1
-0.82
0
-3.157
1
-9.643


-2.455
0
5.018
1
0.02
0
-4.789
0
3.622
0
2.826
0
0.623
1
-2.621
0
1.378
0
-6.248
0
-7.974
0
-9.071
0
-6.689
0
-3.579
0
0.882
0
1.261
0
-6.368
0
0
0
3.212
0
1.523
0
-8.319
0
-0.814
0
-0.952
0
1.431
0
1.152
0
9.21
0
-2.377
1
-2.063
0
-2.76
0
1.003
0
-5.121
0
0
0
2.524
0
-3.018
0
-2.892
0
3.825
0
-4.222
0
-3.859
0
-0.305
0
-5.405
0
-4.897
0
0.581
1
-0.00699997
0
-0.547
0
-2.001
0
-2.455
-3.327
0
3.232
0
-1.852
0
5.351
0
-6.173
0
-5.628
0
-2.055
0
-4.437
1
0
0
5.029
0
0.758
0
-4.331
1
3.984
1
6.368
1
-2.68
0
-1.919
1
-2.189
0
-3.548
0
-2.34
0
-2.834
0
2.27
0
2.462
0
2.607
1
0.59
0
0.853
0
-0.393
0
-1.255
0
-2.614
0
-2.654
0
-6.085
0
3.405
0
4.705
0
-1.989
0
-1.588
0
-6.018
0
-0.708
0
0.422001
0
-3.286
0
-1.892
0
1.162
0
3.565
0
-7.717
0
-17.856
0
0.61
0
4.044
1
-3.327
0.449001
0
1.412
1
-0.429
0
-0.897
0
5.218
0
0.334
0
-0.383
0
-1.538
1
2.224
0
3.287
0
3.639
0
2.899
0
-4.967
1
5.218
0
-2.858
0
-6.302
0
-0.0129997
0
-5.476
0
0.718
0
4.435
0
-2.822
0
-2.568
0
-3.693
0
-2.626
0
2.656
0
-5.216
0
-0.635
0
-5.729
0
-4.769
0
0.545
0
-7.089
0
4.891
0
-3.112
0
7.207
0
-1.007
0
8.872
0
-0.842
0
3.592
0
-4.766
0
-5.602
1
-0.0569999
0
-6.075
0
-8.688
0
-4.415
0
2.845
1
0.449001
1.982
0
-0.414001
0
0.865
0
-1.409
1
2.815
0
-2.274
1
0.769
0
-2.7
0
0.378
0
1.178
0
3.055
0
4.97
1
-2.284
1
-2.614
1
5.218
1
0
0
-1.678
0
3.027
0
-3.151
1
0.036
0
-2.224
0
6.5
0
-1.726
0
1.779
1
0.04
1
0.163
0
-5.858
0
-1.823
0
-5.451
0
-0.963
0
0.842
0
-10.079
0
1.011
1
0
0
-4.409
0
0
0
3.567
0
-0.965
0
3.754
0
-2.767
0
1.992
0
0.538
0
1.222
0
1.994
0
-1.156
0
1.982
