

0
0
0
0
0
0
0
0
0
0
0
0
0
0
0
0
0
0
0
0
0
0
0
0
0
0
0
0
0
0
0
0
0
0
0
0
0
0
0
0
0
0
0
0
0
0
0
0
0
0
0
0
0
0
0
0
0
0
0
0
0
0
0
0
0
0
0
0
0
0
0
0
0
0
0
0
0
0
0
0
0
0
0
0
0
0
0
0
0
0
0
0
0
0
0
0
0
0
0
0
0
0
0
0
0
0
0
0
0
0
0
0
0
0
0
0
0
0
0
0
0
0
0
0
0
0
0
0
0
0
0
0
0
0
0
0
0
0
0
0
0
0
0
0
0
0
0
0
0
0
0
0
0
0
0
0
0
0
0
0
0
0
0
0
0
0
0
0
0
0
0
0
0
0
0
0
0
0
0
0
0
0
0
0
0
0
0
0
0
0
0
0
0
0
0
0
0
0
0
0
0
0
0
0
0
0
0
0
0
0
0
0
0
0
0
0
0
0
0
0
0
0
0
0
0
0
0
0
0
0
0
0
0
0
0
0
0
0
0
0
0
0
0
0
0
0
0
0
0
0
0
0
0
0
0
0
0
0
0
0
0
0
0
0
0
0
0
0
0
0
0
0
0
0
0
0
0
0
0
0
0
0
0
0
0
0
0
0
0
0
0
0
0
0
0
0
0
0
0
0
0
0
0
0
0
0
0
0
0
0
0
0
0
0
0
0
0
0
0
0
0
0
0
0
0
0
0
0
0
0
0
0
0
0
0
0
0
0
0
0
0
0
0
0
0
0
0
0
0
0
0
0
0
0
0
0
0
0
0
0
0
0
0
0
0
0
0
0
0
0
0
0
0
0
0
0
0
0
0
0
0
0
0
0
0
0
0
0
0
0
0
0
0
0
0
0
0
0
0
0
0
0
0
0
0
0
0
0
0
0
0
0
0
0
0
0
0
0
0
0
0
0
0
0
0
0
0
0
0
0
0
0
0
0
0
0
0
0
0
0
0
0
0
0
0
0
0
0
0
0
0
0
0
0
0
0
0
0
0
0
0
0
0
0
0
0
0
0
0
0
0
0
0
0
0
0
0
0
0
0
0
0
0
0
0
0
0
0
0
0
0
0
0
0
0
0
0
0
0
0
0
0
0
0
0
0
0
0
0
0
0
0
0
0
0
0
0
0
0
0
0
0
0
0
0
0
0
0
0
0
0
0
0
0
0
0
0
0
0
0
0
0
0
0
0
0
0
0
0
0
0
0
0
0
0
0
0
0
0
0
0
0
0
0
0
0
0
0
0
0
0
0
0
0
0
0
0
0
0
0
0
0
0
0
0
0
0
0
0
0
0
0
0
0
0
0
0
0
0
0
0
0
0
0
0
0
0
0
0
0
0
0
0
0
0
0
0
0
0
0
0
0
0
0
0
0
0
0
0
0
0
0
0
0
0
0
0
0
0
0
0
0
0
0
0
0
0
0
0
0
0
0
0
0
0
0
0
0
0
0
0
0
0
0
0
0
0
0
0
0
0
0
0
0
0
0
0
0
0
0
0
0
0
0
0
0
0
0
0
0
0
0
0
0
0
0
0
0
0
0
0
0
0
0
0
0
0
0
0
0
0
0
0
0
0
0
0
0
0
0
0
0
0
0
0
0
0
0
0
0
0
0
0
0
0
0
0
0
0
0
0
0
0
0
0
0
0
0
0
0
0
0
0
0
0
0
0
0
0
0
0
0
0
0
0
0
0
0
0
0
0
0
0
0
0
0
0
0
0
0
0
0
0
0
0
0
0
0
0
0
0
0
0
0
0
0
0
0
0
0
0
0
0
0
0
0
0
0
0
0
0
0
0
0
0
0
0
0
0
0
0
0
0
0
0
0
0
0
0
0
0
0
0
0
0
0
0
0
0
0
0
0
0
0
0
0
0
0
0
0
0
0
0
0
0
0
0
0
0
0
0
0
0
0
0
0
0
0
0
0
0
0
0
0
0
0
0
0
0
0
0
0
0
0
0
0
0
0
0
0
0
0
0
0
0
0
0
0
0
0
0
0
0
0
0
0
0
0
0
0


-0.196
0
-2.529
0
-6.221
0
-2.33
0
-4.167
1
-2.404
0
3.733
0
-6.783
0
-6.256
0
-1.516
0
0.423
1
-2.312
1
-0.969
1
-7.524
1
-1.942
0
-4.219
1
1.743
1
-6.158
0
-4.861
0
-0.258
1
4.672
1
0.672001
1
-3.958
0
-8.722
0
-2.023
1
1.615
1
-12.384
1
2.843
0
-1.244
0
-5.552
0
-0.339
1
-5.939
1
2.019
1
-8.336
1
-6.568
1
-1.205
1
-5.352
1
-5.394
1
-5.804
1
-1.371
1
-1.589
0
-1.252
0
2.955
0
-6.215
0
5.74
0
-0.196
-1.399
0
-3.074
0
-5.721
1
-1.638
0
-3.333
1
0.22
0
0.09
0
-6.557
0
-9.636
0
-9.035
0
11.57
1
0.0229999
1
-3.996
1
1.976
0
-3.734
1
-3.282
0
0.908
0
-0.0489999
0
4.615
1
1.661
0
0.185
0
-0.976
1
3.915
0
-3.657
0
5.487
1
-8.301
0
-19.353
0
3.637
0
2.425
0
-3.776
1
-5.441
1
3.946
0
1.637
1
-7.812
1
-6.311
0
1.911
0
-2.364
1
-3.599
0
-4.295
0
7.056
0
-4.704
0
-3.28
1
8.275
1
-0.485
0
3.345
0
-1.399
15.679
1
15.47
0
-31.793
1
-21.045
0
-4.572
1
-3.322
0
-6.643
1
2.101
0
4.716
1
-75.444
0
-46.006
0
3.144
1
-0.677
0
1
0
-7.462
0
-9.112
1
-7.006
0
5.212
1
-11.817
0
8.975
0
7.571
1
2.927
0
4.327
0
-4.779
1
-11.585
0
4.081
0
-2.989
1
-6.87
0
-1.43
1
-6.946
0
5.139
1
-4.117
0
-3.859
0
-2.16
0
-7.689
1
9.082
1
-0.927
0
5.86
1
3.212
0
-4.58
0
-1.829
0
4.91
1
-0.843
1
18.453
1
1.302
1
15.679
-20.758
1
0.0849999
1
2.655
1
1.998
1
1.38
0
-10.815
1
-0.863
0
-0.325
1
0.572
0
1.957
1
1.976
1
-3.734
1
-1.486
1
-4.642
1
-2.708
0
-8.099
0
0.0240002
1
-9.819
1
-1.831
1
-4.571
1
-5.163
1
1.42
1
-4.388
1
-3.495
0
-2.81
1
0.944001
0
2.453
0
-4.569
0
-2.833
0
-8.151
0
1.721
1
1.404
0
-3.975
0
0.361001
0
-5.809
1
7.146
1
-5.926
1
7.543
1
0.436
0
-2.52
1
-3.097
1
-9.987
0
-5.73
0
-9.244
0
0.409999
0
-20.758
-0.636999
0
-0.0240004
1
10.555
1
0.37
1
0.0179999
0
5.642
1
0.454
0
-2.53
1
-0.344
1
4.867
0
-8.038
1
-8.581
0
-10.511
0
-3.624
1
-2.772
0
2.131
1
8.044
1
-12.1
1
-4.41
1
-9.254
1
5.339
1
3.156
1
3.549
1
-3.379
0
-5.207
0
1.121
1
-4.951
0
0.0879999
0
-1.97
1
-9.271
0
-5.265
0
-17.92
1
1.147
1
1.681
1
-3.415
1
-3.236
1
-11.322
0
-15.747
1
-12.631
1
-8.94
0
-1.864
1
-11.306
0
5.789
0
2.803
0
-8.381
1
-0.636999
-38.164
1
-5.175
1
-6.585
0
-11.142
0
-1.566
1
-3.757
1
-17.404
0
-6.36
0
-1.913
1
-2.661
0
-10.828
1
-7.454
0
0.00699985
0
-5.314
0
-5.788
1
10.156
0
-3.073
1
-3.295
0
-12.221
1
-0.312
1
2.272
1
-3.409
0
11.588
0
-0.0639998
1
-1.542
1
-1.209
0
-4.652
1
1.964
1
-2.202
1
-2.393
0
-1.393
0
-1.022
1
-0.353
1
-8.115
1
2.52
0
0.814
1
12.204
1
-1.432
0
5.697
1
0.262
0
-0.817
0
-2.141
1
0.654
1
1.719
1
-0.841
1
-38.164
-75.049
1
5.515
0
-2.081
0
2.814
0
-4.621
1
3.927
0
-9.692
1
-3.072
1
-1.635
1
-7.957
1
4.804
0
-3.333
0
1.7
1
-3.604
0
-9.803
0
-1.209
0
-5.284
1
-2.397
1
-6.821
1
-8.738
1
-9.965
0
-2.768
0
-4.084
0
1.742
0
-0.391999
1
-8.612
1
-7.927
0
5.921
0
3.511
1
4.579
0
7.972
0
1.123
0
0.494
0
-1.298
0
-1.794
1
-2.054
0
-1.517
1
-3.503
1
1.332
0
3.323
1
-3.4
1
-2.534
1
1.799
0
1.55
1
-0.966
1
-75.049
-83.153
0
-3.898
1
7.874
0
-15.271
0
-11.134
1
0.133
0
-0.689
1
2.37
1
-5.265
1
-9.127
0
-6.088
0
-7.664
1
-0.213
0
-9.336
0
-4.016
0
-5.693
0
3.558
1
-3.569
0
-0.407
1
8.473
0
-6.255
1
2.095
0
-2.543
0
-5.114
0
-4.557
1
12.053
0
-2.202
1
2.54
1
-4.821
0
-9.797
0
1.357
0
-4.233
0
-9.331
0
-4.301
1
9.484
1
-1.421
1
-9.787
0
-0.0879997
1
-1.999
1
5.581
0
0.719
0
-12.23
0
-0.948
1
3.393
1
-4.387
1
-83.153
-4.501
0
0.149
0
-9.277
1
-1.83
1
0.308
0
-0.978
0
0.0520002
1
-4.586
0
-10.224
0
-1.513
1
-3.461
0
-17.387
1
4.672
0
-2.858
0
3.338
0
-3.902
0
-8.719
1
1.394
0
-4.463
0
3.995
1
0.0479996
1
2.432
0
-3.047
0
-4.14
0
-1.325
1
1.296
1
0.677
1
-0.536
1
1.091
0
-10.8
0
-5.074
1
-2.055
1
-0.189
1
-0.432
1
0.934
0
8.023
1
9.007
1
-5.945
0
-7.908
1
-12.675
1
2.912
0
-0.636
1
-4.05
1
-5.066
1
-7.406
0
-4.501
-13.334
0
-6.733
0
5.975
1
12.11
1
-3.637
1
-8.002
0
-3.961
0
-3.504
1
1.673
0
3.772
1
6.383
0
-3.718
0
-8.547
0
0.135
1
3.763
0
-5.975
1
-2.1
0
-0.837
1
-7.788
1
5.242
1
2.58
1
-1.718
0
4.098
1
-5.145
1
-0.891
0
3.062
0
-5.768
1
-4.778
1
4.956
0
0.766
0
-0.459
1
-1.14
1
-5.67
1
-1.014
1
2.309
1
12.193
0
-6.454
1
0.834
0
-14.747
0
-4.359
1
1.791
1
-2.51
0
1.37
1
-4.545
0
-2.976
0
-13.334


-0.278
0
6.312
1
-0.158
0
-3.181
0
-3.17
0
-1.817
0
-4.445
0
-6.651
0
-3.361
1
3.373
0
-3.684
0
1.97
1
-0.49
1
4.036
0
-4.561
1
1.139
0
-8.095
0
0.0340002
0
-11.59
0
-9.031
0
-4.978
0
-3.299
0
-1.198
0
-8.656
0
-1.916
0
-6.263
1
7.024
0
-1.513
0
-7.249
1
-0.662
0
3.178
0
-7.301
0
-1.993
0
13.51
0
-4.091
0
-4.574
1
-11.561
1
-0.298
0
-5.807
0
-4.04
0
-14.547
1
0.586
0
-0.968
1
1.633
1
-12.212
1
-0.278
5.029
1
-1.068
1
-9.251
0
-0.904
0
3.126
0
6.243
1
-2.419
0
-2.104
0
2.375
1
0.880999
0
2.739
1
-4.732
0
5.735
0
-4.694
1
-7.92
1
-0.91
1
-2.361
0
-0.98
1
-0.481
1
-3.963
1
1.952
0
-4.993
1
-9.066
0
1.427
0
-3.148
1
2.09
0
9.464
0
-2.502
0
-6.19
1
-3.075
0
-11.683
1
-6.234
0
-0.173
1
-3.158
0
-2.937
0
-1.513
1
-10.687
0
-1.949
0
6.495
1
-3.625
1
-0.838
1
-6.564
0
0.391
1
-5.68
1
1.385
0
5.029
7.586
1
2.706
1
0.224
0
-1.504
0
-2.827
0
-1.343
0
-1.675
1
0.0770001
0
-6.289
1
0.419
1
1.163
0
1.806
1
-10.99
0
5.142
0
4.536
0
2.297
0
0.826
1
-0.126
1
5.239
1
1.431
0
-3.274
0
3.375
0
6.864
0
-2.764
0
-4.552
1
-9.866
0
3.039
1
0.809
1
-4.76
1
6.016
1
-0.362
1
1.627
1
2.397
1
2.8
0
4.958
1
1.791
1
2.337
0
-4.305
0
-1.426
0
-3.92
0
3.741
1
-5.739
1
1.834
1
-2.528
1
3.208
1
7.586
-22.968
0
0.522
1
9.617
1
-3.599
1
-13.218
1
-1.669
1
-16.713
1
-1.441
0
-12.125
0
-3.448
1
-6.036
0
-1.077
1
0.646001
0
5.445
0
-10.635
1
-1.544
0
0.971
1
7.551
0
2.12
0
5.785
0
2.281
1
4.019
1
-5.667
0
6.802
1
-4.274
1
-0.637
1
6.457
0
-1.273
0
-8.346
0
-0.332
0
-6.043
1
-4.883
0
-17.063
1
3.111
0
3.399
0
2.427
1
-3.246
0
5.851
0
4.854
1
4.559
0
1.468
1
1.413
1
-7.753
1
-5.095
0
-5.74
0
-22.968
-94.082
0
4.945
1
-3.824
0
-0.278
0
3.714
0
8.489
1
8.297
0
-4.343
0
-4.583
0
0.833
0
-5.784
0
-2.99
1
-16.229
0
-12.131
0
6.504
1
0.89
1
2.046
0
-11.061
0
2.579
1
-4.414
1
-2.049
0
4.496
0
9.123
0
1.411
1
5.896
0
-2.233
1
-3.957
0
1
1
-8.848
0
2.438
1
-2.859
0
-3.889
0
-2.927
0
-3.343
0
-7.405
0
-3.258
0
-7.671
1
7.628
0
4.972
1
-5.891
1
-8.03
0
2.622
1
3.136
0
2.238
1
1.883
1
-94.082
-31.295
0
11.588
1
1.251
1
-10.676
0
6.464
0
-2.261
0
-3.685
0
-4.464
1
-8.321
1
-5.199
0
-0.567999
1
2.715
0
-4.826
1
3.727
0
-2.85
1
-9.596
1
-0.614
1
-7.133
0
-0.596
1
-12.662
0
-3.983
0
5.823
1
-4.65
1
4.519
1
4.396
0
-4.29
0
-2.414
0
-8.042
1
-5.448
0
-5.287
1
7.848
1
-1.032
1
-7.095
1
0.378
1
-5.899
1
1.153
1
-6.369
0
2.062
0
-3.213
0
-1.058
0
-4.432
1
-4.816
0
1.329
0
3.607
0
-0.424
0
-31.295
35.69
1
-2.08
1
10.73
0
-2.174
1
-2.57
1
-0.955
1
-3.516
0
2.933
0
2.528
1
-5.093
0
-1.918
0
-8.098
1
-2.465
0
4.218
1
-2.167
0
-2.891
0
0.0389998
0
5.5
0
0.102
1
-1.009
1
3.911
0
1.758
1
-1.926
1
-7.598
0
10.555
1
2.126
1
-10.543
0
4.513
0
9.372
0
-2.787
1
-1.088
1
1.472
0
-7.599
1
3.439
1
-9.16
0
0.258
0
-2.045
0
5.422
1
-5.61
1
-2.028
0
1.384
1
-2.461
1
-0.0119996
0
-3.891
1
-6.084
0
35.69
9.815
1
7.372
0
-5.217
1
-0.494001
0
-4.534
1
4.198
1
-5.257
1
3.042
0
-6.025
1
3.666
1
-1.011
0
10.086
0
-4.065
0
-1.587
1
-2.493
0
4.631
1
-0.452
1
-10.545
1
4.978
1
-4.109
1
8.306
0
-5.783
1
-2.284
1
4.155
0
-5.161
1
3.134
1
7.447
1
-7.583
1
-6.253
1
-4.124
1
-6.107
1
-0.223
1
-1.887
1
-11.083
1
-0.664
0
-0.085
0
-1.431
0
-4.14
1
-0.098
0
-6.712
0
1.635
0
-5.463
0
-2.685
0
-11.682
1
4.14
1
9.815
-29.584
1
-9.007
1
0.376001
0
1.001
0
-3.207
0
1.015
1
-8.643
0
2.674
0
-8.187
0
1.827
1
-2.483
1
1.359
0
5.944
0
2.73
1
-5.19
0
2.922
1
9.519
1
1.849
0
6.904
0
-9.927
1
-9.549
0
1.459
1
-1.879
1
-7.53
1
3.683
0
2.854
0
2.699
1
1.964
0
-3.954
1
7.572
1
-8.451
1
-3.521
0
-6.547
0
2.18
0
-2.814
1
-6.724
1
11.071
0
-0.867
0
3.532
1
-3.708
1
7.938
0
-3.391
0
-8.603
0
-4.884
0
-9.64
0
-29.584
-87.623
1
9.402
1
0.0730001
0
-5.95
1
-4.729
1
-0.66
0
2.327
1
7.096
0
-5.612
0
-1.671
1
2.812
0
12.057
1
-7.207
0
-4.195
1
3.494
0
12.194
1
0.719999
1
2.165
1
-9.815
1
5.197
1
-2.542
0
-0.333999
0
-5.034
1
-3.97
1
-14.364
0
1.343
1
-3.254
0
4.977
0
-2.27
0
-2.32
0
-1.435
1
-0.226
0
9.315
1
-6.869
1
-8.353
1
-6.125
0
-12.151
0
10.971
1
-0.77
1
-0.974
0
3.29
0
5.617
0
-3.854
0
9.353
0
-5.638
1
-87.623


-24.492
0
-6.87
1
-5.87
1
4.695
1
4.142
0
-4.432
0
2.301
1
1.004
1
4.517
0
-0.338
0
5.125
1
-5.248
0
1.577
0
-0.399001
1
0.928
0
3.347
1
-1.702
1
-1.575
0
4.44
0
2.531
1
-1.991
0
-8.894
1
-4.295
1
-6.402
0
-1.215
0
6.528
1
-1.635
1
-5.324
1
-7.37
1
-11.963
1
-7.292
0
-2.03
0
2.468
1
-1.012
1
12.399
0
4.243
0
-1.494
0
-4.065
0
2.814
1
-6.212
0
-7.75
1
1.249
1
-16.448
0
-13.235
1
-3.825
1
-24.492
-65.32
0
-4.946
1
2.636
1
4.65
0
0.916
0
-8.14
1
-0.588
0
3.046
1
-10.418
1
-3.966
1
-4.359
1
-13.989
0
-7.226
0
0.319
1
-0.562
1
1.354
0
-1.115
1
-3.411
1
-8.938
0
0.734
0
-1.34
0
-6.516
1
-6.942
1
-0.646
1
7.134
0
2.127
0
0.163
0
-7.11
0
-0.634
0
4.909
1
3.527
1
2.942
0
-6.521
0
0.514
1
-5.45
1
-2.632
1
1.173
0
-11.102
1
5.715
1
-6.548
1
-5.331
1
2.589
0
1.809
1
-8.552
1
-12.511
0
-65.32
-19.787
1
-16.333
1
-4.647
0
-3.143
1
-7.95
0
4.898
0
-0.749
1
-4.076
0
3
0
-8.3
0
10.965
0
-5.542
1
-6.326
0
1.738
1
-6.476
1
2.102
1
-0.866
1
4.595
0
1.414
0
-4.921
1
1.083
1
-4.213
1
-3.72
1
0.193
1
2.538
1
-0.468
1
-3.457
0
-11.099
1
-4.934
1
-2.469
1
-6.687
1
-4.178
0
-8.319
1
-3.939
0
-2.341
1
-2.107
0
-1.296
0
-3.513
0
-1.371
0
-4.497
1
1.522
0
1.978
1
-15.449
1
5.732
0
-10.181
1
-19.787
-53.994
1
-5.402
1
1.777
1
-5.267
1
0.941
1
10.324
0
6.502
1
0.0319996
1
-0.263
0
-3.857
0
-1.487
0
2.637
1
-2.869
0
0.322001
0
-1.706
0
-2.903
0
2.41
1
-2.599
1
2.109
1
-11.774
0
-5.382
0
-4.776
1
-8.362
0
-3.747
0
2.737
1
1.946
1
-1.232
0
-0.392
1
2.625
1
7.439
0
-4.894
1
-2.804
0
9.584
0
-4.439
0
-4.128
1
-2.626
0
-1.607
0
0.214
1
6.709
1
-1.098
1
-3.608
0
3.219
1
3.898
0
-3.732
1
4.674
0
-53.994
-95.127
1
1.147
1
8.155
0
-7.688
0
0.131999
1
0.727999
1
6.346
1
-10.744
0
-1.128
1
-8.784
1
-4.651
0
-2.725
0
-2.083
0
-7.126
1
6.175
0
-10.877
1
-5.443
0
1.306
1
4.629
0
3.926
1
-2.03
0
-2.413
1
-3.637
1
-1.032
1
-6.112
0
-6.869
1
-6.769
0
-2.405
0
0.562
1
3.07
0
-0.258
0
1.488
0
8.23
0
1.548
1
1.004
1
7.373
0
-2.871
0
0.398
1
-3.03
1
0.124
1
3.671
1
6.573
0
-4.375
1
8.957
0
7.631
0
-95.127
-15.862
0
5.267
1
4.131
0
5.867
1
-10.201
1
-2.848
0
9.404
0
-4.242
0
1.291
1
-1.673
0
-5.91
1
-2.898
1
6.668
1
-3.185
0
-1.086
0
-1.472
1
-2.041
0
1.39
0
6.177
0
-9.193
1
0.312
1
1.262
0
-11.885
0
4.659
0
-4.512
1
-14.602
0
-2.4
0
-2.533
0
-8.598
1
0.0259999
1
-3.016
1
-3.657
1
-1.549
1
-4.913
0
-1.658
0
3.236
1
5.663
1
4.233
1
-0.74
0
-9.334
1
-2.548
0
6.977
1
-3.786
1
-4.744
1
-5.383
0
-15.862
-82.654
1
-4.948
0
5.162
0
6.198
1
3.445
1
2.116
1
10.383
0
-6.05
1
10.149
1
7.779
0
-3.596
0
-9.632
0
-10.068
1
-4.367
1
7.925
0
-2.993
1
-9.434
1
-1.65
0
1.187
0
7.132
0
-5.188
1
-7.565
0
-8.08
1
-0.0789998
1
-3.922
0
-2.113
0
-0.275
1
9.478
1
-13.73
1
3.505
1
0.862
1
-3.545
0
-0.978
0
-10.11
0
-1.281
1
0.806
1
2.661
1
-10.376
0
-1.458
1
-4.793
1
-2.457
1
-1.145
1
8.004
0
5.576
1
-2.668
0
-82.654
-19.528
1
-3.413
1
5.276
0
-8.497
1
-4.207
0
-10.052
0
2.922
0
3.055
1
1.592
1
14.684
1
-0.412
0
-1.407
1
-1.667
1
-3.835
0
0.0090003
0
-3.251
1
-0.0909998
1
-0.983
0
3.576
1
6.06
1
-9.469
1
-3.843
1
-2.205
1
-5.925
1
-1.791
1
-3.056
0
-7.443
1
2.233
1
-12.355
0
-12.871
1
-10.152
1
0.79
1
11.613
1
4.884
0
-2.515
1
5.271
1
1.613
0
1.06
0
-1.897
0
5.148
1
-0.732
0
-2.208
1
2.961
0
0.729
1
-0.94
1
-19.528
-60.226
0
-8.083
1
0.297
0
-0.465
1
-0.0559999
0
-4.477
0
-4.125
1
-6.639
1
-2.149
1
-5.438
1
0.608
1
2.49
0
-4.703
1
-5.728
1
-1.464
1
-5.776
0
-3.341
0
-7.558
1
1.719
0
-1.323
0
3.03
0
4.67
0
-6.97
0
-1.305
1
0.475
0
4.47
0
-0.284
0
-4.72
0
-7.72
0
1.143
1
-2.18
1
-0.0319999
0
-4.686
1
-2.742
0
1.046
1
-7.772
0
2.199
0
-5.124
1
-3.093
1
-3.919
1
6.989
0
-3.277
0
-4.969
1
-6.182
1
-2.55
0
-60.226
-52.516
1
-8.959
0
-0.148
1
-6.108
0
-4.747
0
-7.834
0
1.57
0
-0.584
0
8.21
0
-0.916999
0
1.519
1
3.147
1
0.365
0
-11.122
0
-4.777
1
4.128
0
5.812
0
5.691
0
2.837
0
6.686
1
-5.535
0
-3.288
0
-2.253
1
-3.978
1
-4.788
0
4.228
0
-4.303
1
-1.88
0
2.222
1
2.957
0
-1.783
0
-1.69
0
-12.573
0
1.023
0
2.21
0
0.156
0
2.117
1
-5.218
1
1.561
0
1.061
0
-1.795
1
0.00300014
1
-1.56
0
-8.437
1
-2.984
1
-52.516


-2.456
0
5.534
1
0.02
0
-1.194
0
7.416
0
-1.549
0
-0.987
1
-2.621
0
1.694
0
-7.088
0
-15.261
0
-11.107
0
-8.378
1
-11.635
1
-2.257
0
0.331
0
-9.406
0
4.036
0
9.567
0
3.748
0
-9.078
0
-2.359
0
2.346
0
-1.197
0
-0.364999
0
19.381
0
-2.804
1
-2.063
0
-9.485
0
0.542
0
-0.842
0
1.14
0
2.956
0
0.418
0
-4.652
0
4.364
0
-2.485
0
-3.449
0
-0.297
0
-5.874
0
-3.393
0
-5.814
1
-0.00699997
0
-3.066
0
-5.089
1
-2.456
-3.327
0
2.2
0
-2.329
0
2.801
0
-13.518
0
-14.064
0
-6.525
0
-6.063
0
0.398
0
8.435
0
2.826
1
-2.053
0
2.618
1
6.83
0
-7.558
0
0.965
1
-2.189
0
-8.642
0
-3.232
0
0.515
0
0.112
0
-2.831
0
5.991
1
0.59
0
-2.777
0
-1.493
0
-1.151
0
6.081
0
-3.825
0
-6.303
0
-2.046
0
10.971
0
1.534
0
-0.315
0
-10.695
0
-1.509
0
3.133
0
-5.375
0
-7.069
0
1.31
0
11.296
0
-1.83
0
-15.663
0
-2.583
0
4.307
1
-3.327
0.449001
0
-6.071
1
-0.429
0
2.441
0
11.379
0
4.124
0
2.6
0
-4.477
1
2.224
0
1.807
0
3.569
1
4.108
1
-6.098
0
0.652
0
-3.108
0
-8.678
0
-1.105
0
-1.698
0
6.664
0
6.662
1
-0.000999928
0
3.647
0
-4.353
0
-6.28
0
-4.542
0
-11.728
0
-0.649
0
-4.367
0
-0.0580001
0
2.56
0
-5.964
0
7.446
0
-9.474
0
10.887
0
2.416
0
13.113
0
-0.587
0
-3.245
0
-4.831
0
-5.042
1
-0.0569999
0
-4.332
0
-13.748
0
-9.662
0
-0.314
1
0.449001
1.982
0
-4.041
0
-3.402
0
1.051
1
2.815
0
-4.03
1
0.769
0
-6.148
0
-1.535
0
2.327
0
-0.611
0
5.669
0
0.671
1
-2.892
1
6.937
0
-1.799
0
-7.378
0
-2.483
0
0.555
1
0.036
0
0.553
0
14.953
0
4.457
0
2.863
1
0.04
1
0.163
0
-3.922
0
-1.058
0
-0.794
0
-3.636
0
-1.342
0
-15.174
0
6.766
0
0.922
0
1.537
0
-0.22
0
-4.073
0
-3.1
0
1.04
0
-8.216
0
-1.451
0
6.438
0
-4.107
0
3.466
0
-1.398
1
1.982
