

0
0
0
0
0
0
0
0
0
0
0
0
0
0
0
0
0
0
0
0
0
0
0
0
0
0
0
0
0
0
0
0
0
0
0
0
0
0
0
0
0
0
0
0
0
0
0
0
0
0
0
0
0
0
0
0
0
0
0
0
0
0
0
0
0
0
0
0
0
0
0
0
0
0
0
0
0
0
0
0
0
0
0
0
0
0
0
0
0
0
0
0
0
0
0
0
0
0
0
0
0
0
0
0
0
0
0
0
0
0
0
0
0
0
0
0
0
0
0
0
0
0
0
0
0
0
0
0
0
0
0
0
0
0
0
0
0
0
0
0
0
0
0
0
0
0
0
0
0
0
0
0
0
0
0
0
0
0
0
0
0
0
0
0
0
0
0
0
0
0
0
0
0
0
0
0
0
0
0
0
0
0
0
0
0
0
0
0
0
0
0
0
0
0
0
0
0
0
0
0
0
0
0
0
0
0
0
0
0
0
0
0
0
0
0
0
0
0
0
0
0
0
0
0
0
0
0
0
0
0
0
0
0
0
0
0
0
0
0
0
0
0
0
0
0
0
0
0
0
0
0
0
0
0
0
0
0
0
0
0
0
0
0
0
0
0
0
0
0
0
0
0
0
0
0
0
0
0
0
0
0
0
0
0
0
0
0
0
0
0
0
0
0
0
0
0
0
0
0
0
0
0
0
0
0
0
0
0
0
0
0
0
0
0
0
0
0
0
0
0
0
0
0
0
0
0
0
0
0
0
0
0
0
0
0
0
0
0
0
0
0
0
0
0
0
0
0
0
0
0
0
0
0
0
0
0
0
0
0
0
0
0
0
0
0
0
0
0
0
0
0
0
0
0
0
0
0
0
0
0
0
0
0
0
0
0
0
0
0
0
0
0
0
0
0
0
0
0
0
0
0
0
0
0
0
0
0
0
0
0
0
0
0
0
0
0
0
0
0
0
0
0
0
0
0
0
0
0
0
0
0
0
0
0
0
0
0
0
0
0
0
0
0
0
0
0
0
0
0
0
0
0
0
0
0
0
0
0
0
0
0
0
0
0
0
0
0
0
0
0
0
0
0
0
0
0
0
0
0
0
0
0
0
0
0
0
0
0
0
0
0
0
0
0
0
0
0
0
0
0
0
0
0
0
0
0
0
0
0
0
0
0
0
0
0
0
0
0
0
0
0
0
0
0
0
0
0
0
0
0
0
0
0
0
0
0
0
0
0
0
0
0
0
0
0
0
0
0
0
0
0
0
0
0
0
0
0
0
0
0
0
0
0
0
0
0
0
0
0
0
0
0
0
0
0
0
0
0
0
0
0
0
0
0
0
0
0
0
0
0
0
0
0
0
0
0
0
0
0
0
0
0
0
0
0
0
0
0
0
0
0
0
0
0
0
0
0
0
0
0
0
0
0
0
0
0
0
0
0
0
0
0
0
0
0
0
0
0
0
0
0
0
0
0
0
0
0
0
0
0
0
0
0
0
0
0
0
0
0
0
0
0
0
0
0
0
0
0
0
0
0
0
0
0
0
0
0
0
0
0
0
0
0
0
0
0
0
0
0
0
0
0
0
0
0
0
0
0
0
0
0
0
0
0
0
0
0
0
0
0
0
0
0
0
0
0
0
0
0
0
0
0
0
0
0
0
0
0
0
0
0
0
0
0
0
0
0
0
0
0
0
0
0
0
0
0
0
0
0
0
0
0
0
0
0
0
0
0
0
0
0
0
0
0
0
0
0
0
0
0
0
0
0
0
0
0
0
0
0
0
0
0
0
0
0
0
0
0
0
0
0
0
0
0
0
0
0
0
0
0
0
0
0
0
0
0
0
0
0
0
0
0
0
0
0
0
0
0
0
0
0
0
0
0
0
0
0
0
0
0
0
0
0
0
0
0
0
0
0
0
0
0
0
0
0
0
0
0
0
0
0
0
0
0
0
0
0
0
0
0
0
0
0
0
0
0
0
0
0
0
0
0
0
0
0
0
0
0
0
0
0
0
0
0
0
0
0
0
0
0
0
0
0
0
0
0
0
0
0
0
0
0
0
0
0
0
0
0
0
0


-0.196
0
1.212
0
-3.585
0
3.1
1
0
1
-2.404
0
5.879
0
-8.56
0
-1.346
0
1.767
0
-3.264
0
-0.223
0
0.61
0
-2.255
1
1.164
1
2.522
0
3.625
1
-3.788
1
-4.312
0
1.806
0
-0.472
1
1.875
0
-1.503
1
-8.703
1
2.091
0
0.485
0
-8.467
0
-1.142
1
1.205
0
-0.539
0
-0.0059998
1
-0.7
0
6.118
0
-4.414
0
-7.509
0
-1.986
1
-7.145
0
-2.497
1
-3.254
0
-2.728
1
-4.983
1
-4.289
0
2.773
1
1.081
1
3.282
0
-0.196
-1.382
0
-1.154
0
-0.314
1
-1.638
0
-1.914
1
0.22
0
-3.434
0
-2.561
0
-10.929
0
-4.855
0
8.282
0
2.16
0
-2.179
0
0.573
0
-4.646
0
-4.329
0
0.686
1
-1.293
1
-0.234
0
1.7
0
1.164
1
0.535
0
1.473
1
-4.872
1
1.911
1
-5.487
0
-12.17
0
10.221
1
4.555
1
0.305
0
-0.111
1
4.181
1
-0.243
0
-6.632
1
1.976
1
-4.303
1
-3.677
0
-3.528
0
-9.666
1
2.705
0
-1.047
1
2.164
1
1.81
1
3.925
0
5.441
1
-1.382
10.899
1
4.648
1
-25.452
1
-20.854
0
2.782
0
-1.484
1
-0.991
1
1.626
0
2.908
1
-34.548
1
-23.483
0
0.594
1
1.119
1
-0.00699997
0
-3.766
1
-6.997
1
-3.698
1
0.656
1
-3.651
0
4.497
0
5.63
0
2.367
1
5.488
0
-1.028
1
-6.835
0
0.336
0
-3.311
0
-0.963
1
-0.192
0
1.609
1
0.127
1
-0.842
1
-0.219
1
0.815
1
-1.293
0
0.492
1
3.315
1
-1.682
0
1.552
0
-2.264
0
2.563
0
0.614
1
-1.755
1
5.588
1
4.911
1
10.899
-21.272
0
0.0849999
1
2.647
1
1.998
1
1.416
0
-6.226
1
-0.996
0
-2.379
0
2.688
0
0.851
1
1.976
0
-0.515
0
-1.84
1
-0.265
1
-2.095
0
-4.399
0
0.803
0
-6.374
0
-3.708
0
-0.5
1
-0.446
1
0.7
1
-5.054
1
0.845
1
-1.459
1
-6.372
1
0.146
0
-0.709
0
-3.504
1
-4.413
1
4.445
0
-5.075
0
-1.685
0
-6.327
1
-7.513
1
-0.476
0
-3.137
1
6.433
0
-0.595
0
-5.641
0
-0.912
1
-6.927
1
-2.029
1
-4.002
0
1.062
1
-21.272
-0.464999
0
2.535
1
8.199
1
0.367
1
0.0149999
0
4.811
1
0.242
0
-1.037
1
-0.344
1
3.316
0
-2.674
0
-4.137
1
-2.333
1
4.623
1
1.233
0
1.789
0
4.653
1
-0.522
1
-1.91
1
-6.494
0
1.069
1
2.234
1
-3.593
0
0.598
0
-2.552
1
1.498
0
-1.561
1
0.837
0
3.578
0
-4.328
0
-4.193
1
-9.637
0
7.646
0
1.317
0
-4.166
0
-4.422
1
-6.021
0
-9.014
1
-9.971
0
-8.429
0
-1.439
1
-3.237
1
1.359
0
0.848
1
-4.182
1
-0.464999
5.144
1
0.741
0
4.897
1
-9.529
1
1.467
0
-1.739
1
-17.899
0
-4.036
1
-1.27
1
-1.781
0
-2.008
0
-2.378
1
-0.537
1
-4.795
1
-0.676
0
8.282
0
1.104
1
0.95
1
-5.662
1
0.265
1
3.02
0
-1.498
1
5.432
0
-1.108
1
1.481
1
-0.751
1
1.08
0
2.555
0
-2.43
0
-9.841
1
0.909
0
-0.382
1
0.473
0
-6.042
1
1.11
0
1.483
1
8.958
0
2.029
0
2.021
1
-2.987
1
2.344
0
-3.167
0
-1.444
1
-2.094
0
2.002
1
5.144
-45.258
1
1.904
0
1.775
1
1.375
0
-6.922
1
5.159
0
-6.232
1
-2.306
1
-4.443
0
-1.556
0
3.252
0
-3.732
0
1.258
0
-0.563
1
-5.45
0
-0.82
1
-2.787
0
-3.887
0
-1.322
0
1.16
1
-3.058
0
1.106
0
-4.833
1
-0.344
1
-0.772
1
2.502
0
-1.712
1
4.796
1
2.012
1
0.53
0
3.432
1
-6.025
1
1.021
1
1.578
0
-1.38
0
4.339
1
-5.278
1
0.547
1
1.512
1
-0.183
1
-2.14
1
-1.878
0
2.951
1
3.071
1
-4.498
1
-45.258
-68.974
0
-3.763
1
3.286
0
-11.978
1
-3.948
1
-1.387
1
0.512
1
0.049
1
-4.709
0
-7.17
1
-3.035
0
-3.94
1
1.547
0
-4.354
0
-1.113
1
-3.357
0
3.732
1
-3.028
1
-3.083
0
3.029
1
-4.919
1
6.914
0
-3.652
0
0.539
1
2.083
0
10.133
0
1.082
0
-3.367
0
-6.859
0
-1.142
1
3.099
0
-1.522
0
-4.421
1
-1.625
1
3.882
0
3.219
1
-5.857
1
2.089
0
-4.297
1
6.656
0
0.335
1
-6.363
1
0.46
0
0.898
0
0.384
1
-68.974
-4.449
0
0.468
0
1.738
1
-1.83
0
-6.709
0
-0.258
0
0.234
1
-4.586
0
-5.014
0
1.251
1
-3.461
0
-4.811
0
0.075
0
1.128
1
0.0860001
0
-2.717
0
-2.81
0
3.651
0
-2.062
0
5.192
0
-4.045
0
3.013
0
-0.757
1
-4.176
0
0.376999
0
7.187
0
0.221
1
3.992
0
-3.042
1
-9.47
0
-6.095
0
-2.662
1
-0.53
1
2.687
0
-0.47
0
-0.031
1
5.884
0
-5.468
1
-4.816
0
-7.812
0
6.749
0
3.612
1
-1.812
1
-0.964
1
-1.818
1
-4.449
-1.739
0
3.021
1
1.636
1
4.437
0
-8.125
0
-6.927
0
-9.497
0
-2.757
1
0.872
0
-2.832
1
7.079
0
-3.653
1
-6.003
0
-2.064
0
3.028
1
-2.729
1
1.301
1
1.527
0
-4.135
1
5.347
1
2.944
1
-3.022
0
-2.469
0
-4.07
0
-0.016
1
-2.903
0
-3.382
0
1.97
0
-3.054
0
1.203
0
-2.295
0
-1.892
1
-6.985
0
3.194
1
-0.0899999
0
5.112
1
-1.361
1
2.746
1
-10.241
0
1.844
0
0.834
0
-1.916
0
-0.867
1
-2.025
1
-1.417
1
-1.739


-0.278
0
0.628
1
-0.158
0
-6.543
0
-2.438
0
0.466
0
-3.469
0
0.2
0
-0.793
1
3.373
0
-5.225
0
3.132
1
1.459
1
1.091
0
-0.88
1
1.139
0
-5.748
0
2.776
0
-0.627
0
-9.866
0
0
0
2.714
0
-0.0929998
0
-5.002
0
0.879
0
-5.391
0
3.41
0
-3.399
0
-1.177
0
-2.374
0
1.485
0
0.307
1
-3.885
1
3
1
-3.017
1
-0.809
0
-5.165
0
-5.943
1
1.043
0
-3.436
0
-5.493
1
-1.657
1
1.874
0
-0.567
0
-2.939
1
-0.278
-17.46
0
-2.062
0
-1.36
1
-1.303
1
-0.447
1
3.025
0
-3.559
0
-4.139
0
-2.633
1
-1.895
0
4.964
1
-1.832
1
7.235
0
-4.454
0
-3.348
1
-1.671
0
-2.323
0
-1.503
0
-2.187
1
-6.502
1
-1.049
1
-2.023
0
-6.263
0
7.049
0
-3.475
1
-2.383
0
3.315
1
2.898
1
-8.932
1
-3.004
1
-7.066
1
-7.499
1
-2.77
1
-0.373
1
-4.095
1
-0.545
1
-2.46
0
-2.636
0
2.217
0
-2.532
1
-3.154
0
-4.363
0
1.985
1
4.761
0
-2.122
1
-17.46
7.65
1
2.706
1
0.224
0
-0.0630002
0
2.204
0
-0.725
0
0.0600001
1
0.0770001
0
-2.238
1
0.419
1
1.163
0
-1.966
0
-2.655
0
2.319
1
1.298
0
5.493
1
0
1
-0.126
1
5.239
1
1.431
0
-2.056
0
1.499
0
5.661
0
-4.255
0
-1.254
1
-7.425
1
5.73
0
-0.00800025
1
-3.615
0
3.519
0
3.712
0
0.628
1
-6.25
0
3.96
0
6.904
0
4.197
1
2.279
1
0.865
0
-1.958
0
-6.094
0
2.102
0
-2.181
0
-1.083
0
0.277
1
4.656
0
7.65
-6.931
0
2.903
1
2.748
0
0.863
1
-4.783
1
-0.651
0
-6.109
1
2.932
0
-7.435
0
-3.04
1
-0.715
0
2.096
1
1.029
0
-0.872
0
-7.556
0
1.816
1
1.148
1
6.226
0
-1.166
1
1.585
1
5.401
0
4.803
0
-2.932
1
0.87
1
-5.597
0
-0.147
0
0.699
0
-1.813
0
-13.005
0
0.502
0
-3.556
1
-4.408
0
-12.182
1
-0.447
0
-1.232
0
4.851
0
-1.785
0
1.688
0
-0.923
0
5.273
1
-2.573
0
1.296
0
0.783
1
-1.634
1
-1.454
1
-6.931
-45.494
1
2.784
0
-1.186
0
-2.013
0
-2.943
1
1.568
1
1.785
0
-8.526
0
0.276
1
0.655
1
-1.848
1
-1.256
0
-8.726
1
-10.752
0
4.495
0
3.083
0
1.61
0
-3.637
1
0.419
1
-0.837
0
1.032
1
-0.981
1
5.891
1
1.125
1
6.165
0
-4.229
0
0.0900002
0
-1.291
1
-2.168
0
1.301
0
-0.629
1
-7.412
1
1.795
0
-2.543
1
-4.218
1
-4.39
0
-7.438
0
3.723
0
1.389
0
3.586
0
-3.385
1
0.478
0
-3.781
0
2.764
0
-2.12
0
-45.494
-6.895
0
6.675
0
0.836
0
-3.956
1
3.363
1
-3.862
1
0.350001
0
-3.267
1
-6.349
1
-2.244
0
2.446
0
3.841
0
-6.995
0
-1.546
0
3.886
1
-0.367
0
2.557
0
-2.895
1
-1.644
1
-5.781
0
0.153
0
2.374
1
-5.985
0
3.771
1
3.638
1
-5.205
0
3.874
0
-9.529
1
1.375
0
0.0759996
1
9.258
0
-2.449
0
-5.415
0
1.938
1
-2.502
1
3.326
0
0.454
1
-6.786
1
-0.56
0
-5.083
0
-3.93
0
-0.739
0
0.605
1
-0.372
1
-0.203
1
-6.895
20.92
0
-1.065
1
0.241
1
3.33
0
2.201
0
4.637
0
1.162
0
1.595
0
1.298
0
-5.673
1
2.528
0
-1.145
0
-2.677
0
1.267
1
0.461
0
-4.319
1
0.637
0
1.27
1
1.385
0
0.118
1
0.045
0
0.116
1
-1.926
1
1.615
0
1.47
1
-1.535
0
-3.113
1
1.446
1
1.45
1
4.88
0
-6.835
0
0.277
1
0.702
1
-0.528
0
-6.909
0
-0.193
0
-1.472
1
-0.437
0
3.344
1
-3.12
0
1.049
1
-0.775
1
-3.731
0
-2.241
1
1.954
1
20.92
1.512
1
-3.318
0
-0.0210001
1
-3.36
0
-7.826
0
2.642
0
-2.873
0
6.246
1
-3.697
1
4.831
0
-0.567
1
7.708
1
3.292
0
-2.095
0
0.173
1
1.329
1
-0.283
0
-1.489
0
0.973
0
-1.574
1
5.458
0
1.478
1
0.663
1
0.268
1
-4.195
0
-3.128
1
3.659
0
-2.029
0
-4.288
1
0.993
1
-1.805
0
1.729
0
3.574
0
-3.934
1
2.592
0
0.381
0
-0.981
1
-1.645
1
-1.657
0
-5.916
0
1.223
0
-4.8
0
-4.772
1
-2.829
1
1.288
0
1.512
-5.783
0
0.328
0
-0.256
1
-0.876
0
-5.901
1
2.179
1
-8.29
1
-1.778
0
-5.404
1
-1.07
0
1.581
0
2.484
1
4.155
0
-3.038
1
1.241
1
0.297
1
4.597
0
0.933
1
-0.816
0
-4.166
0
-1.229
0
1.522
0
-0.703
0
-6.234
0
3.744
1
4.604
0
6.108
1
-1.627
0
1.693
1
6.31
1
-11.551
1
-2.112
0
-1.613
0
-1.358
0
7.507
0
-5.898
0
9.731
1
0.102
1
5.527
0
-3.714
0
4.892
0
-5.05
0
-3.022
1
-2.115
1
-3.78
1
-5.783
-34.555
1
3.675
0
-2.489
0
-3.489
1
-2.954
1
-1.594
1
0.995
0
1.429
0
-2.227
0
-2.272
0
-0.966
0
7.74
0
-6.103
0
-4.412
1
1.768
1
6.21
0
-2.198
0
0.97
1
-5.57
1
1.82
0
0.885
1
3.016
0
-1.076
1
-1.705
0
-7.981
1
0.442
0
-1.535
1
3.947
0
-0.4
0
-0.683
1
-1.779
0
3.314
1
4.11
1
0.749
1
-3.995
1
-2.74
1
-3.617
1
2.111
1
1.49
0
3.597
1
5.222
0
2.195
1
-2.36
0
-0.117
0
1.312
0
-34.555


4.275
1
-8.129
1
-3.292
1
4.311
0
2.438
0
0.985
0
1.84
1
3.495
1
2.367
1
-0.448
0
5.086
0
-0.448
1
-5.75
0
-1.393
1
-1.343
0
-1.699
1
-1.857
0
-3.367
1
2.677
1
1.525
0
1.687
0
-4.605
0
-2.446
0
-4.367
1
-3.131
1
3.412
0
-1.432
0
-0.995
1
-3.144
0
-2.308
0
-2.673
1
2.441
1
0.754
0
-1.652
1
4.356
0
2.737
0
-1.532
1
1.873
1
1.572
0
3.154
0
-3.509
1
0.0669998
0
-6.999
0
-9.803
0
-2.822
1
4.275
-12.768
0
-1.174
1
-2.405
0
2.155
0
0.322
0
-3.83
1
-2.108
0
-1.22
1
-3.598
1
-3.183
0
-4.408
1
-4.044
1
-1.237
1
-3.55
1
0.092
1
1.894
1
-0.593
1
0.725
1
-2.135
0
4.649
1
0.0210001
0
-5.464
1
-5.983
0
-0.55
1
7.538
0
2.998
0
-2.83
0
-3.706
1
-4.002
0
-1.665
1
0.64
1
1.394
0
-6.102
1
2.834
0
-5.402
1
-3.108
0
5.227
1
-3.896
0
-0.699
0
0.869
0
1.977
0
2.887
0
-0.0170002
1
-1.519
0
-5.257
1
-12.768
13.144
0
-10.792
1
0.31
0
-4.984
1
-5.627
1
4.363
1
-1.904
1
1.592
0
1.15
1
-3.925
0
0.682
0
2.289
1
-3.667
1
1.113
0
-4.257
0
4.8
0
1.525
0
2.625
0
2.994
0
-1.951
0
3.441
1
-1.787
1
3.18
1
-4.272
1
5.625
0
-2.023
0
-4.43
0
-2.805
0
1.012
1
-2.806
1
-5.938
1
-4.621
0
-1.18
0
-5.427
1
1.831
0
-2.585
0
-1.149
0
-2.299
0
-2.746
0
-3.91
1
2.276
1
3.145
0
-9.735
1
0.396
1
-4.117
0
13.144
-15.537
0
-0.00300014
1
2.468
1
-3.476
0
3.531
0
9.356
1
1.416
1
-1.161
0
-2.949
0
0.075
1
-1.44
0
-2.861
0
-3.392
1
0.323
0
-4.109
1
-3.686
0
1.988
0
-2.526
1
-2.176
1
-5.277
1
-0.768
0
-3.047
1
-5.289
0
4.049
1
3.401
0
-6.726
1
-4.41
1
-0.306
0
1.756
0
7.24
0
-3.787
0
-4.405
1
2.164
0
0.344
0
-2.13
1
-0.25
1
-3.354
0
-2.414
0
3.132
1
-2.323
1
0.796
0
-1.901
0
3.037
0
-0.735
1
2.262
0
-15.537
-11.876
1
-4.568
1
10.529
0
-0.602
1
-2.73
1
4.03
1
2.047
0
-10.49
1
-0.55
0
-9.763
0
-1.801
1
-2.939
0
0.779
0
0.603
0
-3.263
1
-6.565
0
0.316
1
0.299
1
3.567
1
0.714
1
5.765
1
-2.026
0
-1.961
1
-1.311
1
-4.002
0
2.434
1
-5.527
0
0.246
1
1.758
0
4.608
0
1.166
1
-1.649
0
6.456
1
2.764
1
-2.694
0
1.932
1
-1.677
0
2
1
2.561
1
-0.78
1
3.002
0
1.272
0
-0.593
0
0.793
1
5.582
0
-11.876
-2.881
0
4.333
1
-1.848
0
8.498
0
1.187
0
-6.182
0
7.964
0
-0.578
1
2.242
1
-1.632
0
-3.858
1
0.418
0
3.861
1
-1.571
1
-2.508
0
1.509
1
-1.252
1
0.845
0
3.387
0
-2.437
0
0.11
0
1.267
0
-3.543
0
0
0
-2.4
1
-8.023
0
-1.685
0
0
0
-5.184
0
-0.9
1
2.358
1
-1.6
0
-4.343
1
-3.703
1
-0.0539999
0
1.986
0
1.253
0
1.53
0
2.153
0
-5.645
1
-2.374
0
1.294
1
1.031
1
-1.109
1
1.341
1
-2.881
-61.167
1
-5.199
1
0.854
1
2.489
0
0.925
1
1.171
1
9.767
1
-2.449
0
6.012
0
3.486
1
0.989
1
-6.775
1
-5.289
1
-2.604
0
4.309
1
-4.696
0
2.924
1
1.617
0
2.722
1
9.549
1
-1.417
0
-3.879
1
-4.63
1
0.0630001
1
-1.556
0
-1.053
0
1.695
0
7.622
0
-7.365
1
3.13
0
4.635
0
-4.961
1
-2.407
0
-3.842
0
2.869
0
2.874
1
1.533
1
-9.084
0
-4.496
0
-6.257
0
-1.646
1
0.159
0
1.633
0
2.218
0
-3.206
0
-61.167
1.334
0
-0.249
0
0.403
1
0.542
1
-6.716
0
-4.454
1
-1.623
1
1.433
0
1.006
0
10.841
0
-0.0929999
1
-3.296
1
-0.447
1
1.713
1
0.674
0
2.924
0
-0.549
1
2.768
0
-0.887
1
8.753
0
-4.645
1
5.261
0
-0.848
1
-4.892
1
-2.518
0
-5.873
0
-2.171
0
-2.449
1
-6.761
0
-3.764
1
-10.062
1
1.814
0
9.031
0
6.54
1
0.612
0
3.655
0
-1.408
0
2.992
1
-0.761
1
0.765
0
-2.092
1
0.871
1
2.332
1
1.066
0
-0.234
1
1.334
-57.605
1
-2.773
0
2.029
1
-3.689
0
-5.331
1
-0.473
1
0.518
0
-1.555
1
-0.583
1
-0.571
1
1.483
0
0.202
1
-5.509
0
-4.399
0
-0.995
0
-1.929
1
-7.705
0
-1.201
0
-4.46
0
-3.056
1
-1.838
0
3.498
1
-4.721
1
1.589
1
3.541
0
1.514
0
3.573
1
-2.607
0
-5.003
0
2.46
0
-5.646
1
-0.639
0
0.341
1
3.926
1
4.55
1
-6.832
0
3.379
1
1.193
1
-1.546
1
-6.746
0
4.725
0
1.103
0
-0.93
1
-5.482
0
-1.761
1
-57.605
-11.963
1
-7.51
1
-0.217
1
-2.1
1
-6.315
0
-5.703
1
-3.017
0
0.703
0
5.914
1
1.307
1
-2.717
1
4.805
0
3.191
0
-4.927
0
-6.075
1
7.103
0
8.051
0
-0.404
1
-1.034
0
-0.188999
0
-2.781
1
-3.637
0
-5.697
1
-7.841
0
-0.056
0
6.996
1
-3.479
0
-3.287
1
1.828
0
4.544
0
-1.054
1
-1.317
1
-5.826
0
6.879
1
2.485
0
-1.522
0
-2.862
1
0.852
1
5.175
0
-3.18
1
-1.926
1
-3.635
1
-3.567
1
-0.82
0
-3.099
1
-11.963


-2.455
0
5.018
1
0.02
0
-5.946
0
5.184
0
2.826
0
0.623
1
-2.621
0
1.378
0
-5.821
0
-5.065
1
-9.071
0
-6.647
0
-3.579
0
0.882
0
1.261
0
-6.368
1
0
0
3.212
0
2.831
0
-7.223
0
-0.814
0
-0.952
0
1.431
0
0.28
0
7.507
0
-2.819
1
-2.063
0
-2.76
0
1.003
0
-2.623
0
0
0
2.524
0
-2.395
0
-5.076
0
4.11
0
-4.222
0
-2.807
0
-0.305
0
-6.28
0
-2.222
0
-0.976
1
-0.00699997
0
-0.547
0
-0.435
0
-2.455
-3.327
0
3.232
0
-1.852
0
5.351
0
-6.173
0
-5.628
0
-2.055
0
-2.194
1
0
0
5.029
0
0.758
1
-2.858
1
2.477
1
6.202
1
-2.68
0
-1.459
1
-2.189
0
-3.548
0
-2.34
0
-2.834
0
2.27
0
2.462
0
2.607
1
0.59
0
1.43
0
-0.393
0
-1.255
0
-0.222
0
-2.654
0
-3.866
0
3.405
0
4.705
0
-1.989
0
-1.588
0
-6.018
0
-0.708
0
-1.68
0
-3.286
0
-1.07
0
1.407
0
3.565
0
-5.39
0
-13.108
0
0.61
0
4.044
0
-3.327
0.449001
0
1.412
1
-0.429
0
-0.897
0
6.233
0
0.334
0
-0.383
0
-1.538
1
2.224
0
1.038
0
3.639
0
2.899
0
-4.967
1
4.212
0
-2.187
0
-6.302
0
-1.285
0
-3.67
0
-1.089
0
5.63
0
-0.62
0
-2.568
0
-3.693
0
-0.578
0
2.656
0
-5.216
0
0.901
0
-5.729
0
-4.769
0
0.545
0
-7.089
0
4.555
0
-1.55
0
7.207
0
-1.007
0
8.872
0
-0.842
0
1.483
0
-2.484
0
-5.602
1
-0.0569999
0
-5.149
0
-8.688
0
-4.415
0
2.845
1
0.449001
1.982
0
-0.339
0
0.865
0
0.454
1
2.815
0
-2.274
1
0.769
0
-0.945
0
0.378
0
2.169
0
3.055
0
4.97
1
-1.278
1
-2.614
1
5.218
1
0
0
-0.015
0
3.027
0
-3.151
1
0.036
0
-2.224
0
4.69
0
-1.726
0
1.779
1
0.04
1
0.163
0
-5.858
0
-0.347
0
-5.451
0
-0.963
0
2.022
0
-9.591
0
-1.024
1
0
0
-4.409
1
0
0
3.567
0
-0.965
0
4.152
0
-2.767
0
1.992
0
0.538
0
3.396
0
1.994
0
-1.156
1
1.982
