

0
0
0
0
0
0
0
0
0
0
0
0
0
0
0
0
0
0
0
0
0
0
0
0
0
0
0
0
0
0
0
0
0
0
0
0
0
0
0
0
0
0
0
0
0
0
0
0
0
0
0
0
0
0
0
0
0
0
0
0
0
0
0
0
0
0
0
0
0
0
0
0
0
0
0
0
0
0
0
0
0
0
0
0
0
0
0
0
0
0
0
0
0
0
0
0
0
0
0
0
0
0
0
0
0
0
0
0
0
0
0
0
0
0
0
0
0
0
0
0
0
0
0
0
0
0
0
0
0
0
0
0
0
0
0
0
0
0
0
0
0
0
0
0
0
0
0
0
0
0
0
0
0
0
0
0
0
0
0
0
0
0
0
0
0
0
0
0
0
0
0
0
0
0
0
0
0
0
0
0
0
0
0
0
0
0
0
0
0
0
0
0
0
0
0
0
0
0
0
0
0
0
0
0
0
0
0
0
0
0
0
0
0
0
0
0
0
0
0
0
0
0
0
0
0
0
0
0
0
0
0
0
0
0
0
0
0
0
0
0
0
0
0
0
0
0
0
0
0
0
0
0
0
0
0
0
0
0
0
0
0
0
0
0
0
0
0
0
0
0
0
0
0
0
0
0
0
0
0
0
0
0
0
0
0
0
0
0
0
0
0
0
0
0
0
0
0
0
0
0
0
0
0
0
0
0
0
0
0
0
0
0
0
0
0
0
0
0
0
0
0
0
0
0
0
0
0
0
0
0
0
0
0
0
0
0
0
0
0
0
0
0
0
0
0
0
0
0
0
0
0
0
0
0
0
0
0
0
0
0
0
0
0
0
0
0
0
0
0
0
0
0
0
0
0
0
0
0
0
0
0
0
0
0
0
0
0
0
0
0
0
0
0
0
0
0
0
0
0
0
0
0
0
0
0
0
0
0
0
0
0
0
0
0
0
0
0
0
0
0
0
0
0
0
0
0
0
0
0
0
0
0
0
0
0
0
0
0
0
0
0
0
0
0
0
0
0
0
0
0
0
0
0
0
0
0
0
0
0
0
0
0
0
0
0
0
0
0
0
0
0
0
0
0
0
0
0
0
0
0
0
0
0
0
0
0
0
0
0
0
0
0
0
0
0
0
0
0
0
0
0
0
0
0
0
0
0
0
0
0
0
0
0
0
0
0
0
0
0
0
0
0
0
0
0
0
0
0
0
0
0
0
0
0
0
0
0
0
0
0
0
0
0
0
0
0
0
0
0
0
0
0
0
0
0
0
0
0
0
0
0
0
0
0
0
0
0
0
0
0
0
0
0
0
0
0
0
0
0
0
0
0
0
0
0
0
0
0
0
0
0
0
0
0
0
0
0
0
0
0
0
0
0
0
0
0
0
0
0
0
0
0
0
0
0
0
0
0
0
0
0
0
0
0
0
0
0
0
0
0
0
0
0
0
0
0
0
0
0
0
0
0
0
0
0
0
0
0
0
0
0
0
0
0
0
0
0
0
0
0
0
0
0
0
0
0
0
0
0
0
0
0
0
0
0
0
0
0
0
0
0
0
0
0
0
0
0
0
0
0
0
0
0
0
0
0
0
0
0
0
0
0
0
0
0
0
0
0
0
0
0
0
0
0
0
0
0
0
0
0
0
0
0
0
0
0
0
0
0
0
0
0
0
0
0
0
0
0
0
0
0
0
0
0
0
0
0
0
0
0
0
0
0
0
0
0
0
0
0
0
0
0
0
0
0
0
0
0
0
0
0
0
0
0
0
0
0
0
0
0
0
0
0
0
0
0
0
0
0
0
0
0
0
0
0
0
0
0
0
0
0
0
0
0
0
0
0
0
0
0
0
0
0
0
0
0
0
0
0
0
0
0
0
0
0
0
0
0
0
0
0
0
0
0
0
0
0
0
0
0
0
0
0
0
0
0
0
0
0
0
0
0
0
0
0
0
0
0
0
0
0
0
0
0
0
0
0
0
0
0
0
0
0
0
0
0
0
0
0
0
0
0
0
0
0
0
0
0
0
0
0
0
0
0
0
0
0
0
0
0
0
0
0
0
0
0
0
0
0
0


8.679
1
0
0
0
0
0
0
0
0
0
0
0
0
0
0
0
0
0
1
0
0
0
0
0
0
-1.09
0
0
0
-3.642
0
-4.611
0
0
0
0
0
0
0
0
0
0
0
-2.578
0
0
1
0
0
0
0
0
0
0
0
0
0
3.637
0
0
0
0
0
0
0
0
0
0
0
0
0
0
0
0
0
4.337
0
0
0
0
0
0
0
0
0
0
0
0
0
8.679
-10.527
0
0
0
0
0
0
0
0
0
0
0
0
0
0
0
0
0
3.963
0
0
0
0
0
0
1
0
0
0
0
0
0
0
0
0
0
0
0
0
0
0
0
0
0
0
0
1.589
0
0
0
0
0
0
0
0
0
0
0
-3.517
0
0
0
0
0
0
0
0
0
0
0
0
0
0
0
0
0
0
0
0
0
0
0
-2.329
0
0
0
0
0
0
0
-10.527
-4.921
0
0
0
0
0
0
0
3.668
0
0
0
0
0
0
0
0
0
0
0
2.671
0
0
0
0
0
0
0
0
0
0
0
0
0
0
0
0
0
0
1
-0.451
0
0
0
0
0
0
0
0
0
0
0
0
0
0
0
0
0
0
0
0
0
0
0
0
0
0
0
0
0
0
0
0
0
0
0
0
0
0
0
0
0
0
0
0
0
0
1
0
0
-4.921
4.252
0
0
0
0
0
0
0
0
0
2.386
0
-4.836
0
0
0
0
0
0
0
0
0
0
0
0
0
0
0
0
0
0
0
0
0
-4.247
0
0
0
0
0
0
0
0
0
0
0
0
0
0
0
0
0
0
0
0
0
0
0
0
0
0
0
0
0
0
0
0
0
0
0
0
0
4.385
0
0
0
0
1
0
0
0
0
0
0
0
0
0
0
0
0
4.252
7.552
0
0
0
0
0
0
0
0
0
0
0
0
0
0
0
0
0
0
0
0
0
0
0
0
0
0
0
0
0
0
0
0
0
0
0
0
0
0
0
0
0
0
0
0
0
0
0
0
0
0
0
0
0
0
0
0
0
0
0
0
0
0
0
0
0
0
0
0
0
0
0
0
0
0
0
0
0
0
0
0
0
3.619
0
0
0
0
0
1.353
0
7.552
15.049
0
0
0
0
0
3.654
0
0
0
0
0
0
0
0
0
0
0
0
0
0
0
0
0
0
0
0
0
0
0
0
0
0
0
-0.851
0
4.776
0
0
0
0
0
0
0
0
0
0
0
0
0
0
0
0
0
0
0
0
0
0
0
0
0
0.427
0
0
0
0
0
0
0
0
0
0
1
0
0
0
0
0
0
0.0100002
0
0
0
1.394
0
0
0
0
0
15.049
0.824
0
0
0
0
0
0
0
0
0
0
0
0
0
0
0
3.56
0
0
0
0
0
0
0
0
0
4.801
0
0
0
4.201
0
0
0
0
0
0
0
3.557
0
0
0
0
0
0
0
0
0
0
0
0
0
0
0
3.156
0
0
0
0
0
0
0
0
0
0
0
0
0
0
0
0
0
0
0
0
0
0
0
0
0
0
0
0
0
0
0
0
0
0
0
0.824
-1.36
0
0
0
0
0
0
0
0.978
0
0
0
0
0
0
0
0
0
-4.537
0
0
0
0
0
0
0
0
0
0
0
0
0
0
0
0
1
0
0
0
0
0
0
0
0
0
0
0
0
0
0
0
0
0
0
0
0
0
0
0
0
2.94
0
-0.625
0
0
0
0
0
0
0
0
0
0
0
0
0
0
0
0
0
0
0
0
0
-1.318
0
0
0
0
0
-1.36
-6.805
0
0
0
0
0
-2.655
0
0
0
0
0
0
0
0
0
0
0
-1.681
0
0
0
0
0
0
0
0
0
0
0
0.42
0
0
0
0
0
0
0
0
0
3.331
0
0
0
0
0
0
0
0
0
0
0
0
0
0
0
0
0
-1.262
1
0
0
0
0
0
0
0
0
2.021
0
0
0
0
0
0
1
0
0
0
0
0
0
0
0
1.71
0
3.96
0
0
0
-6.805
-8.388
0
-0.914
0
0
0
0
0
0
0
0
0
0
0
-0.293
0
-3.731
0
0
0
0
0
0
0
0
0
0.493
0
0
0
0
0
0
0
0
0
0
0
0
0
0
0
0
0
1.568
0
0
0
0.83
0
-1.501
0
0
0
0
0
0
0
0
0
0
0
0
0
0
0
0
0
0
0
0
0
0.0830002
0
0
0
0
0
0
0
0
0
0
0
0
0
3.583
0
0
0
-8.388


4.202
0
0
0
0
0
0
0
0
0
0
0
0
0
0
0
0
0
0
0
0
0
-1.146
0
0
0
0
0
0
0
0
0
0
0
0
0
0
0
0
0
0
0
-2.98
0
0
0
0
1
0
0
0
0
0
0
0
0
0
0
0
0
0
0
0
0
0
0
0
0
0
0
0
0
-4.743
0
0
0
0
1
-1.117
0
0.67
0
3.632
0
0
0
1.61
0
0
0
4.202
-0.935
0
0
0
0
0
0
0
0
0
0
0
0
0
0
0
0
0
0
0
0
0
0
0
0
0
0
0
0
0
0
0
0
0
0
0
0
0
0
0
0
0
0
0
0
0
0
0
0
0
0
0
0
0
0
0
0
0
0
0
0
0
0
0
-3.62
0
0
0
-4.749
0
0
0
0
0
0
0
0
0
0
0
0
0
0
0
0
0
0
0
0
0
-0.935
8.078
0
0
0
1.757
0
0
0
0
0
0
0
0
0
0
0
0
0
0
0
0
0
0
0
0.053
0
0
0
0
0
0
0
0
0
0
0
0
0
0
0
0
1
-3.569
0
0
0
0
0
0
0
2.621
0
0
0
0
0
0
0
0
0
0
0
0
0
0
0
0
0
0
0
0
1
0
0
0
0
0
0
0
0
0
0
0
0
0
0
0
0
0
0
8.078
-9.981
0
0
0
1.112
0
0
0
0
0
0
0
0
0
0
0
0
0
0
0
0
0
0
0
0
0
0
0
0
1
2.204
0
0
0
0
0
0
0
0
0
3.459
0
0
0
0
0
0
0
0
0
0
0
0
0
-3.719
0
0
0
0
0
0
0
0
0
-4.334
0
0
0
0
0
0
0
-3.349
0
0
0
0
0
0
0
0
0
-4.774
0
0
0
3.998
0
0
0
-9.981
7.265
0
0
0
0
0
0
0
-4.594
0
0
0
0
0
-4.985
0
0
0
0
0
0
0
0
0
0
0
0
0
0
0
0
0
0
0
0
0
0
0
-4.32
0
-2.572
0
0
0
0
0
0
0
-0.667
0
0
0
0
0
0
0
0
0
0
0
0
0
0
0
-4.327
0
0
1
0
0
0
0
-0.529
0
0
0
0.864
0
0
0
0
0
-4.415
0
0
0
0
0
0
0
7.265
3.116
1
0
0
0
0
0
0
0
0
-2.825
0
0
0
-3.215
0
0
0
0
0
0
0
0
0
0
0
0
0
0
0
0
0
0
0
0
0
0
0
0
0
0
0
0
0
0
0
0
0
0
0
0
0
0
0
0
0
0
1
0
0
0
0
-0.223
0
0
0
0
0
0
0
-4.328
0
0
0
0
0
0
0
0
0
0
0
0
0
3.606
0
0
0
0
1
3.116
-3.443
0
1.69
0
0
0
0
0
0
0
0
0
-3.682
0
0
0
0
0
0
0
0
0
0
0
0
0
0
0
0
0
0
0
0
0
0
0
0
0
0
0
2.483
0
1.073
0
0
0
0
0
0
0
0
0
0
0
2.677
0
0
0
0
0
0
0
0
0
0
0
0
0
0
0
0
0
0
0
0
0
0
0
0
0
0.554
0
0
0
4.326
0
2.542
0
0
0
-3.443
-14.359
0
0
1
0
0
0
0
0
0
0
0
0
0
0
0
0
0
1.773
0
0
0
0
0
0
0
0
0
0
0
0
0
-2.749
0
0
0
0
0
0
0
0
0
0
0
0
0
-4.345
0
0
0
0.935
0
4.966
0
0
0
0
0
0
0
0
0
0
0
0
0
0
0
0
0
0
0
-4.534
1
-0.337
0
0
0
0
0
0
0
0
0
0
0
0
0
0
0
-14.359
7.609
0
0
0
0
0
0
0
0
0
0
0
0
0
0
0
0
0
-3.752
0
0
0
-3.356
0
0
0
0
0
0
0
0
0
0
0
0
0
0
0
0
0
0
0
0
0
0
0
0
0
0
0
0
0
0
0
-1.108
0
0.397
0
0
0
-3.132
0
0
0
0
0
0
0
0
0
0
0
0
0
-4.054
0
0
1
0
0
0
0
0
0
0
0
0
0
0
0
7.609
-4.328
1
-3.622
0
0
0
0
0
0
0
0
0
0
0
0
0
0
0
0
0
0
0
0
0
0
0
0
1
0
0
0
0
0
0
0
0
0
0
0
0
0
0
0
0
0
0
0
0
0
0
0
0
0
0
0
0
0
0
0
0
0
0
0
0
0
0
0
0
1.077
0
0
0
0
0
0
0
0
1
0
0
0
0
0
0
0
0
0
0
0
0
-4.328


-7.734
0
0
0
0
0
0
0
-0.936
0
0
0
0
0
0
0
0
0
0
0
0
0
0.982
0
0
0
0
0
2.665
0
0
0
0
0
0
0
1.33
0
0
0
0
0
0
0
0
0
0
0
0
0
0
0
0
0
0
0
-0.511
0
0
0
0
0
0
0
0
1
0
0
0
0
0
0
0
0
0
0
0
0
0
0
0
0
0
0
0
0
0
0
0
0
-7.734
-3.071
0
3.784
0
0
0
0
0
0
0
-3.029
0
0
0
0
0
0
0
0
0
0
0
0
0
0
0
0
0
0
0
-1.221
0
0
0
0
0
0
0
0.053
1
0
0
0
0
-4.271
1
0
0
0
0
0
0
0
0
0
0
0
0
0
0
0
0
1.663
0
0
0
0
0
0
0
0
0
0
0
0
0
0
0
0
0
0
0
0
0
0
0
0.768
0
-4.242
0
-3.071
-4.599
0
0
0
0
0
0
0
0
0
0
0
0
0
0
0
0
0
0
0
-4.754
0
0
0
0
0
0
0
0
0
0
0
0
0
0
0
0
0
0
0
-0.58
0
0
0
0
0
0
0
0
0
0
0
-2.264
0
0
0
0
0
0
0
0
0
0
0
0
0
0
0
0
0
0
0
0
0
0
0
0
0
2.347
0
0
0
0
0
0
1
0
0
0
0
-4.599
-2.262
0
0
0
0
0
0
0
0
0
0
0
0
0
0
0
1.862
0
-2.815
0
0
0
0
0
0
0
0
0
0
0
2.122
0
0
0
0
0
0
0
0
0
0
0
0
0
0
0
0
0
0
0
-4.194
0
0
0
0
0
0
0
0
0
0
0
0
0
0
0
0
0
0
0
0
0
0
0
0
0
0
0
0
0
0
0
0
0
0
0
0
0
0
0
-2.262
2.174
0
0
0
0
0
0
0
0
0
0
0
0
0
0
0
0
0
0
0
0
0
0
0
0
0
-1.863
0
0
0
0
0
0
0
0
0
1.154
0
0
0
0
0
0
0
0
0
0
0
0
0
0
0
0
0
0
0
0
0
0
0
0
0
0
0
0
0
0
0
0
0
0
0
0
0
0
0
0
0
0
0
0
0
0
0
0
0
0
0
0
0
2.174
-6.068
0
0
0
0
0
0
0
0
0
0
0
0
0
0
0
-4.245
0
0
0
0
0
0
0
-3.311
0
0
0
0
0
4.281
0
0
0
0
0
0
0
0
0
0
0
0
0
0
0
-1.712
0
-3.737
0
0
0
4.17
0
0
0
3.853
0
0
0
0
0
0
0
0
0
0
0
0
0
2.456
0
0
0
0
0
0
0
0
0
0
0
0
0
0
0
0
0
0
0
-6.068
7.593
0
0
0
0
0
0
0
0
0
1.789
0
0
0
0
0
3.703
0
0
0
0
0
0
1
0
0
0
0
0
0
0
0
0
0
0
0
1.066
0
0
0
-2.369
0
0
0
0
0
0
0
0
0
0
0
0
0
2.479
0
0
0
0
0
0
0
-2.301
0
0
0
0
0
0
0
-2.259
0
0
0
0
0
0
0
0
0
0
0
0
0
0
0
0
0
0
0
7.593
3.583
0
0
0
0
0
0
1
0
0
0
0
0
0
0
0
0
0
0
0
-4.644
0
0
0
0
0
0
0
0
0
0
0
0
0
0
0
0
0
0
0
0
0
0
0
0
0
-4.107
0
-4.066
0
0
0
-3.784
0
0
0
0
0
0
0
0
0
0
0
0
0
0
0
0
0
0
0
0
0
0
0
0
0
0
0
0
0
0
0
0
0
0
0
0
0
3.583
-1.15
0
0
0
0
0
0
0
0
0
0
0
0.603
0
0
0
0
0
0
0
0
0
0
0
0
0
0
0
0
0
0
0
0
0
0
0
0
0
0
0
0
0
0
0
0
0
5.821
0
0
0
0
0
0
0
0
0
0
0
-1.606
0
0
0
0
0
0
0
3.003
1
0
0
0
0
0
0
0
0
0
0
0
0
0
0
-1.92
0
0
0
0
0
0
0
-1.15
-7.311
0
-3.217
0
0
0
0
0
0
0
0
0
0
0
0
0
0
0
0
0
0
0
0
0
0
0
0
0
0
0
0
0
0
0
0
0
1.735
0
0
0
0
0
0
0
0
0
0
0
0
0
0
0
0
0
0
0
0
0
0
0
0
0
0
0
0
0
-4.381
0
0
0
0
0
0
0
0
0
1.853
0
0
0
0
0
-3.712
0
1.179
0
0
0
0
0
-7.311


-0.698999
1
-2.152
0
0
0
0
0
0
0
0
0
0
0
0
0
0
0
0
0
-4.26
0
0
0
0
0
0
0
0
1
-4.068
0
0
0
0
0
-4.112
0
0
0
0
0
0
0
0
0
0
0
0
0
4.187
0
0
1
2.58
0
0
0
0
0
0
0
0
0
0
0
0
1
0
0
0
0
0
0
0
1
0
0
0
0
0
0
0
0
0
0
0
0
0
0
-0.698999
-7.952
1
2.161
1
0
0
0
0
0
0
0
0
0
0
0
0
0
0
0
0
0
0
0
0
0
0
0
0
0
0
-0.137
0
0
0
0
0
0
0
0
0
0
0
0
0
0
0
0
0
0
0
0
0
0
0
0
0
0
0
0
0
0
0
0
0
0
0
0
0
0
0
0
0
0
0
0
0
0
0
0
0
0
0
3.063
0
0
0
0
0
0
0
-7.952
-6.038
0
0
0
0
0
0
0
0
1
3.66
0
0
0
0.214
1
0.334
0
0
0
0
0
-3.279
0
-1.933
0
0
0
0
0
0
0
0
0
0
0
0
0
3.941
0
0
0
0
0
0
0
0
0
0
0
0
0
0
0
0
0
0
0
0
0
0
0
0
0
0
0
0
0
0
0
-3.152
0
0
0
0
0
0
0
-4.617
0
0
0
0
0
0
0
4.956
0
0
0
-6.038
-1.539
0
0
0
0
0
0
0
0
0
0
0
-5.029
0
0
0
0
1
2.979
0
0
0
0
0
0
0
0
0
0
0
0
0
0
0
0
0
0
0
0
0
0
0
0
0
0
0
0
0
0
0
2.886
0
0
0
0
0
0
0
0
0
0
0
0
0
0
0
0
0
0
0
0
1
0
0
0
0
0
0
0
0
-0.854
0
0
0
0
0
0
0
0
0
-1.539
