

0
0
0
0
0
0
0
0
0
0
0
0
0
0
0
0
0
0
0
0
0
0
0
0
0
0
0
0
0
0
0
0
0
0
0
0
0
0
0
0
0
0
0
0
0
0
0
0
0
0
0
0
0
0
0
0
0
0
0
0
0
0
0
0
0
0
0
0
0
0
0
0
0
0
0
0
0
0
0
0
0
0
0
0
0
0
0
0
0
0
0
0
0
0
0
0
0
0
0
0
0
0
0
0
0
0
0
0
0
0
0
0
0
0
0
0
0
0
0
0
0
0
0
0
0
0
0
0
0
0
0
0
0
0
0
0
0
0
0
0
0
0
0
0
0
0
0
0
0
0
0
0
0
0
0
0
0
0
0
0
0
0
0
0
0
0
0
0
0
0
0
0
0
0
0
0
0
0
0
0
0
0
0
0
0
0
0
0
0
0
0
0
0
0
0
0
0
0
0
0
0
0
0
0
0
0
0
0
0
0
0
0
0
0
0
0
0
0
0
0
0
0
0
0
0
0
0
0
0
0
0
0
0
0
0
0
0
0
0
0
0
0
0
0
0
0
0
0
0
0
0
0
0
0
0
0
0
0
0
0
0
0
0
0
0
0
0
0
0
0
0
0
0
0
0
0
0
0
0
0
0
0
0
0
0
0
0
0
0
0
0
0
0
0
0
0
0
0
0
0
0
0
0
0
0
0
0
0
0
0
0
0
0
0
0
0
0
0
0
0
0
0
0
0
0
0
0
0
0
0
0
0
0
0
0
0
0
0
0
0
0
0
0
0
0
0
0
0
0
0
0
0
0
0
0
0
0
0
0
0
0
0
0
0
0
0
0
0
0
0
0
0
0
0
0
0
0
0
0
0
0
0
0
0
0
0
0
0
0
0
0
0
0
0
0
0
0
0
0
0
0
0
0
0
0
0
0
0
0
0
0
0
0
0
0
0
0
0
0
0
0
0
0
0
0
0
0
0
0
0
0
0
0
0
0
0
0
0
0
0
0
0
0
0
0
0
0
0
0
0
0
0
0
0
0
0
0
0
0
0
0
0
0
0
0
0
0
0
0
0
0
0
0
0
0
0
0
0
0
0
0
0
0
0
0
0
0
0
0
0
0
0
0
0
0
0
0
0
0
0
0
0
0
0
0
0
0
0
0
0
0
0
0
0
0
0
0
0
0
0
0
0
0
0
0
0
0
0
0
0
0
0
0
0
0
0
0
0
0
0
0
0
0
0
0
0
0
0
0
0
0
0
0
0
0
0
0
0
0
0
0
0
0
0
0
0
0
0
0
0
0
0
0
0
0
0
0
0
0
0
0
0
0
0
0
0
0
0
0
0
0
0
0
0
0
0
0
0
0
0
0
0
0
0
0
0
0
0
0
0
0
0
0
0
0
0
0
0
0
0
0
0
0
0
0
0
0
0
0
0
0
0
0
0
0
0
0
0
0
0
0
0
0
0
0
0
0
0
0
0
0
0
0
0
0
0
0
0
0
0
0
0
0
0
0
0
0
0
0
0
0
0
0
0
0
0
0
0
0
0
0
0
0
0
0
0
0
0
0
0
0
0
0
0
0
0
0
0
0
0
0
0
0
0
0
0
0
0
0
0
0
0
0
0
0
0
0
0
0
0
0
0
0
0
0
0
0
0
0
0
0
0
0
0
0
0
0
0
0
0
0
0
0
0
0
0
0
0
0
0
0
0
0
0
0
0
0
0
0
0
0
0
0
0
0
0
0
0
0
0
0
0
0
0
0
0
0
0
0
0
0
0
0
0
0
0
0
0
0
0
0
0
0
0
0
0
0
0
0
0
0
0
0
0
0
0
0
0
0
0
0
0
0
0
0
0
0
0
0
0
0
0
0
0
0
0
0
0
0
0
0
0
0
0
0
0
0
0
0
0
0
0
0
0
0
0
0
0
0
0
0
0
0
0
0
0
0
0
0
0
0
0
0
0
0
0
0
0
0
0
0
0
0
0
0
0
0
0
0
0
0
0
0
0
0
0
0
0
0
0
0
0
0
0
0
0
0
0
0
0
0
0
0
0
0
0
0
0
0
0


-50.062
0
-1.65
0
-1.126
1
-0.335
1
6.387
1
-0.464
1
3.953
0
-6.581
1
-5.545
1
1.671
1
-2.273
0
4.678
0
-0.215
1
1.076
1
2.893
0
0.198
0
2.587
0
1.561
1
0.532
1
-0.928
0
0.465
0
-3.958
0
2.84
1
-4.566
1
-2.042
1
-2.183
0
4.519
1
-0.247
0
-7.388
1
-0.753
1
5.174
0
1.559
0
1.164
0
-2.628
1
-4.026
1
1.691
1
1.379
1
-6.424
1
-3.768
1
-2.374
1
-3.678
0
-1.31
0
2.638
0
-5.956
1
0.12
0
-50.062
-39.609
0
0.984
1
-6.184
0
-4.461
0
-2.06
1
1.882
0
-4.845
0
-1.388
1
-1.792
0
3.617
0
-1.27
1
-4.542
0
-3.201
1
8.495
0
-3.967
0
1.565
1
-4.743
1
-5.877
1
-0.578
1
0.359
0
-2.675
0
-4.208
1
-3.324
1
-2.735
0
-1.823
0
6.189
0
4.673
0
-3.273
0
-3.265
1
-4.341
1
-2.38419e-07
0
0.525
0
-1.991
1
2.859
0
0.0709999
1
0.776
0
9.488
0
2.42
0
0.958
0
-3.839
1
-0.426
1
0.279
0
6.403
0
-2.229
0
2.101
1
-39.609
-4.042
0
1.065
0
-1.688
1
-2.277
0
3.522
0
-3.348
0
-1.359
0
5.567
0
-0.974
1
2.39
0
-1.94
0
-4.873
1
-0.585
0
-4.789
0
-2.291
1
-2.494
1
2.107
1
-6.531
0
-3.656
0
0.51
1
1.606
0
0.025
1
-3.204
1
-6.142
1
2.403
1
1.869
0
-3.997
0
7.402
1
1.991
1
1.413
0
-0.343
0
0.658
1
1.22
1
-4.761
1
-1.791
0
-0.416
1
-1.603
1
4.227
1
2.69
1
-6.208
1
-5.076
1
-3.397
1
-4.935
1
-4.285
0
-0.516
0
-4.042
-22.772
0
-3.751
1
-1.246
0
-1.463
0
1.655
1
2.152
1
-4.977
1
-4.603
0
0.271
1
0.802
0
-1.527
1
-1.857
1
-7.147
1
5.225
0
3.863
0
-3.063
0
6.125
1
-4.369
1
-1.104
0
6.549
1
6.53
1
-2.613
0
-1.015
0
-0.631
1
-0.597
0
-3.799
1
-0.676
1
1.11
1
-1.53
0
2.996
1
-0.871
1
-0.603
0
-1.148
1
-6.307
0
-0.211
1
-4.879
1
0.993
1
-4.729
1
0.243
1
-2.751
1
0.248
0
-0.606
1
0.266
1
1.204
1
-0.226
0
-22.772
2.329
0
3.067
1
-2.063
1
-3.132
1
1.422
0
-1.387
1
-4.863
1
-0.158
1
-4.121
1
1.303
0
0.0879997
0
-4.131
1
5.883
0
0.383
1
4.465
0
1.376
1
2.24
1
-5.234
0
-4.989
1
-0.483
0
0.123
1
1.22
1
3.546
0
-1.769
0
-4.499
0
0.948
0
-1.948
0
0.184
1
0.398
0
1.002
1
6.955
1
0.557
1
-2.404
1
-5.459
0
-2.15
1
-1.653
0
4.312
1
1.009
1
0.972
1
3.517
1
2.86
0
-1.617
1
-1.651
0
-2.074
0
3.478
1
2.329
-72.197
0
1.593
1
4.061
1
-2.833
1
-9.76
1
-0.712
1
-7.228
1
6.205
1
1.207
0
-0.561
1
-1.701
0
0.112
0
-0.915
1
-0.163
0
-1.215
0
8.465
1
-4.733
0
2.555
1
-6.069
0
-0.799
0
6.922
0
-0.936
0
0
1
-4.378
1
0.335
0
2.474
0
0.607
1
-0.388
0
-0.639
0
0.857
1
0.198
0
2.746
0
-3.718
1
-2.932
0
-2.036
0
2.509
1
-4.322
0
-2.226
1
-3.062
1
-0.835
0
-3.841
1
0.39
1
-1.987
1
1.536
0
-2.263
1
-72.197
9.983
1
-4.934
0
-0.746
0
-1.299
1
2.238
1
-4.23
1
9.095
0
-9.971
0
-1.704
0
-3.509
1
0.478
0
-2.199
0
0.142
0
5.294
0
-0.454
1
0.384
1
2.224
0
4.091
1
1.259
1
-8.705
1
-6.084
1
0.8
0
0.297
0
-3.131
1
-4.515
0
-4.347
1
3.53
1
4.262
0
0.823
0
0.303
1
2.363
1
-0.501
0
1.981
0
-1.703
1
2.793
1
2.701
1
0.774
0
0.866
1
3.701
1
3.331
1
-0.548
1
-2.473
0
-2.291
0
0.78
1
0.0620003
1
9.983
-31.293
0
-2.535
1
0.893
1
-1.39
0
4.233
1
-5.253
1
-7.028
0
-2.05
1
-1.388
0
2.121
1
-6.722
1
0.973
1
1.208
1
-1.638
1
-2.906
0
0.328
0
-1.511
0
6.134
1
7.762
1
2.448
1
-0.541
0
-4.169
0
-1.845
0
0.644
1
2.243
1
4.306
1
-0.772
0
1.509
1
5.758
0
4.018
0
3.257
0
-5.4
1
-0.428
1
0.0829999
0
3.988
1
-1.254
0
-5.192
1
-0.268
0
-0.3
1
-5.709
0
3.208
1
-1.78
1
1.911
1
9.163
0
2.831
0
-31.293
-12.237
1
4.732
0
0.776
1
-3.85
0
4.442
0
-3.756
1
2.714
1
-1.929
0
1.783
0
-7.232
1
-1.403
0
0.177
0
0.112
1
-3.195
0
1.235
1
-4.921
0
-2.821
0
-3.029
0
-6.928
1
-1.981
0
0.497
1
-1.784
0
-2.325
1
-6.885
1
-1.816
0
2.658
1
-1.426
0
-1.601
0
-3.587
1
-2.036
1
8.421
0
-5.085
0
0.171
1
-3.517
1
-1.783
1
-0.392
0
1.429
1
-6.065
1
-4.638
1
-2.071
1
-1.145
0
2.286
0
-2.315
1
1.649
1
-0.578
0
-12.237
-15.489
1
1.575
1
3.464
0
1.645
0
-5.39
0
5.2
0
-13.992
0
3.782
1
-0.0700002
0
-0.322
0
0.195
0
5.956
1
-7.673
0
2.962
0
-2.724
1
0.256
0
-2.874
0
0.191
0
4.428
0
-4.56
0
-1.622
1
-1.193
1
1.61
1
4.042
1
0.215
0
-0.793
1
-1.969
1
0.085
0
-0.689
0
-4.919
0
0.276
0
3.814
1
2.216
1
-0.517
1
-1.144
0
-0.724
1
-0.057
1
-0.089
1
-5.683
1
3.047
0
-5.499
1
-5.551
1
-1.064
0
1.665
1
0.652
1
-15.489


-16.391
1
0.178
0
-0.809
0
4.637
0
-0.0990001
0
-3.505
1
2.111
1
-2.269
0
-3.656
1
3.55
1
-2.485
0
-0.117
1
-1.599
1
1.579
0
-5.785
0
1.629
1
-4.333
1
-1.425
1
1.125
0
1.953
0
2.427
1
-7.929
1
-3.037
0
-0.0780001
1
-0.177
0
4.829
1
-1.634
0
2.108
0
1.349
0
-6.772
0
1.193
0
-4.614
1
-0.791
1
-1.391
0
-3.141
1
-1.544
0
3.322
1
4.182
0
-0.0880001
0
-2.208
1
3.046
0
-3.237
1
0.347
0
-3.405
0
-1.634
0
-16.391
-1.828
0
-0.65
0
0.304
1
1.53
0
1.293
0
0.197
0
7.905
0
0
0
-0.302
0
0.0619997
0
0.678
0
1.436
0
-1.319
1
0.046
0
-3.563
0
-4.247
0
2.19
0
-7.028
0
1.941
0
0.729
0
2.317
0
2.954
0
-1
0
0.00300014
1
0.223
1
2.105
1
-1.721
1
-1.978
0
2.186
0
-3.605
0
-0.622
1
-0.0410001
0
-3.644
0
-4.76
1
-0.353
1
9.035
0
-5.304
0
-0.182
1
-0.894
1
3.585
0
-0.498
1
5.626
1
-5.757
1
2.258
0
-1.74
1
-1.828
0.234
0
0.576
0
-0.635
0
-0.728
0
0.0910003
1
0.315
1
1.18
0
2.244
0
-3.179
0
-0.885
0
5.484
0
6.829
1
0.03
1
1.936
1
-1.402
1
0
1
-0.0179999
1
3.39
1
0.138
0
1.039
1
-0.408
0
0.379
0
0.214
0
0
1
1.444
0
1.935
1
6.838
0
-0.0059998
1
5.368
0
-7.168
0
0.881
1
2.016
1
-3.432
0
-3.725
1
9.89
0
-0.834
0
2.374
0
-0.545
1
4.255
0
-1.099
1
-0.606
1
3.814
0
-2.654
0
0.289
0
-1.744
1
0.234
-0.519
0
-2.356
1
1.262
1
-0.00399983
0
1.082
0
-0.127
1
-1.53
0
-1.423
0
-4.189
0
-2.458
0
-1.777
0
2.958
0
2.301
0
3.871
0
-3.215
0
-1.394
1
-3.143
1
5.072
1
1.801
1
6.115
0
0.0300002
1
-7.5
0
-0.223
1
0.166
1
3.693
0
0.517
1
6.084
0
5.783
1
-3.413
0
-1.36
1
-0.0569999
0
1.663
0
-3.468
1
-1.811
0
-0.308
0
0.36
1
3.068
0
2.297
1
2.172
1
0.275
1
-0.739
0
-4.042
1
0.151
1
1.927
0
4.132
0
-0.519
-10.676
1
-0.367
0
-6.712
1
1.914
0
-0.766
1
-8.109
0
-0.539
1
-4.029
1
-1.892
0
2.304
0
-1.159
0
-2.39
1
-1.705
1
-4.218
1
-2.908
1
0.0840002
0
1.372
0
1.077
0
2.612
0
-3.801
0
-1.182
1
-5.831
1
1.031
0
-0.522
1
1.348
0
-2.783
1
-5.072
0
-0.62
0
-3.6
0
0.944
1
0.504
0
-0.593
1
1.521
0
4.378
1
-0.613
1
2.77
0
-1.104
1
-0.699
0
-1.24
0
-2.398
0
-1.091
0
0.23
1
-2.817
1
1.969
0
-0.919
1
-10.676
-59.024
0
1.385
1
-0.918
0
-4.857
1
0.902
1
3.891
1
-3.346
0
2.019
1
-4.391
1
-0.491
0
-5.068
1
-9.48
0
1.58
1
2.624
0
-1.903
0
-1.914
1
-2.929
1
-1.412
0
-3.641
1
0.822
1
-3.921
0
-0.18
1
1.194
1
2.299
0
1.876
0
6.518
1
6.008
1
-3.061
1
-4.17
0
-1.136
1
-0.679
1
-3.106
0
-2.152
1
-4.946
0
-0.886
1
-2.541
0
1.904
0
-2.059
0
5.996
1
2.406
0
-0.398
1
5.766
1
-0.438
1
-2.061
0
1.75
0
-59.024
-47.309
1
-4.701
1
-2.172
0
0.307
0
-3.345
1
-3.839
1
5.601
1
-2.554
0
-0.922
1
-6.963
0
-3.167
1
-0.942
1
-3.955
1
3.328
0
1.233
0
1.681
0
-2.72
1
-6.291
0
2.085
1
-1.704
1
-1.632
1
-3.189
1
4.803
1
-0.0190001
0
4.552
1
-3.073
1
-1.275
0
3.171
0
-5.678
1
2.27
1
-2.49
0
0.1
1
0.973
0
-5.984
1
-2.238
0
5.777
0
-1.244
0
1.116
1
-5.142
1
-3.365
1
5.419
0
-2.6
1
-5.562
1
5.491
0
-5.016
0
-47.309
-45.991
0
-0.822
0
1.253
1
0.195
1
-1.761
1
-3.656
0
0.862
1
-1.977
0
-5.145
0
-0.308
0
1.704
0
3.92
0
-2.937
1
0.692
1
3.368
1
1.684
1
-1.705
0
5.467
0
-2.605
0
-5.126
1
1.027
0
1.044
0
-3.669
1
4.218
0
1.426
1
-2.589
1
-1.643
1
-4.486
1
-7.4
1
-5.649
0
2.463
1
1.725
0
2.699
1
1.747
0
-0.489
1
-0.0580001
0
-7.43
0
-2.552
1
-0.303
0
-1.383
1
-0.23
1
-1.459
1
0.488
1
-2.275
0
4.131
0
-45.991
-72.733
1
-2.098
1
-0.847
1
0.788
0
-4.186
0
8.962
1
0.639
1
-4.893
0
-3.75
0
1.044
1
0.256
1
2.908
0
-2.696
0
-1.956
1
-1.38
1
-3.097
1
-1.624
1
-3.337
1
3.471
0
3.664
1
-4.641
1
-2.974
1
-1.027
1
-2.653
0
-0.628
0
1.046
1
0.327
0
0.588
1
3.171
0
-2.397
0
0.463
0
-4.295
0
-6.41
0
2.177
0
-1.104
0
1.474
0
0.272
0
-1.207
0
-0.19
0
5.935
0
-0.0230002
1
-1.136
1
4.618
0
-2.092
1
-0.813
0
-72.733
-0.362
0
0
0
-7.057
1
0
0
-3.099
0
1.235
1
1.165
0
0.928
0
-0.0710002
0
-3.886
0
-5.419
0
-3.261
0
-0.779
0
-7.177
1
-2.346
0
2.22
0
0
0
3.852
0
2.216
0
0.931
0
0.535
0
-0.976
0
0.732
0
-0.39
0
-4.78
1
-3.104
0
-1.254
0
-1.566
0
-10.043
1
-0.234
0
0.137
0
-2.874
0
1.051
1
-0.601
1
-3.562
1
1.895
0
-5.709
1
4.533
0
2.151
1
-7.871
0
-2.415
1
0.442
0
0.714
0
1.963
0
1.426
1
-0.362


-0.240999
0
4.362
1
0.898
0
-5.481
1
-5.494
0
1.627
0
-1.341
0
0.47
0
1.376
1
-0.219
1
0.0580004
0
-5.18
0
-0.633
0
-5.627
1
0.797
0
-2.963
1
-7.189
1
2.943
1
-5.422
1
-2.213
1
-6.426
1
1.431
1
-0.95
0
1.342
0
1.485
1
2.671
0
-4.128
0
6.846
1
-1.836
1
6.503
0
4.039
1
5.039
1
1.315
0
-1.097
0
10.959
0
1.447
0
-1.279
1
1.499
1
3.698
0
0.0269997
1
0.518
1
-2.634
1
3.884
1
5.644
0
-5.142
1
-0.240999
6.688
1
-6.123
0
5.189
1
-1.236
0
0.239
0
1.287
1
-0.0179998
0
3.108
0
2.866
0
0.175
1
1.274
1
-1.246
1
0.772
0
1.06
1
6.071
1
-4.191
0
-2.946
0
-3.534
1
1.28
1
0.757
1
-1.686
0
-1.915
0
0.202
1
-2.506
1
-3.556
1
-3.356
0
-0.284
1
1.953
1
-2.196
1
3.502
1
2.049
0
-2.031
1
-0.203
0
4.333
1
4.931
0
-2.549
1
1.342
0
1.585
0
-6.654
1
-4.798
0
-0.551
1
-1.929
1
-2.01
1
-1.697
0
-1.606
1
6.688
-22.794
0
-5.152
1
-2.155
0
-4.217
1
-1.265
1
4.125
1
3.751
0
-5.803
1
-3.245
1
0.229
1
-0.627
0
-4
0
0.192
1
1.978
0
-3.34
0
-5.366
0
1.017
0
-1.507
0
-0.877
0
0.0720003
1
2.687
0
-2.921
1
-3.895
0
-4.106
0
1.836
0
0.592
1
-0.487
1
3.461
0
5.53
1
6.233
1
-4.184
1
-2.758
1
4.07
1
-4.411
1
0.08
1
0
1
1.489
0
-3.77
1
0
0
-3.963
1
-2.675
0
-0.718
0
0.322
0
1.213
1
3.197
0
-22.794
18.13
1
-0.537
1
-1.981
1
-6.246
1
2.824
1
2.795
0
0.104
1
1.636
1
0
0
1.504
0
1.521
0
0
1
2.42
1
1.632
0
-6.434
1
0.933
1
-1.489
0
0.102
1
-1.071
0
-1.075
0
-0.474
0
0.929
0
-2.499
0
4.41
0
2.873
1
-1.941
1
0.0459999
0
-2.848
1
-3.677
0
2.785
0
0
1
-0.183
0
4.458
1
0.849
0
-4.648
0
5.327
1
-2.106
0
4.024
1
-1.162
1
-2.009
1
-3.736
1
-0.178
1
-0.59
0
5.65
0
1.124
0
18.13
0.923998
0
-1.893
0
4.099
1
-3.684
0
2.451
0
-3.017
1
-0.984
1
-3.921
0
1.275
1
2.923
0
0.21
0
-4.517
1
-1.187
1
6.591
0
2.996
0
5.719
0
1.605
0
3.073
0
0.326
0
0.0360001
1
1.435
0
4.264
0
5.86
1
-1.322
0
-2.096
1
10.654
0
1.111
1
0.464
1
-0.802
1
1.04
1
-1.625
1
1.125
1
2.149
0
-4.084
0
-3.953
0
-0.345
0
-2.508
1
0.763
0
-1.937
0
-5.79
0
-1.137
1
0.501999
0
-2.223
1
1.581
0
2.036
0
0.923998
-37.149
0
-0.0599998
0
-1.452
1
-2.703
1
-3.79
1
1.864
1
1.972
0
-3.553
0
-3.299
1
-3.821
1
-5.137
1
-0.803
0
0.189
1
2.008
1
0
0
-1.796
1
2.879
1
-6.198
0
-0.479
1
-5.654
0
1.766
0
-5.159
1
0.273
1
-4.131
0
-1.178
1
1.869
0
3.186
1
-2.269
0
5.743
0
-1.157
0
-5.193
1
3.724
1
-5.892
0
0.0540001
1
-2.708
1
-0.0249996
0
-3.78
0
5.889
1
-1.575
0
-2.309
1
-0.688
0
-5.385
1
-1.342
0
2.119
0
-1.393
0
-37.149
-8.251
1
0.955
0
0.689
0
-6.579
0
2.514
0
-0.333
0
-1.419
0
-5.794
0
-3.183
1
-2.342
1
0.581
1
-2.81
1
7.383
1
1.553
1
2.069
0
2.612
1
0.238
1
-2.705
1
-2.488
1
-0.262
1
1.325
0
2.582
0
-5.113
0
-0.462
0
1.601
0
-0.475
1
4.474
1
-3.967
1
-5.634
1
-2.111
1
3.09
0
7.038
0
0.493
1
4.548
1
0.62
0
-3.714
0
0
0
2.597
1
-4.413
1
2.823
0
2.188
0
0.838
0
3.403
1
4.957
1
-1.444
1
-8.251
-49.625
0
4.847
1
3.975
0
-3.977
1
1.738
1
3.181
1
5.227
0
-9.606
1
-1.599
1
-1.553
0
2
0
-1.051
0
-3.818
1
7.823
1
4.544
0
-1.096
1
3.859
1
0.0550001
0
-4.687
1
4.51
0
-4.565
0
1.68
1
-4.34
1
1.153
1
2.717
0
1.286
1
0.776
1
-1.715
0
-1.186
0
-2.817
0
-1.267
1
-2.766
0
-0.0230004
0
4.581
0
-6.271
0
1.933
1
-1.144
1
-1.67
1
-2.373
0
1.231
1
-3.532
1
0.231
1
1.554
0
-0.892
1
-2.717
1
-49.625
-24.059
0
-1.122
1
4.712
0
-3.399
0
-0.205
0
-1.342
0
0.322
0
-3.716
1
4.425
0
-3.101
1
-1.197
0
-0.508
0
1.89
1
3.971
1
0.512
0
1.336
1
8.612
0
-3.713
0
4.797
1
1.596
0
4.811
1
-2.297
0
0.161
1
4.201
1
0.586
0
3.648
0
7.082
1
-7.283
0
1.25
0
-0.809
0
-0.879
0
-4.511
0
-0.898
1
-2.291
1
-1.004
1
-0.721
0
2.005
0
-3.761
0
-3.169
0
1.596
0
-0.0470002
1
0.0529999
0
-2.667
0
2.595
0
3.873
1
-24.059
-23.239
1
-4.961
1
0.938
1
1.305
1
-0.355
1
-7.539
0
0.657
1
3.669
1
-5.124
0
-6.034
1
1.248
1
-4.144
1
-3.105
1
-0.976
1
-3.068
1
3.569
1
-2.407
0
-0.0999998
1
-1.67
0
-1.759
0
1.197
1
-2.472
0
7.908
1
-2.237
1
-3.034
0
-7.11
1
4.436
0
-2.945
1
3.362
0
-2.465
0
-2.718
0
0.618
1
0.163
1
-6.099
0
6.39
1
-0.286
0
-10.59
0
-0.871
0
-0.648
0
-3.016
1
-2.101
0
-0.872
1
0.774
0
5.649
1
-0.386
0
-23.239


-6.082
0
-1.374
0
0.649
1
0
1
0.463
0
-1.64
0
-3.644
1
-1.983
0
1.72
0
1.281
0
-2.198
0
0.674
0
1.627
0
-2.389
0
0.657
0
-4.293
0
-4.996
0
-4.7
0
-0.357
0
4.186
0
-7.414
1
0.03
0
-2.356
0
2.184
0
-0.412
0
2.844
0
1.807
1
0.544
0
-9.392
0
8.714
0
-4.398
0
4.163
1
-0.554
0
-0.204
0
1.477
0
1.82
0
0.811
0
-0.179
1
1.647
1
0
0
3.719
1
-0.0310001
1
-0.761
0
4.39
0
-12.232
1
-6.082
2.847
0
2.867
0
-3.454
0
-4.785
1
0
0
1.476
0
-0.776
1
1.308
0
-3.476
0
-2.656
0
-1.757
1
-1.115
1
-2.727
1
-5.602
1
-2.881
0
-1.948
0
0.249
0
-1.929
0
-10.675
0
0.049
0
-0.236
0
-4.88
0
-3.023
0
-1.788
0
-2.584
0
-2.645
1
-1.56
0
1.999
0
1.316
0
5.136
0
2.238
0
0.529
0
0.402
0
-0.467
1
0.448
1
0
0
2.574
0
-2.674
0
2.89
0
-7.56
0
2.338
0
-0.76
0
-0.13
0
-3.991
1
0
1
2.847
-0.467
0
-5.243
0
0.124
0
3.082
0
5.227
1
2.119
1
-4.445
0
-4.083
1
0.98
0
-2.754
0
-5.404
0
-4.392
0
-1.15
1
2.754
0
1.139
0
-3.282
0
-4.78
1
-0.0829999
0
-2.469
0
1.561
0
0.056
0
-6.768
1
0
1
-0.00399983
0
3.514
0
-2.037
0
2.1
0
-0.166
0
-5.222
0
1.54
1
-0.00400019
0
1.592
0
3.072
0
-3.967
0
1.427
0
-3.512
0
-3.786
0
5.117
1
-0.417
0
-0.726
1
-0.02
0
-2.34
0
1.18
0
2.093
0
0
0
-0.467
0.698
1
0
0
-2.832
0
0.118
0
-3.658
0
0.0969996
1
0.81
0
1.49
0
5.835
0
1.849
0
-3.18
1
2.22
0
1.073
1
0.956
1
0.552
0
-1.165
0
-6.867
1
-0.742
0
-0.557
0
-2.05
0
2.695
0
-7.869
0
0.492
1
0
0
4.743
0
1.986
0
-6.946
0
-1.211
0
2.449
0
-4.052
0
1.707
0
4.417
0
-2.023
0
-1.225
0
6.119
0
1.242
0
-3.868
0
1.761
0
2.053
0
-2.524
0
-2.757
0
-0.0860004
0
-6.455
0
0
1
0
1
0.698
