

0
0
0
0
0
0
0
0
0
0
0
0
0
0
0
0
0
0
0
0
0
0
0
0
0
0
0
0
0
0
0
0
0
0
0
0
0
0
0
0
0
0
0
0
0
0
0
0
0
0
0
0
0
0
0
0
0
0
0
0
0
0
0
0
0
0
0
0
0
0
0
0
0
0
0
0
0
0
0
0
0
0
0
0
0
0
0
0
0
0
0
0
0
0
0
0
0
0
0
0
0
0
0
0
0
0
0
0
0
0
0
0
0
0
0
0
0
0
0
0
0
0
0
0
0
0
0
0
0
0
0
0
0
0
0
0
0
0
0
0
0
0
0
0
0
0
0
0
0
0
0
0
0
0
0
0
0
0
0
0
0
0
0
0
0
0
0
0
0
0
0
0
0
0
0
0
0
0
0
0
0
0
0
0
0
0
0
0
0
0
0
0
0
0
0
0
0
0
0
0
0
0
0
0
0
0
0
0
0
0
0
0
0
0
0
0
0
0
0
0
0
0
0
0
0
0
0
0
0
0
0
0
0
0
0
0
0
0
0
0
0
0
0
0
0
0
0
0
0
0
0
0
0
0
0
0
0
0
0
0
0
0
0
0
0
0
0
0
0
0
0
0
0
0
0
0
0
0
0
0
0
0
0
0
0
0
0
0
0
0
0
0
0
0
0
0
0
0
0
0
0
0
0
0
0
0
0
0
0
0
0
0
0
0
0
0
0
0
0
0
0
0
0
0
0
0
0
0
0
0
0
0
0
0
0
0
0
0
0
0
0
0
0
0
0
0
0
0
0
0
0
0
0
0
0
0
0
0
0
0
0
0
0
0
0
0
0
0
0
0
0
0
0
0
0
0
0
0
0
0
0
0
0
0
0
0
0
0
0
0
0
0
0
0
0
0
0
0
0
0
0
0
0
0
0
0
0
0
0
0
0
0
0
0
0
0
0
0
0
0
0
0
0
0
0
0
0
0
0
0
0
0
0
0
0
0
0
0
0
0
0
0
0
0
0
0
0
0
0
0
0
0
0
0
0
0
0
0
0
0
0
0
0
0
0
0
0
0
0
0
0
0
0
0
0
0
0
0
0
0
0
0
0
0
0
0
0
0
0
0
0
0
0
0
0
0
0
0
0
0
0
0
0
0
0
0
0
0
0
0
0
0
0
0
0
0
0
0
0
0
0
0
0
0
0
0
0
0
0
0
0
0
0
0
0
0
0
0
0
0
0
0
0
0
0
0
0
0
0
0
0
0
0
0
0
0
0
0
0
0
0
0
0
0
0
0
0
0
0
0
0
0
0
0
0
0
0
0
0
0
0
0
0
0
0
0
0
0
0
0
0
0
0
0
0
0
0
0
0
0
0
0
0
0
0
0
0
0
0
0
0
0
0
0
0
0
0
0
0
0
0
0
0
0
0
0
0
0
0
0
0
0
0
0
0
0
0
0
0
0
0
0
0
0
0
0
0
0
0
0
0
0
0
0
0
0
0
0
0
0
0
0
0
0
0
0
0
0
0
0
0
0
0
0
0
0
0
0
0
0
0
0
0
0
0
0
0
0
0
0
0
0
0
0
0
0
0
0
0
0
0
0
0
0
0
0
0
0
0
0
0
0
0
0
0
0
0
0
0
0
0
0
0
0
0
0
0
0
0
0
0
0
0
0
0
0
0
0
0
0
0
0
0
0
0
0
0
0
0
0
0
0
0
0
0
0
0
0
0
0
0
0
0
0
0
0
0
0
0
0
0
0
0
0
0
0
0
0
0
0
0
0
0
0
0
0
0
0
0
0
0
0
0
0
0
0
0
0
0
0
0
0
0
0
0
0
0
0
0
0
0
0
0
0
0
0
0
0
0
0
0
0
0
0
0
0
0
0
0
0
0
0
0
0
0
0
0
0
0
0
0
0
0
0
0
0
0
0
0
0
0
0
0
0
0
0
0
0
0
0
0
0
0
0
0
0
0
0
0
0
0
0
0
0
0
0
0
0
0
0
0
0
0
0
0
0
0
0
0
0
0
0
0
0
0
0
0
0
0
0
0
0
0
0
0
0
0
0
0
0


-0.196
0
1.212
0
-4.573
0
3.139
0
0
1
-2.404
0
5.331
0
-8.69
0
1.34
0
0.682001
0
-1.89
0
0.076
0
1.665
0
-5.262
0
1.517
1
0.462001
0
3.805
1
-4.285
0
-6.126
0
0.669
0
3.751
1
0.295001
0
-2.687
1
-9.66
1
2.16
1
3.482
0
-10.322
1
1.561
0
-0.0320002
1
-0.632
1
-2.202
0
-5.617
0
3.574
0
-9.724
0
-7.223
1
-0.847
1
-9.033
0
-3.406
1
-3.254
1
-3.286
0
-4.983
0
-1.912
1
2.773
0
-4.582
1
3.403
1
-0.196
-1.391
0
-1.154
0
-6.074
1
-1.638
0
-1.914
1
0.22
0
-4.635
0
-3.672
0
-8.587
0
-4.908
0
11.056
0
3.943
1
-3.551
1
1.431
1
-1.363
1
-3.745
1
-2.646
1
-3.702
0
0.861
1
5.007
0
1.533
1
1.114
1
3.743
0
-6.505
0
2.165
0
-4.874
0
-17.407
0
6.765
1
0.919
1
-1.696
0
-0.67
1
2.074
1
-1.805
0
-8.372
0
0.488
1
-2.652
0
-7.324
0
-5.655
0
-8.569
0
3.651
1
-6.396
1
-5.797
0
5.784
1
2.814
1
6.097
1
-1.391
17.564
1
12.89
0
-29.658
1
-18.981
0
0.977
1
-1.533
0
-0.991
1
1.654
0
2.84
1
-53.272
1
-37.38
1
0.396
0
-0.186
0
1.089
1
-3.988
0
-7.813
1
-3.698
1
3.037
0
-7.008
0
3.244
1
8.225
0
4.902
1
4.701
1
-1.951
0
-9.639
0
2.983
1
-3.491
1
-0.73
1
-2.214
1
-4.203
0
2.817
0
-2.365
0
-4.952
1
-6.071
0
-1.934
1
2.682
0
1.622
1
4.129
0
1.058
1
-1.311
0
-0.599
0
2.032
0
-1.755
0
9.716
1
6.059
0
17.564
-20.639
1
0.0849999
1
2.647
1
1.998
1
1.379
0
-7.676
1
-0.965
0
-2.6
0
0.448
0
-0.359
1
1.976
1
-3.261
0
-1.086
0
-4.021
1
-4.856
0
-5.199
1
-1.323
1
-11.084
0
-4.511
1
-3.117
1
-5.33
0
1.011
0
-4.388
0
-0.464
1
-1.805
1
-5.426
1
1.287
0
-1.974
1
-1.104
1
-6.061
0
1.16
0
-1.356
1
-2.494
0
-1.625
1
-5.679
0
6.098
0
-1.766
0
6.027
0
-0.331
1
-4.06
0
-2.047
1
-7.289
0
-6.699
0
-5.636
0
0.409999
1
-20.639
-0.492999
0
0.586
1
10.971
1
0.367
1
0.0179999
0
4.223
1
0.346
0
-1.037
1
-0.344
1
3.986
0
-2.699
0
-4.198
1
-3.31
0
3.764
1
-3.218
0
1.3
0
5.614
0
-4.965
0
-1.927
1
-9.224
0
-3.171
1
5.791
1
0.911
0
-1.349
0
-3.792
1
1.833
1
-4.001
1
-1.183
0
0.894
0
-7.29
1
-5.265
1
-18.228
1
5.339
1
2.542
0
-4.166
0
-2.178
0
-11.555
1
-11.299
1
-8.464
0
-9.544
1
2.182
1
-5.323
0
5.214
1
3.468
1
-4.744
0
-0.492999
0.262999
1
-1.341
0
2.035
1
-11.479
0
2.285
1
-3.002
0
-16.127
0
-2.476
1
-1.901
0
1.311
0
-6.389
0
-5.975
0
2.465
0
-6.451
0
-0.93
1
10.479
1
1.03
0
2.36
1
-10.253
0
-6.476
0
2.319
0
-2.009
1
8.614
1
-3.024
1
-2.212
0
1.508
0
-1.003
0
2.555
0
-1.221
0
-10.592
1
-0.815
1
-0.298
0
1.909
1
-7.874
1
2.005
0
1.483
0
10.512
0
1.52
1
4.496
0
-1.453
0
-2.069
1
-1.319
0
0.654
0
-0.768
0
2.671
0
0.262999
-43.892
0
5.512
0
4.634
1
0.461
1
-6.15
0
5.159
0
-4.69
1
-3.632
0
2.271
1
-4.798
0
2.596
1
-2.819
1
1.876
0
2.358
0
-7.123
0
0.834
1
-3.456
1
-3.887
0
-6.322
1
-2.903
1
-7.252
1
-0.391
0
-3.373
0
0.957
1
-0.734
1
-2.969
0
-4.789
1
3.714
1
5.177
1
6.841
0
5.117
0
-4.576
0
-1.119
0
1.534
0
-2.626
1
-1.651
1
-3.868
1
-3.041
1
2.185
1
3.607
0
0.594
0
-1.878
0
1.695
0
0.999
1
0.0869999
0
-43.892
-60.891
1
-3.446
0
5.509
0
-13.671
0
-6.892
0
-0.821
1
2.732
1
-0.999
0
-6.108
1
-8.184
1
-5.72
0
-7.96
1
-0.983
0
-9.874
0
-0.994
1
-6.87
1
3.71
1
-0.454
1
0.202
0
6.707
0
-4.919
1
5.498
1
-3.934
0
0.95
1
0.511
0
9.481
1
-1.735
1
0.559
1
-5.78
1
-1.094
1
0.683
0
-2.176
0
-11.561
0
-1.644
0
5.801
0
3.219
1
-5.857
1
0.343
0
-1.883
0
8.735
0
0.719
1
-5.835
1
-1.976
1
1.451
0
1.78
0
-60.891
-4.557
0
0.451
0
-5.402
1
-1.83
0
-6.83
0
-1.301
0
-0.0079999
1
-4.586
0
-4.752
0
0.702
1
-3.461
0
-9.253
0
0.157
1
1.162
1
2.489
0
-2.486
1
-0.407
1
5.248
0
-3.042
0
3.942
1
-3.113
0
3.013
0
-3.465
1
-7.898
0
0.185999
1
7.752
0
0.395
1
3.009
0
-5.614
1
-12.691
0
-6.264
1
-2.414
0
-2.64
1
2.687
0
-0.898
0
3.4
1
5.8
0
-6.148
0
-6.722
1
-11.415
1
6.657
1
5.703
0
-2.061
0
-3.25
0
-4.375
1
-4.557
-4.638
0
-0.854
0
3.777
1
5.869
1
-3.315
0
-10.255
0
-9.191
0
-3.949
0
3.803
1
-3.556
1
6.71
0
-2.513
1
-6.676
0
-3.856
0
3.028
0
-2.729
0
-1.091
0
1.695
1
-7.982
0
6.975
1
2.268
1
-4
1
-0.406
0
-5.299
1
0.368
1
-0.351
0
-4.832
1
-0.388
0
0.1
0
1.203
1
0.394
0
-2.257
1
-4.681
1
1.542
1
0.947
1
5.506
0
-3.981
1
2.868
0
-10.719
1
-1.172
1
-0.425
0
-2.974
0
1.974
1
-1.402
1
2.584
1
-4.638


-0.278
0
6.843
1
-0.158
0
-6.543
0
-0.831
0
-2.233
0
-4.61
0
-1.632
0
0.0820001
1
3.373
0
-5.225
0
0.516
0
-0.482
0
6.104
0
0.737
1
1.139
0
-7.033
0
0.781
0
-1.396
0
-6.276
0
-2.735
0
2.714
0
-2.766
0
-3.939
0
-5.669
0
-6.396
1
7.53
0
-3.755
0
-1.177
1
-2.611
0
-0.924
0
-4.363
0
-3.683
0
4.404
1
-0.671
0
-2.376
0
-8.774
1
-4.767
0
-2.685
1
-4.04
1
-8.468
1
-0.307
0
1.874
1
1.854
0
-7.528
1
-0.278
-13.284
1
-1.97
1
-6.955
1
-3.331
1
-2.361
0
3.392
0
-6.339
0
-6.306
0
-0.858
0
0.414
0
2.698
0
-1.932
1
8.482
0
-6.941
0
-5.171
1
0.398
0
-0.854
0
-4.196
1
0.342
1
-5.376
1
0.0929999
0
-2.297
0
-7.356
1
5.552
0
-1.614
1
0.533
1
7.178
0
1.264
0
-7.057
0
-2.284
1
-10.957
0
-9.068
0
-1.213
0
-0.168
1
0.759
0
-1.784
1
-4.796
1
-4.916
0
6.495
1
-1.89
1
-2.546
1
-5.397
0
1.985
0
2.687
1
-1.573
0
-13.284
7.616
1
2.706
1
0.224
0
0.847
0
-5.142
0
-0.987
0
0.0600001
1
0.0770001
0
-1.642
1
0.419
1
1.163
1
-2.882
1
-6.737
0
0.562999
0
3.294
0
3.038
0
1.506
1
-0.126
1
5.239
1
1.431
0
-3.109
0
1.859
0
10.889
0
-0.963
0
-0.684
1
-9.133
1
5.011
1
1.411
1
-4.83
0
3.606
0
2.885
1
-0.868
1
-1.889
1
2.8
1
4.958
0
5.941
1
-2.01
1
-2.787
0
0.406
0
-6.464
1
2.557
0
-4.75
0
0.764
0
-1.758
1
5.414
1
7.616
-10.995
1
2.705
0
5.731
1
-0.0979998
1
-9.58
0
0.945
1
-10.881
0
-1.884
0
-9.835
1
0.646
0
-4.073
1
-1.923
0
-3.764
0
2.638
1
-11.905
1
1.707
1
1.261
1
10.946
0
0.401
1
1.664
0
3.567
1
4.557
1
-5.447
0
1.697
0
-2.29
1
1.947
0
1.844
1
-2.071
1
-14.063
1
0.502
1
-6.09
1
-5.093
1
-13.581
1
-0.447
0
1.83
1
-0.838
0
-2.266
1
4.899
1
1.781
1
5.273
0
4.061
0
1.199
1
-0.172
1
-2.183
0
-6.209
0
-10.995
-62.519
1
6.321
1
-1.511
0
-0.536
0
2.786
1
3.504
1
0.314
1
-6.499
1
-0.935
1
-1.128
0
-6.382
0
-0.768
0
-16.313
1
-8.946
1
6.42
0
0.89
0
6.307
0
-4.519
1
-0.563
0
-2.702
1
-5.628
0
1.766
0
4.123
1
-2.467
0
6.165
0
-4.229
0
-5.612
0
0.628
1
-5.795
1
-2.287
0
-2.417
1
-2.25
0
-2.928
1
-2.543
1
-3.941
1
-3.582
0
-10.753
0
5.917
0
2.112
1
1.702
1
0.5
0
0.478
0
-1.088
1
3.097
0
-0.152
0
-62.519
2.509
1
9.126
0
-0.472
1
-7.757
1
4.323
0
-5.66
1
-1.038
0
-4.454
0
-6.065
1
-4.853
1
3.99
0
2.255
1
-5.169
1
-2.699
1
0.442
1
-3.55
0
0.688
0
-2.649
1
-1.402
1
-5.871
1
-0.24
0
2.856
1
-4.193
0
5.112
1
1.414
0
-2.952
0
-1.182
1
-12.945
1
-0.349
0
-1.514
1
5.411
1
-3.862
0
-5.896
1
-1.5
1
-2.502
1
6.519
1
-5.49
0
1.723
0
-4.582
1
-2.815
0
-3.406
1
-4.117
0
0.27
0
-0.372
1
-1.312
1
2.509
4.781
1
-1.287
1
5.399
0
1.136
1
0.217
0
5.48
1
0.538
0
4.969
0
2.967
0
-2.578
1
0.462
1
-5.193
0
-3.36
0
0.28
1
1.444
1
-4.7
1
-0.18
0
1.27
1
0.477
0
-1.449
1
2.619
1
1.027
1
-1.926
0
-3.412
0
-0.374
0
-1.535
0
-4.926
0
1.43
1
5.586
1
2.568
0
-0.311001
0
3.539
0
1.797
1
4.51
0
-6.067
1
0.194
1
-1.535
0
1.091
1
3.278
0
-3.12
0
0.775
0
-2.269
0
-7.071
0
-4.662
1
-2.605
0
4.781
9.119
1
-0.946
0
-3.582
1
-3.57
1
-6.478
1
2.642
0
-0.681
0
5.898
1
-4.438
1
4.18
0
-0.567
0
9.034
1
0.712
1
-1.651
0
1.748
1
5.426
0
-1.375
0
-1.319
1
2.558
1
-2.589
0
8.192
0
-5.727
0
-3.695
0
2.766
0
-3.244
1
-1.42
0
5.296
1
-5.548
0
-3.91
1
0.99
1
-1.805
0
-1.489
1
2.42
1
-6.74
1
2.228
1
0.656
1
-0.676
0
-1.172
0
-0.447
0
-5.71
0
1.792
1
-6.682
1
-4.273
1
-10.203
1
1.704
1
9.119
-5.949
0
-1.561
1
0.333
0
-2.763
0
-4.823
0
2.404
1
-8.29
0
-0.104
0
-8.421
1
-2.783
0
-2.611
0
6.683
1
1.455
1
0.37
1
-0.738
0
-1.495
1
6.292
0
4.058
1
-1.993
1
-6.385
0
-5.592
1
2.005
0
-2.056
0
-5.961
0
4.795
0
3.328
1
10.226
1
0.491
0
0.332
1
9.637
1
-11.551
1
-0.342
0
-6.117
1
2.24
1
1.094
0
-3.876
0
9.157
0
-0.436
1
3.41
0
-3.76
0
3.929
0
-3.686
0
-5.481
1
-3.345
0
-9.765
0
-5.949
-61.618
0
7.325
0
-2.915
0
-1.424
0
-4.975
1
-0.797
1
5.483
1
2.614
1
-4.384
0
-4.148
1
-0.966
1
9.867
1
-6.554
1
-2.594
0
2.43
0
7.83
0
-1.172
1
-0.378999
0
-8.004
0
3.703
1
-0.547
0
3.79
0
0.694
0
-1.351
1
-12.567
0
0.442
0
-0.477
1
8.25
0
-0.598
1
-2.881
0
-3.028
0
4.705
0
7.635
0
-2.903
0
-6.494
0
-7.612
1
-4.689
1
8.675
1
3.106
0
3.597
0
5.036
1
3.112
0
-2.502
0
1.884
0
-3.084
0
-61.618


-11.842
0
-7.701
0
-0.82
1
4.311
1
3.99
0
-3.014
0
1.087
0
1.717
1
3.253
1
1.573
1
5.392
0
0.0129999
1
-1.079
1
-2.536
0
1.395
1
-1.431
1
-1.836
0
-3.69
1
2.758
0
1.696
1
-1.352
0
-6.297
0
-3.67
1
-5.763
1
-2.687
0
3.412
1
-2.44
0
-0.953
0
-2.441
0
-0.275
0
-2.263
1
0.158999
1
0.0760002
1
-1.012
0
10.358
0
4.138
0
-2.599
1
-2.971
1
1.279
1
-0.805
1
-5.828
1
-2.51
1
-7.944
0
-9.803
0
-0.209
0
-11.842
-19.446
1
0.0589998
1
-0.311
0
7.412
1
0.172
0
-5.121
1
-2.108
1
-3.118
0
-1.643
1
-2.616
1
-4.262
1
-5.459
0
-5.051
0
-1.113
1
0.499
0
1.585
1
-1.455
1
-0.881
1
-3.58
1
3.158
0
-2.951
1
-8.585
0
-7.016
0
1.55
0
8.838
0
5.569
1
-2.11
1
-1.343
1
-3.444
0
-1.929
0
2.345
0
6.446
1
-6.31
0
3.54
0
-5.402
1
-2.528
1
2.798
1
-7.74
0
4.57
0
0.53
0
1.042
0
4.265
0
-1.66
0
-10.002
1
-7.533
1
-19.446
-3.821
1
-14.036
1
-1.963
1
-5.618
0
-5.782
0
2.898
0
-3.275
0
-0.543
0
2.288
1
-5.63
1
6.661
1
-2.008
1
-5.253
0
-1.989
0
-5.166
1
4.477
1
0.165
0
3.323
1
5.774
1
1.536
0
1.462
0
-3.779
0
1.682
1
-1.839
1
7.719
1
-1.98
0
-5.228
0
-5.048
0
-1.449
1
-2.031
1
-5.744
0
-6.012
0
-4.525
0
-4.839
0
3.458
1
-2.107
1
-1.992
0
-4.588
0
-2.597
0
-5.273
0
5.443
1
4.671
0
-9.994
0
-0.498
1
-6.658
1
-3.821
-15.494
1
-0.388
1
3.545
1
-6.142
1
2.375
1
9.356
0
2.119
0
0.316
0
-3.429
1
-0.711
1
-0.00400031
1
-1.707
0
-2.533
0
1.082
0
-4.753
1
-0.744
1
2.816
0
1.153
0
0.0340002
0
-8.132
0
-3.102
0
-2.241
0
-5.285
0
2.665
0
0.691
1
-5.379
1
-3.713
1
-0.355
1
1.424
1
8.09
0
-1.62
1
-4.824
1
4.375
0
-0.752
0
-0.239
0
1.123
1
-3.685
1
-1.202
0
3.262
1
-3.038
0
-2.854
0
1.758
0
3.013
0
-1.277
0
-0.944
0
-15.494
-40.193
0
-2.244
0
9.371
1
-2.24
0
-1.545
0
4.903
1
2.031
0
-10.982
1
0.0820004
0
-5.571
1
3.44
1
-2.142
1
0.625
0
-1.283
1
2.162
1
-7.934
0
-0.756
1
1.575
0
3.55
1
1.437
1
-0.645
1
-5.07
1
-5.677
0
-0.463
0
-3.798
0
-1.941
1
-5.61
0
0.357
1
-1.824
1
2.45
1
0.162
0
-0.576
1
9.369
0
2.137
1
-2.368
1
1.679
0
-3.772
1
2.49
0
-1.365
0
1.23
1
2.934
1
2.564
0
-4.283
0
9.371
1
7.88
0
-40.193
-5.848
0
3.613
0
1.915
0
12.06
1
-1.818
1
-1.672
0
5.752
0
-3.775
1
2.692
0
-0.448
0
-6.639
0
-4.696
0
5.521
1
-1.571
1
-0.163
1
0.983
1
-1.491
1
0.283
0
2.392
0
-4.285
0
-0.701
0
1.395
0
-8.277
1
-0.544
0
-1.079
1
-11.157
1
-1.428
1
0
0
-5.027
0
-0.637
0
3.09
1
-2.456
0
-3.833
1
-3.799
0
0.609
1
2.279
1
3.024
0
3.552
0
-0.0130002
1
-6.493
0
-1.213
1
3.103
0
-0.748
1
-2.271
0
0.656
0
-5.848
-60.946
0
-4.429
1
0.854
1
1.879
1
2.016
0
2.628
1
13.699
0
-4.817
0
10.297
1
5.121
1
-3.085
1
-6.339
1
-6.391
1
-3.387
0
7.938
0
-8.286
1
-0.714
0
-0.506
1
0.122
0
6.091
1
-3.643
1
-8.029
0
-2.207
1
1.675
0
-2.801
0
-4.126
0
0.254
1
11.231
0
-11.113
0
4.955
1
3.986
0
-4.487
0
-2.567
1
-7.083
0
1.844
0
2.93
1
2.553
1
-8.488
1
-2.014
1
-2.887
0
-3.673
0
-3.867
1
1.782
1
3.619
1
-3.206
0
-60.946
-8.423
1
-1.874
1
1.614
1
-4.32
1
-6.166
0
-6.239
1
2.415
1
3.542
1
-0.123
1
14.753
0
0.125
1
-5.783
1
-0.0559999
0
0.164
0
5.351
0
-2.693
0
2.48
1
1.219
0
-0.144
1
7.051
0
-6.463
0
3.445
1
-0.111
1
-7.608
1
-2.873
1
-6.769
1
-2.171
0
-3.576
1
-7.534
0
-3.787
1
-11.242
0
1.814
0
9.171
0
6.583
1
-1.605
1
3.554
0
4.14
0
3.299
0
-1.352
0
2.544
0
-0.304
1
-3.743
1
4.37
0
1.066
0
-4.664
0
-8.423
-50.985
0
-10.427
0
3.015
1
-1.541
1
-8.743
0
-4.667
0
-2.406
1
-3.217
0
0.212
1
-6.31
1
3.486
0
-2.019
0
-5.198
1
-4.606
0
-2.606
1
-6.883
1
-9.932
1
-2.916
1
-2.625
1
-1.016
1
-3.799
1
1.684
0
-5.071
0
2.401
0
0.731
0
3.711
0
-1.076
1
-4.608
1
-2.976
1
0.284
0
-1.502
1
1.408
1
-1.638
1
0.789
0
3.645
0
-5.532
0
5.199
0
1.01
1
-2.833
1
-6.988
1
6.151
1
-2.378
1
0.438
1
-5.107
1
-2.908
0
-50.985
-22.685
0
-7.689
1
-0.148
1
-3.049
1
-3.908
0
-6.893
0
-0.978
1
-1.237
0
4.028
0
-1.082
0
2.141
0
6.548
0
-1.108
1
-5.915
1
-2.171
0
5.533
0
7.391
1
-2.098
0
2.033
1
6.04
1
-3.996
1
-3.637
1
-4.38
1
-5.392
0
-2.078
0
4.877
0
-7.153
1
-2.697
0
1.293
1
3.313
1
-2.125
1
-0.559
0
-4.212
1
5.66
1
6.766
1
-1.044
0
-0.199999
0
-4.291
0
2.512
0
0.84
1
2.116
0
-3.16
1
-1.862
0
-1.106
0
-1.774
0
-22.685


-2.455
0
1.48
1
0.02
0
-2.247
0
4.27
0
-0.255
0
-0.135
1
-2.621
0
-2.503
0
-8.694
0
-9.641
1
-12.042
0
-7.06
0
-3.579
1
2.486
0
1.182
0
-4.12
0
-1.149
0
4.034
0
4.669
0
-6.694
0
-2.045
0
3.877
0
1.002
0
-0.767
0
16.399
0
-3.308
1
-2.063
0
-3.911
0
1.688
0
-2.714
1
0
0
-0.873999
0
-2.646
0
-1.465
0
5.939
0
-3.781
0
-4.461
0
-1.039
0
-4.39
0
-7.931
0
1.459
1
-0.00699997
0
-1.451
0
-2.417
0
-2.455
-3.327
0
2.895
0
-4.513
0
5.006
0
-11.541
0
-10.218
0
-4.726
0
-4.687
0
0
0
5.701
0
1.255
1
-2.842
1
3.984
1
1.169
1
-4.617
0
-1.919
1
-2.189
0
-5.097
0
-0.764
0
0.989
0
1.46
0
1.643
0
4.572
1
0.59
0
-1.704
0
0.471
0
-5.107
0
0.31
0
-3.621
0
-6.085
0
3.405
0
8.545
0
0.409
0
1.24
0
-5.455
0
-4.414
0
2.734
0
-0.817
0
-1.892
0
-0.84
0
4.513
0
-8.141
0
-16.813
0
0.00899982
0
7.232
1
-3.327
0.449001
0
1.414
1
-0.429
0
1.511
0
3.905
0
3.767
0
1.772
0
-2.288
1
2.224
0
3.906
0
3.076
0
2.899
1
-6.281
1
0.684
1
-2.644
0
-5.272
0
-0.0129997
0
-2.314
0
2.621
0
2.313
0
1.738
0
-0.557
0
-5.717
0
-4.8
0
0.519
0
-6.512
0
-0.635
0
-8.091
0
-2.456
0
2.099
0
-8.652
0
8.218
0
-5.733
0
9.034
0
1.155
0
11.636
0
1.392
0
2.441
0
-3.519
0
-7.342
1
-0.0569999
0
-7.369
0
-9.101
0
-9.431
0
-0.308
1
0.449001
1.982
0
-3.109
0
-3.817
0
2.073
1
2.815
0
-4.211
1
0.769
0
-6.79
0
0.366
0
2.815
0
2.447
0
4.231
0
-2.356
1
-3.561
0
5.065
1
0
0
-3.581
0
-0.775
0
-2.947
1
0.036
0
-3.191
0
8.935
0
-0.513
0
1.655
1
0.04
1
0.163
0
-3.938
0
-0.685
0
-5.925
0
0.326
0
-0.577001
0
-13.427
0
5.821
1
0
0
-2.932
0
-1.372
0
-0.224
0
-2.951
0
2.688
0
-1.57
0
-2.586
0
6.474
0
0.531
0
2.575
0
-1.156
1
1.982
