

0
0
0
0
0
0
0
0
0
0
0
0
0
0
0
0
0
0
0
0
0
0
0
0
0
0
0
0
0
0
0
0
0
0
0
0
0
0
0
0
0
0
0
0
0
0
0
0
0
0
0
0
0
0
0
0
0
0
0
0
0
0
0
0
0
0
0
0
0
0
0
0
0
0
0
0
0
0
0
0
0
0
0
0
0
0
0
0
0
0
0
0
0
0
0
0
0
0
0
0
0
0
0
0
0
0
0
0
0
0
0
0
0
0
0
0
0
0
0
0
0
0
0
0
0
0
0
0
0
0
0
0
0
0
0
0
0
0
0
0
0
0
0
0
0
0
0
0
0
0
0
0
0
0
0
0
0
0
0
0
0
0
0
0
0
0
0
0
0
0
0
0
0
0
0
0
0
0
0
0
0
0
0
0
0
0
0
0
0
0
0
0
0
0
0
0
0
0
0
0
0
0
0
0
0
0
0
0
0
0
0
0
0
0
0
0
0
0
0
0
0
0
0
0
0
0
0
0
0
0
0
0
0
0
0
0
0
0
0
0
0
0
0
0
0
0
0
0
0
0
0
0
0
0
0
0
0
0
0
0
0
0
0
0
0
0
0
0
0
0
0
0
0
0
0
0
0
0
0
0
0
0
0
0
0
0
0
0
0
0
0
0
0
0
0
0
0
0
0
0
0
0
0
0
0
0
0
0
0
0
0
0
0
0
0
0
0
0
0
0
0
0
0
0
0
0
0
0
0
0
0
0
0
0
0
0
0
0
0
0
0
0
0
0
0
0
0
0
0
0
0
0
0
0
0
0
0
0
0
0
0
0
0
0
0
0
0
0
0
0
0
0
0
0
0
0
0
0
0
0
0
0
0
0
0
0
0
0
0
0
0
0
0
0
0
0
0
0
0
0
0
0
0
0
0
0
0
0
0
0
0
0
0
0
0
0
0
0
0
0
0
0
0
0
0
0
0
0
0
0
0
0
0
0
0
0
0
0
0
0
0
0
0
0
0
0
0
0
0
0
0
0
0
0
0
0
0
0
0
0
0
0
0
0
0
0
0
0
0
0
0
0
0
0
0
0
0
0
0
0
0
0
0
0
0
0
0
0
0
0
0
0
0
0
0
0
0
0
0
0
0
0
0
0
0
0
0
0
0
0
0
0
0
0
0
0
0
0
0
0
0
0
0
0
0
0
0
0
0
0
0
0
0
0
0
0
0
0
0
0
0
0
0
0
0
0
0
0
0
0
0
0
0
0
0
0
0
0
0
0
0
0
0
0
0
0
0
0
0
0
0
0
0
0
0
0
0
0
0
0
0
0
0
0
0
0
0
0
0
0
0
0
0
0
0
0
0
0
0
0
0
0
0
0
0
0
0
0
0
0
0
0
0
0
0
0
0
0
0
0
0
0
0
0
0
0
0
0
0
0
0
0
0
0
0
0
0
0
0
0
0
0
0
0
0
0
0
0
0
0
0
0
0
0
0
0
0
0
0
0
0
0
0
0
0
0
0
0
0
0
0
0
0
0
0
0
0
0
0
0
0
0
0
0
0
0
0
0
0
0
0
0
0
0
0
0
0
0
0
0
0
0
0
0
0
0
0
0
0
0
0
0
0
0
0
0
0
0
0
0
0
0
0
0
0
0
0
0
0
0
0
0
0
0
0
0
0
0
0
0
0
0
0
0
0
0
0
0
0
0
0
0
0
0
0
0
0
0
0
0
0
0
0
0
0
0
0
0
0
0
0
0
0
0
0
0
0
0
0
0
0
0
0
0
0
0
0
0
0
0
0
0
0
0
0
0
0
0
0
0
0
0
0
0
0
0
0
0
0
0
0
0
0
0
0
0
0
0
0
0
0
0
0
0
0
0
0
0
0
0
0
0
0
0
0
0
0
0
0
0
0
0
0
0
0
0
0
0
0
0
0
0
0
0
0
0
0
0
0
0
0
0
0
0
0
0
0
0
0
0
0
0
0
0
0
0
0
0
0
0
0
0
0
0
0
0
0
0
0
0
0
0
0
0
0
0
0
0
0
0
0
0
0
0
0
0
0
0
0
0


-0.196
0
-0.877
0
-6.221
0
-2.33
0
-4.167
1
-2.404
0
3.733
0
-7.14
0
-6.256
0
-1.516
0
0.423
0
-0.807
1
-0.969
1
-7.524
1
-1.011
0
-4.219
1
2.145
1
-6.158
0
-4.861
0
-0.258
1
4.672
1
0.672001
1
-3.958
1
-8.722
0
-2.023
1
1.615
1
-12.384
0
2.843
0
0.611
0
-2.282
1
-1.77
1
-5.939
1
2.019
1
-8.336
0
-6.568
0
-1.205
1
-5.352
1
-5.394
0
-5.804
1
-1.371
0
-1.589
0
-1.252
1
2.955
1
-5.094
1
5.74
0
-0.196
-1.399
0
-3.074
0
-5.721
1
-1.638
0
-3.133
1
0.22
0
-3.995
0
-6.557
0
-9.636
0
-9.035
0
11.57
0
0.0229999
1
-3.996
1
1.976
0
-3.734
1
-3.282
0
-0.712
0
-0.0489999
0
4.615
0
1.661
0
0.185
0
-0.976
1
3.915
1
-3.657
0
4.029
1
-8.301
0
-19.353
1
3.637
0
2.425
0
-2.381
0
-5.441
1
3.946
0
1.637
1
-7.812
1
-5.276
0
1.911
1
-2.364
1
-3.599
1
-4.295
0
7.056
0
-4.704
0
-5.052
1
7.953
1
-0.485
1
3.345
0
-1.399
19.296
1
15.426
0
-31.793
1
-20.09
0
-4.572
1
-1.533
0
-6.918
1
1.657
0
2.84
1
-73.034
0
-46.006
0
3.144
1
-0.677
1
1
0
-7.462
0
-7.931
1
-7.006
0
5.212
1
-12.059
0
8.975
0
7.571
1
4.891
0
4.831
0
-4.779
0
-10.645
1
2.835
0
-2.989
0
-6.87
0
-1.965
1
-6.946
1
5.139
1
-4.117
0
-3.859
1
-2.16
0
-7.689
1
9.082
1
-0.927
1
5.86
1
3.212
0
-4.58
0
-1.829
0
4.91
1
-0.843
0
17.414
1
1.302
0
19.296
-20.768
1
0.0849999
1
2.655
1
1.998
1
1.38
0
-10.815
1
-0.863
0
-0.325
1
0.572
0
2.167
1
1.976
1
-3.734
1
-1.486
1
-4.642
1
-2.708
1
-9.676
1
0.606
1
-9.819
0
-0.667
1
-4.571
0
-5.163
1
1.42
1
-4.388
1
-5.136
1
-2.81
1
-0.340999
0
0.453
0
-4.569
0
-2.33
1
-8.151
1
2.986
1
1.404
0
-3.975
0
0.539001
0
-4.481
1
5.885
0
-5.926
1
7.543
1
0.436
0
-2.52
1
-5.084
1
-9.987
0
-5.73
0
-9.244
0
0.409999
0
-20.768
-0.636999
0
-0.0240004
1
10.555
1
0.37
1
0.0179999
0
5.642
1
0.454
0
-1.476
1
-0.344
1
4.846
0
-8.038
1
-9.731
0
-6.48
0
-3.624
1
-3.622
0
2.131
1
8.36
1
-12.1
1
-4.41
1
-9.254
0
5.339
1
3.156
1
3.549
1
-2.169
0
-5.946
0
1.121
1
-4.951
0
0.0879999
0
-1.482
1
-9.271
1
-5.265
1
-17.92
1
1.147
1
1.681
1
-3.415
1
-4.394
0
-8.823
0
-14.986
1
-12.631
0
-8.94
0
0.0900004
0
-10.577
0
5.398
1
2.803
0
-8.381
0
-0.636999
-33.501
1
-5.258
0
-6.585
0
-11.142
1
-1.566
1
-3.757
1
-17.404
0
-4.869
1
-1.913
1
-2.001
1
-10.828
0
-7.454
0
0.00699985
0
-1.332
0
-5.788
1
11.738
0
-3.073
1
-3.295
0
-12.221
0
-2.195
1
2.272
1
-1.415
0
11.588
0
-2.285
1
-2.626
1
-1.209
0
-4.652
1
1.964
1
-2.202
1
-4.767
0
-1.393
0
-1.022
1
1.203
1
-8.556
1
2.386
0
0.814
1
12.204
1
-1.432
0
4.561
1
0.262
0
-0.817
0
-2.141
1
0.654
1
1.719
1
-0.841
1
-33.501
-69.386
1
5.515
0
0.115
0
2.814
0
-4.621
0
3.927
0
-9.692
1
-3.072
0
-1.635
1
-8.492
1
5.634
0
-3.333
0
2.229
0
-3.305
0
-9.803
0
-1.209
1
-5.284
1
-2.397
1
-6.821
0
-8.738
1
-9.965
0
-2.768
0
-4.084
0
1.73
0
-0.391999
1
-7.451
0
-6.724
0
5.921
0
3.511
1
4.579
0
7.972
0
1.123
0
0.494
0
-1.776
1
-1.794
0
-2.054
0
-0.563
1
-3.503
0
1.332
1
3.607
1
-3.561
1
-2.534
1
1.799
0
1.55
1
0.0339999
1
-69.386
-89.612
1
-4.029
1
7.874
0
-15.271
0
-10.691
1
0.133
1
-0.689
0
0.165
1
-5.265
1
-9.127
1
-4.032
0
-7.664
1
1.584
0
-9.336
0
-4.016
0
-4.914
1
3.71
0
-3.569
0
0.794
0
8.473
0
-6.255
0
2.095
0
-2.543
1
-2.626
0
-4.557
1
10.083
0
-2.202
1
0.304
1
-4.821
1
-5.538
0
1.357
0
-4.233
0
-9.331
0
-4.301
1
9.484
1
-1.421
0
-9.787
0
-0.0879997
1
-1.999
1
5.581
0
0.719
0
-12.23
1
-0.948
0
2.464
1
-4.387
0
-89.612
-4.501
0
0.121
0
-9.277
1
-1.83
1
0.308
0
0.128
0
0.0520002
1
-4.586
0
-10.224
0
0.933
1
-3.461
0
-16.817
1
4.672
1
-0.159
0
3.338
0
-2.461
0
-8.719
0
1.394
0
-4.463
0
3.967
1
0.132
1
2.432
0
-4.118
1
-4.14
1
-1.325
0
0.429
1
0.677
1
1.662
0
1.091
1
-10.792
0
-4.837
1
-2.055
1
-0.189
1
-0.432
1
0.934
0
8.023
1
9.007
1
-5.945
0
-7.418
0
-12.675
1
2.912
0
0.926
1
-4.975
0
-5.066
0
-7.406
0
-4.501
-13.334
0
-6.733
0
5.975
1
12.11
1
-3.637
1
-8.002
0
-3.961
0
-3.504
1
1.673
0
2.229
1
6.383
0
-3.718
1
-8.547
0
0.135
1
3.763
0
-5.975
1
-1.091
0
-0.837
1
-7.788
0
5.242
1
2.58
0
-1.718
0
4.098
1
-5.145
1
-0.891
0
3.062
0
-5.393
1
-4.778
1
4.956
0
0.766
1
-0.459
1
-1.14
0
-5.67
1
-1.014
1
2.309
0
12.193
0
-6.454
1
1.243
0
-13.566
0
-4.359
1
0.835
0
-1.191
0
1.37
1
-4.55
0
-2.976
1
-13.334


-0.278
0
6.312
1
-0.158
0
-5.353
0
-3.17
0
0.349001
0
-4.445
0
-6.49
0
-3.361
1
3.373
0
-3.684
0
1.97
1
-0.49
0
4.036
1
-4.561
1
1.139
0
-8.095
0
0.0340002
0
-7.873
0
-9.031
0
-4.978
0
-3.299
0
-1.198
0
-8.656
0
-1.986
0
-7.144
1
7.024
1
-1.513
0
-7.249
1
-1.636
1
1.591
0
-7.982
0
-1.993
0
13.866
0
-3.554
0
-0.734
1
-11.561
1
-0.298
1
-5.807
0
-4.04
0
-14.547
1
0.586
0
-0.108
0
1.461
1
-12.212
1
-0.278
3.053
1
-1.068
0
-7.446
0
-0.904
1
3.126
0
6.243
1
-2.419
0
-4.579
0
2.375
1
0.880999
0
2.739
0
-3.628
0
5.735
0
-4.694
1
-6.999
1
-0.91
1
-2.361
1
-1.478
1
1.916
1
-3.963
1
1.952
0
-4.993
1
-7.228
0
1.427
1
-3.148
1
4.101
0
9.464
0
-0.467
0
-8.428
1
-1.938
0
-13.835
1
-6.234
1
-0.173
0
-2.574
0
-2.937
0
-1.513
1
-9.356
0
-1.949
0
6.495
0
-3.625
1
-0.838
1
-6.564
1
0.391
1
-5.68
1
-0.395
0
3.053
7.591
1
2.706
1
0.224
0
-1.504
0
-5.111
0
-1.343
0
2.854
1
0.0770001
0
-8.106
1
0.419
1
1.163
1
1.806
1
-10.99
0
3.351
0
4.754
0
2.297
0
0.826
1
-0.126
1
5.239
1
1.431
0
-3.274
0
3.375
0
6.864
0
-2.764
0
-4.552
0
-8.739
0
4.671
0
-0.774
1
-4.76
1
6.016
0
-0.362
1
1.627
1
2.397
0
2.8
0
4.958
1
1.791
1
2.337
0
-4.305
0
-1.426
0
-3.92
1
3.741
0
-5.739
1
1.323
0
-2.528
1
3.208
1
7.591
-20.752
0
-0.0940001
1
9.831
1
-3.599
1
-13.218
1
-1.669
1
-16.713
1
-0.27
0
-12.125
0
-3.448
0
-6.036
0
-1.077
1
0.646001
0
5.445
0
-10.635
0
-2.038
0
0.971
1
8.233
0
2.12
0
5.785
0
2.281
1
4.019
1
-3.849
0
6.802
1
-3.608
1
-0.637
1
5.087
1
-1.273
1
-8.346
0
-0.332
0
-6.043
1
-4.883
0
-17.063
0
3.111
0
3.399
0
2.427
0
-3.654
0
5.851
0
4.854
1
4.559
0
1.468
1
1.413
1
-6.14
1
-7.271
0
-6.024
1
-20.752
-80.684
0
4.945
0
-3.824
0
-0.278
0
3.714
0
8.489
1
8.297
1
-4.343
0
-4.583
0
0.833
0
-5.784
0
-3.031
0
-16.229
0
-12.131
0
8.398
0
0.89
1
3.861
0
-12.459
0
2.579
1
-4.414
1
-2.049
0
5.175
1
9.123
0
1.411
1
5.896
1
-2.233
1
-3.957
0
1
1
-8.848
1
2.438
1
-2.859
0
-3.889
0
-4.517
0
-4.493
0
-7.405
1
-3.258
0
-7.671
1
5.626
0
6.722
1
-5.891
1
-5.82
0
2.622
0
3.136
0
3.097
1
1.883
1
-80.684
-38.131
0
11.588
1
-0.759
1
-10.214
1
6.464
0
-2.261
0
-3.685
0
-4.464
1
-7.2
1
-5.199
0
-0.567999
1
4.293
0
-6.818
1
3.727
1
-1.614
0
-5.532
1
-0.614
1
-7.133
1
-1.645
1
-12.662
0
-0.419
0
5.823
1
-4.65
1
4.519
1
4.396
0
-4.29
0
-2.414
0
-8.042
0
-4.351
0
-5.287
1
7.848
1
-1.032
1
-7.095
1
0.626
1
-5.899
1
-1.298
1
-6.369
0
2.062
0
-3.213
1
-1.058
1
-4.432
0
-4.816
0
1.329
0
3.607
1
-0.424
0
-38.131
29.666
1
-0.0350001
1
10.73
0
-1.738
0
-2.57
1
-0.955
1
-3.516
0
2.933
0
3.663
1
-5.093
0
-1.918
1
-8.098
1
-2.465
0
5.071
1
-2.167
0
-2.891
1
0.0389998
0
5.5
0
2.16
0
-2.081
1
3.911
1
1.758
1
-1.926
1
-7.571
0
10.555
1
2.126
1
-8.788
0
4.513
0
9.372
0
-2.742
1
-1.088
1
1.472
0
-6.843
0
3.439
1
-8.691
0
2.549
0
-2.045
0
5.66
1
-5.61
1
-3.732
0
1.384
1
-2.461
1
-0.0119996
0
-3.891
1
-4.259
1
29.666
8.472
0
8.233
0
-5.217
1
-2.534
1
-4.534
0
4.198
1
-4.809
0
4.662
0
-6.025
1
3.666
1
-1.011
0
10.086
0
-4.065
0
-1.587
1
-2.493
1
2.599
1
-0.452
1
-8.689
0
4.978
0
-2.589
1
8.306
0
-5.783
1
-1.467
0
4.155
0
-5.161
0
3.134
1
9.719
1
-7.583
1
-6.253
1
-4.124
0
-3.7
1
-0.185
1
-1.887
1
-11.083
1
-0.664
0
-0.836
0
-1.431
1
-4.14
1
-0.098
0
-6.712
0
1.635
1
-5.463
0
-2.685
0
-11.682
1
4.14
1
8.472
-31.539
1
-9.007
1
0.376001
0
1.001
0
-3.207
0
1.015
1
-8.643
0
2.58
0
-9.443
0
1.827
1
-2.483
1
1.359
0
5.944
1
2.73
1
-3.405
0
2.922
1
9.519
1
1.849
0
6.904
0
-9.927
1
-9.549
0
1.656
1
-4.514
0
-7.53
1
3.683
0
2.854
1
2.699
1
1.964
1
-3.954
1
5.625
1
-8.451
1
-3.521
0
-6.547
0
2.18
0
-2.814
1
-5.166
1
11.071
0
-0.867
0
1.559
1
-3.708
1
6.458
0
-3.391
1
-8.603
1
-4.884
0
-9.64
0
-31.539
-82.019
1
7.945
1
0.0470001
1
-3.927
1
-6.982
1
-0.66
0
2.327
1
7.096
1
-5.612
0
-1.671
1
2.812
1
9.773
0
-7.207
0
-6.085
1
3.494
0
12.194
1
-1.025
1
2.165
1
-7.755
1
5.197
1
-2.542
1
-0.333999
0
-3.476
1
-3.97
0
-14.364
0
2.16
1
-3.254
0
4.977
1
-2.27
0
-2.32
0
-1.435
1
-0.226
0
10.927
0
-6.869
1
-7.529
1
-6.125
0
-10.758
0
10.971
1
-0.77
1
-0.974
0
3.29
1
5.617
0
-3.818
0
9.353
0
-5.638
1
-82.019


-22.038
0
-6.87
1
-7.119
1
4.695
1
4.142
0
-2.207
0
3.168
1
1.004
1
4.517
0
-0.338
0
5.125
1
-5.248
1
-0.0740004
0
-0.399001
1
0.928
0
3.347
0
-1.702
1
-1.575
0
4.363
1
2.531
1
-1.991
0
-8.894
0
-4.295
1
-4.729
0
-1.215
0
6.528
1
-1.635
1
-5.324
1
-7.37
1
-10.373
1
-7.292
0
-2.03
0
2.468
1
-1.012
1
10.358
1
4.243
0
-1.494
0
-4.065
0
2.579
1
-6.212
0
-7.75
1
1.618
1
-15.931
0
-13.235
1
-3.825
0
-22.038
-63.886
1
-4.946
0
2.636
1
4.65
0
0.916
0
-8.14
0
-0.588
1
3.046
0
-10.418
1
-3.166
1
-2.801
0
-13.768
1
-7.226
0
0.319
0
-0.562
1
1.354
0
-1.115
0
-3.411
1
-8.938
0
0.734
0
-1.34
1
-6.516
0
-7.195
1
-0.646
1
7.134
1
2.127
0
-0.615
0
-7.11
0
-1.118
1
4.909
1
5.293
1
2.942
0
-4.749
0
0.514
0
-5.45
1
-2.632
1
-0.395
0
-9.554
1
4.792
1
-5.619
1
-5.331
1
4.123
0
-0.243
1
-8.154
1
-12.511
0
-63.886
-22.412
0
-16.299
1
-4.647
0
-4.649
1
-7.95
0
4.898
0
-0.749
1
-4.076
0
3
0
-7.67
1
10.623
0
-5.542
1
-6.326
0
1.738
1
-4.112
1
3.673
1
-0.24
0
4.595
1
1.414
1
-3.251
1
2.431
1
-4.213
1
-1.806
1
-0.839
1
2.538
1
-0.468
1
-5.153
0
-11.778
1
-4.934
1
-3.194
1
-8.015
1
-4.178
0
-8.319
0
-3.939
0
-0.929
1
-2.107
0
-1.296
0
-3.513
0
-1.371
0
-4.497
0
1.522
1
3.612
1
-12.402
1
5.732
1
-10.181
1
-22.412
-44.601
1
-5.468
1
1.777
0
-5.267
1
-1.247
1
11.231
0
4.887
1
0.0319996
1
-0.263
1
-3.857
0
-1.487
0
2.637
1
-2.869
0
0.322001
0
0.192
0
-2.903
0
3.138
1
-2.599
1
2.109
1
-11.774
0
-4.173
0
-4.776
1
-6.79
0
-3.747
0
2.737
1
1.946
1
-3.672
0
-0.392
1
1.947
1
7.439
0
-4.894
0
-3.41
0
9.584
0
-4.439
0
-2.323
0
-2.626
1
-1.607
0
-0.285
1
6.709
1
-1.821
1
-3.608
0
3.219
1
5.46
0
-3.732
1
4.674
0
-44.601
-86.133
1
0.375
1
8.155
0
-7.688
0
0.131999
1
0.960999
1
8.984
0
-10.744
1
-1.128
1
-8.784
1
-3.779
0
-2.725
0
-2.083
0
-8.178
1
6.175
0
-10.877
0
-5.443
0
-0.514
1
4.629
0
3.926
1
-2.03
0
-2.413
1
-3.642
0
-1.032
1
-5.472
0
-4.554
1
-6.769
0
-2.405
0
-1.902
0
3.07
0
-0.258
0
1.488
0
8.23
0
2.585
1
1.004
1
7.373
0
-2.128
0
0.116
1
-3.03
0
-0.0529997
1
3.671
1
6.573
0
-4.375
0
12.633
0
7.631
0
-86.133
-10.83
0
5.267
1
4.131
0
5.867
1
-7.805
1
-4.766
0
7.451
0
-4.242
0
3.142
0
-1.282
0
-5.91
1
-2.898
1
6.668
1
-3.185
1
-1.086
0
-0.849
1
-2.041
0
1.39
0
6.177
0
-10.247
1
0.312
1
1.262
0
-11.885
0
4.295
0
-4.512
1
-14.602
0
-2.4
0
-2.533
0
-8.598
1
1.327
1
-0.951999
1
-3.657
1
-1.549
1
-4.913
0
-2.039
0
3.236
1
5.663
1
4.233
1
-0.74
1
-9.768
1
-2.548
0
6.977
1
-3.786
1
-4.744
1
-5.383
0
-10.83
-76.986
0
-4.917
0
5.162
0
6.997
1
3.445
1
2.977
1
10.397
0
-6.05
1
10.149
1
6.098
1
-3.596
0
-9.632
0
-10.068
1
-3.302
1
7.925
0
-2.993
1
-9.434
0
-1.65
0
1.187
0
7.132
0
-6.553
1
-6.535
1
-7.979
1
-0.0789998
1
-3.922
0
-2.113
0
-0.275
1
10.615
0
-13.73
1
3.505
1
0.862
1
-3.545
0
-0.978
0
-10.11
0
0.733
1
0.806
1
2.661
1
-11.146
0
-1.458
1
-4.793
0
-0.854
1
-1.145
1
8.004
0
5.576
1
-2.668
0
-76.986
-16.65
1
-4.567
1
5.276
1
-8.497
1
-4.207
0
-10.052
0
2.922
0
3.055
1
2.668
1
14.684
1
-0.412
0
-1.407
1
-0.78
1
-3.835
1
-1.029
1
-2.975
0
-0.0909998
1
-0.983
0
4.332
1
6.06
1
-9.469
1
-3.843
1
-1.967
1
-5.947
1
-1.791
1
-3.056
0
-7.443
1
1.228
1
-10.227
0
-12.871
1
-10.152
1
1.633
1
11.613
0
4.884
1
-1.453
0
5.271
1
1.613
0
1.06
0
-1.897
0
6.388
1
-0.732
1
-0.576
1
2.961
0
-1.143
1
-0.94
1
-16.65
-51.022
0
-6.355
1
2.385
0
-0.465
0
0.207
0
-6.001
0
-2.325
1
-4.459
1
-0.953
1
-6.621
1
0.608
1
2.49
0
-4.703
1
-5.728
0
-1.464
1
-6.627
0
-3.341
0
-7.558
1
0.0809996
0
-1.323
1
3.03
0
3.021
1
-5.453
0
-1.305
1
0.475
0
4.42
0
-0.284
0
-4.72
1
-7.72
0
1.143
1
-2.18
1
-0.861
0
-4.686
1
-2.742
0
1.913
1
-7.772
0
2.199
0
-5.124
1
-2.778
1
-3.919
1
4.784
0
-3.277
1
-4.969
1
-8.129
1
-2.55
0
-51.022
-51.742
0
-8.959
0
-0.148
1
-5.582
1
-2.978
0
-7.834
1
1.57
0
-0.584
0
8.21
0
-0.916999
0
1.519
0
4.829
1
0.365
0
-10.491
0
-4.777
1
6.591
0
5.812
0
1.518
0
2.837
0
6.686
0
-5.535
0
-3.288
0
-2.253
1
-3.268
1
-4.788
0
4.228
0
-3.957
0
-2.275
1
2.222
1
2.957
0
0.648
0
-1.69
0
-12.513
1
1.023
0
2.21
0
-1.385
0
2.117
1
-5.218
1
3.682
1
1.061
0
-1.077
0
0.00300014
1
-1.56
0
-5.203
1
-2.984
0
-51.742


-2.456
0
5.534
1
0.02
0
-1.194
0
7.416
0
-1.549
0
-2.189
1
-2.621
0
1.694
0
-7.088
0
-15.261
1
-10.289
1
-8.378
1
-11.635
1
-2.257
0
0.767
0
-9.406
0
4.402
0
9.567
0
3.748
0
-6.989
0
-2.359
0
2.346
0
-1.197
0
-0.364999
0
19.381
0
-2.804
1
-2.063
0
-9.485
0
0.83
0
-0.842
0
1.14
0
2.956
0
1.683
0
-4.652
0
4.364
0
-2.485
0
-5.936
0
-0.297
0
-5.874
0
-3.393
0
-5.814
1
-0.00699997
0
-3.066
0
-5.089
1
-2.456
-3.327
0
2.2
0
-2.329
0
2.801
0
-13.518
0
-14.064
0
-6.525
0
-6.063
0
0.398
0
8.435
0
2.832
1
-3.085
1
2.618
1
6.83
1
-7.558
0
0.965
1
-2.189
0
-8.642
0
-2.831
0
2.873
0
0.112
0
-1.496
0
5.991
1
0.59
0
-2.794
0
-1.493
0
-3.367
0
6.081
0
-3.604
0
-6.303
0
-2.046
0
9.231
0
1.29
0
-0.315
0
-10.695
0
-1.509
0
3.133
0
-5.375
0
-7.328
0
1.31
0
11.296
0
-1.83
0
-15.663
0
-2.583
0
5.329
1
-3.327
0.449001
0
-6.071
1
-0.429
0
5.173
0
11.379
0
4.124
0
0.782
0
-4.477
1
2.224
0
2.891
0
1.155
0
4.108
0
-6.098
0
0.652
0
-3.108
0
-8.654
0
-1.105
0
0.502
0
6.664
0
6.662
1
-0.000999928
0
3.647
0
-4.353
0
-6.28
0
-4.542
0
-9.364
0
-0.649
0
-6.222
0
-0.0580001
0
2.56
0
-5.964
0
7.446
0
-9.474
0
12.083
0
2.416
0
13.113
0
-0.878
0
-2.431
0
-4.831
0
-5.042
1
-0.0569999
0
-4.332
0
-13.748
0
-9.662
0
-1.24
0
0.449001
1.982
0
-4.041
0
-3.402
0
1.051
1
2.815
0
-4.579
1
0.769
0
-6.79
0
-1.535
0
2.327
0
-0.611
1
7.992
0
0.428
0
-2.892
1
6.937
0
-1.478
0
-7.378
0
-0.522
0
0.555
1
0.036
0
0.553
0
12.518
0
4.457
0
2.863
1
0.04
1
0.163
0
-2.337
0
-1.058
0
-0.794
0
-3.636
0
-0.415001
0
-14.374
0
5.116
0
0.922
0
1.537
0
-0.22
0
-4.073
0
-3.1
0
3.302
0
-7.913
0
-1.451
0
4.493
0
-4.107
0
3.077
0
-1.398
1
1.982
