

0
0
0
0
0
0
0
0
0
0
0
0
0
0
0
0
0
0
0
0
0
0
0
0
0
0
0
0
0
0
0
0
0
0
0
0
0
0
0
0
0
0
0
0
0
0
0
0
0
0
0
0
0
0
0
0
0
0
0
0
0
0
0
0
0
0
0
0
0
0
0
0
0
0
0
0
0
0
0
0
0
0
0
0
0
0
0
0
0
0
0
0
0
0
0
0
0
0
0
0
0
0
0
0
0
0
0
0
0
0
0
0
0
0
0
0
0
0
0
0
0
0
0
0
0
0
0
0
0
0
0
0
0
0
0
0
0
0
0
0
0
0
0
0
0
0
0
0
0
0
0
0
0
0
0
0
0
0
0
0
0
0
0
0
0
0
0
0
0
0
0
0
0
0
0
0
0
0
0
0
0
0
0
0
0
0
0
0
0
0
0
0
0
0
0
0
0
0
0
0
0
0
0
0
0
0
0
0
0
0
0
0
0
0
0
0
0
0
0
0
0
0
0
0
0
0
0
0
0
0
0
0
0
0
0
0
0
0
0
0
0
0
0
0
0
0
0
0
0
0
0
0
0
0
0
0
0
0
0
0
0
0
0
0
0
0
0
0
0
0
0
0
0
0
0
0
0
0
0
0
0
0
0
0
0
0
0
0
0
0
0
0
0
0
0
0
0
0
0
0
0
0
0
0
0
0
0
0
0
0
0
0
0
0
0
0
0
0
0
0
0
0
0
0
0
0
0
0
0
0
0
0
0
0
0
0
0
0
0
0
0
0
0
0
0
0
0
0
0
0
0
0
0
0
0
0
0
0
0
0
0
0
0
0
0
0
0
0
0
0
0
0
0
0
0
0
0
0
0
0
0
0
0
0
0
0
0
0
0
0
0
0
0
0
0
0
0
0
0
0
0
0
0
0
0
0
0
0
0
0
0
0
0
0
0
0
0
0
0
0
0
0
0
0
0
0
0
0
0
0
0
0
0
0
0
0
0
0
0
0
0
0
0
0
0
0
0
0
0
0
0
0
0
0
0
0
0
0
0
0
0
0
0
0
0
0
0
0
0
0
0
0
0
0
0
0
0
0
0
0
0
0
0
0
0
0
0
0
0
0
0
0
0
0
0
0
0
0
0
0
0
0
0
0
0
0
0
0
0
0
0
0
0
0
0
0
0
0
0
0
0
0
0
0
0
0
0
0
0
0
0
0
0
0
0
0
0
0
0
0
0
0
0
0
0
0
0
0
0
0
0
0
0
0
0
0
0
0
0
0
0
0
0
0
0
0
0
0
0
0
0
0
0
0
0
0
0
0
0
0
0
0
0
0
0
0
0
0
0
0
0
0
0
0
0
0
0
0
0
0
0
0
0
0
0
0
0
0
0
0
0
0
0
0
0
0
0
0
0
0
0
0
0
0
0
0
0
0
0
0
0
0
0
0
0
0
0
0
0
0
0
0
0
0
0
0
0
0
0
0
0
0
0
0
0
0
0
0
0
0
0
0
0
0
0
0
0
0
0
0
0
0
0
0
0
0
0
0
0
0
0
0
0
0
0
0
0
0
0
0
0
0
0
0
0
0
0
0
0
0
0
0
0
0
0
0
0
0
0
0
0
0
0
0
0
0
0
0
0
0
0
0
0
0
0
0
0
0
0
0
0
0
0
0
0
0
0
0
0
0
0
0
0
0
0
0
0
0
0
0
0
0
0
0
0
0
0
0
0
0
0
0
0
0
0
0
0
0
0
0
0
0
0
0
0
0
0
0
0
0
0
0
0
0
0
0
0
0
0
0
0
0
0
0
0
0
0
0
0
0
0
0
0
0
0
0
0
0
0
0
0
0
0
0
0
0
0
0
0
0
0
0
0
0
0
0
0
0
0
0
0
0
0
0
0
0
0
0
0
0
0
0
0
0
0
0
0
0
0
0
0
0
0
0
0
0
0
0
0
0
0
0
0
0
0
0
0
0
0
0
0
0
0
0
0
0
0
0
0
0
0
0
0
0
0
0
0
0
0
0
0
0
0
0
0
0
0
0
0
0
0
0
0
0
0
0
0
0
0
0


-67.175
1
-0.135
0
0.285
0
-0.335
1
6.387
1
-0.464
0
0.832
0
-6.524
1
-5.651
0
0.706
1
-2.273
1
9.488
0
-2.602
1
1.076
0
6.29
0
1.861
0
2.587
0
2.471
0
0.532
0
-0.928
1
2.924
1
-4.598
1
2.46
0
-4.566
0
-2.309
0
-1.637
1
3.142
1
-0.247
1
-5.683
1
-2.442
1
5.174
0
-0.163
0
1.164
0
-5.336
1
-4.642
0
3.315
1
1.941
0
-6.839
1
1.538
0
-4.106
1
-7.308
1
-1.975
0
-1.66
0
-4.946
1
-1.525
0
-67.175
-5.503
0
1.85
0
-4.546
1
-10.312
0
-1.208
0
1.882
1
-7.301
0
0.812
0
-0.959
1
2.05
0
-2.835
0
-8.631
0
-7.049
1
8.241
1
-5.305
0
1.565
1
-0.804
1
-8.803
0
1.815
1
0.359
0
-2.675
1
-5.208
1
-2.136
1
-4.27
0
-4.33
1
6.189
1
4.401
0
-3.273
1
-3.265
1
-4.206
0
-1.314
0
-0.419
0
1.062
1
2.859
1
0.0709999
0
-6.255
1
6.055
0
2.42
0
0.958
1
-6.199
0
-0.426
1
-0.776
1
4.949
0
-3.44
0
4.572
0
-5.503
-0.499
0
-2.313
0
-3.642
1
-2.277
0
3.522
1
-3.348
1
-1.356
0
6.595
0
-2.434
0
2.39
0
-3.417
0
-4.325
0
-1.83
1
-1.107
0
-2.291
1
-2.606
1
2.107
1
-3.521
1
-3.656
0
-5.533
0
-0.767
0
0.025
0
-3.204
1
-7.984
1
-0.16
0
2.216
0
-4.603
0
10.826
1
1.655
0
3.484
0
-2.187
0
2.521
0
1.22
1
-4.761
1
-2.915
0
1.656
1
-1.603
1
5.232
0
-0.706
1
-5.819
1
-9.189
0
-1.272
1
-4.935
1
-4.285
0
1.594
1
-0.499
-58.081
0
-5.094
1
-3.146
0
-1.463
0
3.949
1
5.281
1
-3.181
1
-6.082
1
1.637
1
2.585
0
2.669
1
-1.857
0
-7.147
1
6.317
1
3.863
0
-3.516
1
6.125
1
-4.369
1
-2.451
1
8.96
0
6.334
0
-2.613
0
-3.092
0
-0.631
1
1.199
1
-4.663
1
1.891
0
2.324
1
-6.035
0
2.808
1
-1.645
0
0.791
1
2.146
0
-5.175
1
0.000999893
1
-4.879
1
0.993
0
-4.729
1
0.65
0
-3.217
1
-1.211
0
0.553
1
1.869
1
2.375
1
0.651
0
-58.081
-0.73
0
-2.419
0
-7.587
0
-3.132
1
1.422
1
0.793
1
-4.88
1
-0.158
0
1.951
1
1.054
0
-0.606
0
-4.803
0
5.411
0
3.375
1
4.159
0
2.303
1
7.036
0
-5.394
1
-3.318
1
0.323
0
-0.694
1
-1.176
0
3.546
0
-1.769
1
-2.281
0
-3.447
1
-1.948
0
-0.618
1
0.398
1
-3.552
0
6.202
1
2.253
1
-2.76
1
-5.459
1
-6.214
1
0.0199999
1
-0.459
1
0.981
0
-2.411
0
-1.179
1
2.86
1
-0.0669998
0
-1.651
1
-4.803
0
3.478
1
-0.73
-69.283
1
-0.848
1
4.061
1
-2.273
0
-8.561
1
5.393
1
-4.957
1
9.291
0
1.207
0
-0.561
0
-1.073
0
0.112
1
0.849
1
-0.163
1
-1.236
0
4.057
1
-1.287
0
2.974
0
-7.131
0
0.553
0
7.206
0
-0.936
1
0
0
-6.332
1
0.728
1
5.896
0
3.038
1
0.549
1
-2.002
1
-0.305
1
0.198
1
3.936
1
-2.581
1
-2.739
1
-2.036
1
3.235
0
-4.322
1
-2.226
1
-0.532
1
-1.361
0
-7.149
1
0.815
1
-4.758
0
1.536
1
-3.628
0
-69.283
12.842
1
-5.135
1
0.71
0
1.095
1
2.238
0
-8.692
1
5.435
1
-10.376
1
-3.926
1
-3.46
1
-1.773
0
-2.199
0
0.385
0
5.294
0
0.443
1
-2.593
0
0.0999999
0
4.212
1
0.073
0
-8.705
1
-4.859
1
2.14
1
0.535
1
-3.514
1
-3.32
0
-5.212
1
4.402
0
3.315
1
5.763
1
1.327
0
2.363
1
-1.028
1
1.981
0
-1.898
1
2.793
1
1.59
0
2.794
0
1.287
0
3.659
1
3.331
1
1.389
0
-0.55
0
0.178
1
0.78
0
1.063
1
12.842
-38.677
0
-2.535
0
-1.171
0
-5.725
0
4.233
1
-7.459
0
-7.028
0
-2.05
0
-2.568
0
0.293
0
-7.065
0
-1.351
1
1.841
0
-1.638
0
-5.034
0
1.542
0
-1.511
0
6.675
0
9.128
1
3.901
0
1.402
0
-6.036
0
-2.043
0
0.682
1
2.726
0
3.74
0
0.0729998
1
3.02
1
6.492
0
1.692
0
5.456
1
-5.214
0
-1.091
1
0.0829999
0
7.824
1
-2.726
0
-7.029
1
-0.268
1
-0.3
0
-6.913
1
0.787
1
-1.118
0
0.494
1
8.203
0
-2.056
0
-38.677
-7.84
1
6.36
0
4.647
0
-9.611
0
2.471
1
-2.354
0
1.867
1
-3.216
1
8.357
0
-3.965
1
-0.329
0
0.559
0
0.112
1
-3.488
0
1.601
1
-8.01
1
-4.838
0
-3.15
1
-8.248
1
-3.827
1
2.548
0
-0.796
0
-3.377
0
-9.056
1
-1.816
0
5.112
1
-1.426
1
-1.936
0
-4.66
1
-1.396
1
8.195
0
-5.085
0
-2.036
1
-2.095
0
-1.783
1
1.147
1
3.309
1
-5.401
0
-2.922
0
-3.252
0
0.409
1
4.11
1
-0.0149998
1
0.814
0
3.12
0
-7.84
-25.353
1
1.575
1
3.648
0
2.976
0
-8.343
0
5.924
1
-13.992
1
4.517
1
-2.059
1
-0.642
1
-1.537
0
6.655
0
-5.468
1
0.517
0
-3.289
0
1.571
1
-4.35
0
0.191
1
3.666
0
-4.228
0
-2.316
0
-0.155
0
3.979
0
5.153
1
0.215
1
-1.676
1
1.535
0
-2.294
1
0.871
0
-4.187
1
-1.791
1
10.599
0
1.379
0
1.897
0
-1.144
0
-0.724
0
0.582
1
2.558
1
-6.283
1
2.918
0
-5.499
1
-5.267
1
-0.538
0
2.971
0
0.652
1
-25.353


-26.077
1
0.185
0
-0.667
0
4.637
0
-1.343
1
-5.181
0
2.111
1
-4.443
1
-10.247
0
5.603
1
-5.688
0
-0.183
1
-0.225
0
0.33
0
-4.988
0
1.363
1
-4.333
0
-2.143
0
-0.742
1
0.0589999
0
3.589
0
-9.591
1
-3.037
1
5.007
1
-1.302
0
3.062
0
-2.768
0
2.108
0
0.252
0
-6.772
0
-1.152
1
-4.614
0
-2.67
0
0.843
0
-5.139
1
-1.544
0
6.518
0
5.584
0
-0.0880001
1
-3.416
1
3.046
1
-3.237
0
0.347
1
-4.565
0
-1.414
0
-26.077
-1.865
0
-1.308
0
0.304
1
1.53
0
-0.77
1
11.984
0
9.195
0
0
1
-0.979
0
0.0619997
0
-1.835
0
1.436
1
-0.912
1
1.237
0
-3.332
0
-2.862
0
0.724
0
-7.028
0
-1.846
0
-1.358
0
4.247
0
2.954
0
-1
0
-1.943
1
0.223
1
-0.183
0
0.628
0
-1.978
0
-0.19
0
-4.419
1
-0.622
0
-2.808
0
-3.42
0
-4.76
0
-0.353
0
9.035
1
-5.304
0
-0.182
0
-2.55
0
0.693
0
1.541
0
5.242
0
-7.546
0
0.0500001
1
-2.088
1
-1.865
-0.673
0
0.576
0
-0.335
0
3.047
1
0.0910003
1
-0.596
1
1.18
0
3.54
0
-2.37
1
-3.72
0
8.671
0
5.603
0
-3.91
1
3.41
1
-1.402
1
0.407
1
-0.0179999
1
3.39
0
-0.017
0
-0.615
1
-0.218
0
-1.387
0
0.18
0
-0.477
1
1.444
0
2.834
1
8.59
0
0.18
1
5.368
0
-9.763
0
1.214
0
2.205
1
-1.955
0
-4.958
1
12.207
0
-1.026
0
-0.16
1
1.316
0
3.233
0
-1.536
1
-1.176
1
4.542
1
-2.654
1
0.289
1
-0.592
1
-0.673
-13.221
0
-3.134
0
-0.246
1
2.064
1
6.839
1
-1.636
1
0.0309999
0
-3.962
1
-12.059
0
-3.762
1
-1.292
0
0.917
1
2.143
0
6.182
1
-0.566
1
-3.867
1
-1.968
1
3.642
0
1.801
0
6.115
0
2.014
0
-6.625
0
-1.567
0
-1.113
0
4.58
0
2.259
0
3.61
0
4.327
1
-3.02
0
-1.36
1
0.996
0
0.464
1
-4.917
0
1.342
0
2.539
1
-0.933
1
1.765
0
3.013
0
3.697
1
-1.892
0
0.144
0
-4.793
0
-0.19
1
3.72
0
4.132
1
-13.221
16.284
0
2.556
0
-4.594
1
3.89
1
0.678
1
-11.819
1
-6.933
1
-3.416
1
-6.797
0
-1.717
1
-1.159
1
-2.39
0
-1.705
1
-4.218
1
-2.36
1
-1.129
0
2.593
0
1.077
0
2.612
1
-3.214
1
-1.182
0
-4.184
0
1.824
0
1.96
1
0.172
0
-2.783
1
-5.072
1
-0.62
1
-3.6
1
-1.99
1
-0.649
0
-0.593
1
4.279
0
5.002
0
-0.613
0
4.029
1
-1.104
0
-2.469
1
-1.24
0
-2.398
1
1.024
1
-2.487
0
-4.386
0
2.819
0
-3.219
0
16.284
-80.92
0
1.385
1
-2.248
0
-1.952
1
0.902
1
1.913
1
-3.346
1
2.057
0
-2.686
1
-0.491
0
-2.107
1
-9.48
0
1.634
0
1.078
1
-1.903
0
-1.511
1
-4.057
0
-1.378
0
-2.166
1
0.822
1
-6.043
1
-2.451
1
-1.547
1
2.299
0
-0.03
1
8.196
0
7.75
1
0.375
0
-3.7
1
-2.809
0
-3.759
1
-4.761
0
-2.152
0
-5.372
0
-2.872
0
-1.974
1
1.904
1
-1.144
1
7.463
0
-0.642
0
1.969
0
3.135
1
0.221
1
-2.503
0
-0.568
1
-80.92
-55.33
0
-7.032
1
1.371
0
0.307
0
-2.78
1
-3.479
0
4.577
1
-0.718
0
-0.922
0
-6.247
0
-0.928
0
-0.942
0
-2.234
1
5.494
0
1.735
0
1.877
1
-2.72
1
-10.006
1
3.286
1
0.403
0
0.142
1
-1.171
1
4.96
0
-0.0190001
0
3.197
1
-1.082
1
-1.47
1
0.473
0
-3.208
0
0.716
1
-3.006
0
-2.32
0
1.098
0
-7.486
0
-0.32
0
4.88
1
-0.623
0
5.109
0
-4.582
0
-3.056
1
6.279
1
-2.6
1
-3.1
1
7.111
0
-2.887
0
-55.33
-50.088
0
-2.336
0
4.539
0
0.195
1
-1.081
1
-6.332
1
0.862
1
-0.305
0
-5.382
1
-2.69
0
3.427
1
4.226
0
-2.937
0
0.41
0
0.439
0
1.293
1
-3.956
1
2.718
1
-1.393
1
-9.134
1
1.148
0
2.561
0
-3.722
0
2.952
0
2.182
0
-3.493
1
-1.059
1
-4.486
1
-8.154
0
-7.739
0
2.317
1
1.725
1
2.821
0
1.747
1
0.0939999
1
1.274
1
-7.43
0
-1.015
1
-1.044
0
-2.154
0
-2.63
1
-3.764
1
-0.755
0
-1.07
0
4.813
0
-50.088
-87.485
1
-2.098
1
-2.964
1
0.534
0
-0.655
0
11.384
1
-7.013
1
-4.38
1
-2.865
0
3.838
1
0.256
1
2.908
1
-5.035
0
-2.64
1
-3.586
1
-3.105
1
-2.125
0
-3.613
1
5.065
0
2.876
1
-4.4
1
-3.461
1
-2.91
1
-2.653
0
-0.628
1
-1.409
1
0.36
1
2.503
1
0.761
1
-2.585
0
-0.908
1
-5.867
0
-6.41
0
2.177
0
0.313
1
0.579
0
0.234
1
2.46
0
1.949
0
8.401
0
-0.982
1
0.759
0
3.294
1
-5.333
0
-3.837
0
-87.485
-0.789
0
-2.493
0
-3.579
0
-3.257
0
-4.286
1
-0.677
0
4.724
0
-1.177
0
-0.0710002
0
0.0829999
0
-10.522
0
-4.212
1
-1.634
1
-7.177
0
-3.95
0
2.22
0
-3.769
0
4.501
0
3.409
0
-1.147
0
1.02
0
-1.709
0
0.732
0
-2.68
0
-2.128
0
-5.348
0
2.587
1
-1.17
0
-8.133
1
-0.26
0
0.137
0
-2.874
0
-0.241
0
-0.601
1
-3.562
1
1.895
0
-5.451
0
4.533
1
4.474
0
-7.871
1
-2.444
1
0.768
0
-1.212
1
-0.213
0
-0.117
1
-0.789


-4.09
0
7.908
0
-0.041
0
-5.481
1
-3.539
0
3.506
0
-2.551
0
0.267
0
-1.043
0
-0.219
1
-2.352
0
-8.587
1
-1.723
0
-4.158
1
-2.823
1
-5.674
1
-7.215
0
1.244
0
-5.744
1
-4.526
0
-8.879
1
-0.935
1
0.599
1
3.49
1
2.609
0
2.201
1
-8.719
0
8.511
0
1.464
0
6.25
1
4.039
0
7.981
1
1.315
0
-0.901
0
10.55
0
1.744
1
-1.279
1
-0.0349999
0
2.352
0
2.67
1
0.518
1
-2.822
0
3.538
1
3.491
1
-5.142
1
-4.09
-10.066
1
-4.128
0
6.313
0
-1.236
1
0.239
0
-0.922
1
-2.46
0
3.108
1
2.754
1
-4
0
1.274
1
-1.605
0
0.772
0
-2.535
1
6.071
1
-7.049
1
-3.569
0
-3.534
1
1.28
1
-0.289
1
-1.686
1
-0.239
1
-1.006
0
-5.388
1
-4.68
0
-3.312
1
1.749
0
1.953
0
-3.457
0
2.805
0
3.306
1
-2.031
0
-0.203
0
4.333
1
4.931
1
-2.549
1
2.529
0
1.615
0
-5.944
1
-3.93
0
-2.924
1
0.547
1
-2.755
0
-1.402
0
-3.447
0
-10.066
-45.611
1
-8.339
1
-2.155
0
-4.217
1
-2.357
1
5.727
0
3.665
0
-3.6
1
-4.739
1
0.229
1
-2.871
0
-5.801
1
-3.013
0
2.498
0
-3.335
0
-5.509
0
3.859
0
-3.117
1
-0.216
0
0.0720003
1
1.544
0
1.725
1
-3.895
1
-2.262
1
1.534
0
1.527
1
-4.451
1
-0.226
0
5.563
1
6.233
0
-4.27
1
-3.868
0
1.234
1
-6.573
1
0.08
1
0
1
5.169
0
-5.197
0
-0.165
0
-5.279
1
-2.675
0
-2.579
0
1.243
1
1.213
1
3.197
1
-45.611
19.859
0
-0.648
0
-4.441
0
-7.117
0
1.817
1
2.698
1
1.149
0
-1.97
1
-5.934
1
3.001
0
1.521
1
1.073
1
2.42
1
1.632
0
-8.704
1
2.781
1
-1.001
0
0.102
1
0.0619999
1
-2.766
0
-1.655
1
1.508
0
-4.069
1
4.822
1
0.457
1
-1.941
1
0.0459999
0
-0.386
0
-1.367
0
4.558
0
1.421
1
0.067
1
4.458
1
1.652
0
-4.648
0
5.011
1
-1.522
0
6.498
0
-1.162
1
-2.037
0
-6.178
1
-1.536
1
0.53
0
4.423
1
2.98
0
19.859
-0.219001
0
-4.61
0
7.468
1
-5.645
0
1.655
1
-3.017
0
0.393
0
-5.194
1
-0.51
1
2.923
0
0.052
0
-2.262
1
-0.356
1
7.231
1
4.701
0
3.019
0
1.278
0
0.956
0
0.326
1
0.06
1
5.388
1
4.264
0
7.373
0
-6.402
0
-2.096
1
12.002
0
2.589
0
0.911
0
-0.802
1
-0.246
1
-0.631
1
2.781
1
2.149
1
-2.532
0
-3.953
1
-2.948
1
-2.124
1
1.913
0
-0.156
0
-6.079
1
-2.126
0
2.322
0
-2.223
1
1.559
0
2.406
1
-0.219001
-27.523
1
-0.0599998
0
-0.281
0
-4.624
1
-3.79
0
-0.11
1
1.836
1
-6.029
0
-5.802
1
-1.851
1
-4.74
1
-0.462
0
-0.744
1
4.401
1
0
0
-0.902
0
2.879
1
-4.113
1
-1.205
1
-5.648
0
2.553
0
-3.472
1
-1.839
1
-4.131
0
-1.178
1
1.221
0
1.947
1
-2.738
0
5.743
0
1.042
0
-4.822
1
3.724
1
-5.892
0
0.449
0
0.0920002
0
-3.752
0
-2.756
1
5.889
0
-0.356
0
-2.309
0
0.812
1
-9.019
0
-1.342
0
5.249
0
-3.866
0
-27.523
-5.755
1
0.955
0
-0.933
0
-6.579
1
2.238
0
-1.588
1
-4.035
0
-5.794
0
-4.857
1
-1.624
1
0.581
1
-0.155
1
7.9
1
-1.468
0
3.831
0
2.776
1
0.238
0
-1.909
1
-2.488
1
-0.262
1
1.325
0
1.044
1
-5.113
0
-1.524
0
1.54
0
0.401
0
4.923
1
-3.967
1
-5.83
1
-2.111
1
1.833
0
-0.455
0
0.493
1
4.548
1
0.715
0
-2.505
0
-0.846
1
-0.441
1
-5.237
0
3.45
0
3.95
0
-1.592
0
1.168
1
2.565
1
-2.519
0
-5.755
-78.012
1
5.679
1
7.204
1
-4.363
0
-3.844
0
5.193
1
5.091
0
-5.676
0
-2.473
0
-3.659
0
5.625
1
0.494
0
-2.057
1
7.823
0
2.341
0
-1.296
0
3.859
1
1.162
0
-3.677
1
1.094
1
-4.565
0
-0.022
1
-5.933
1
1.456
0
2.717
0
2.32
1
0.699
1
-1.055
1
0.322
0
-2.817
1
-0.234
0
-4.294
0
-4.207
1
4.552
0
-8.394
0
1.933
0
0.729
1
-1.67
0
-1.962
1
3.693
1
-3.532
1
0.231
1
3.226
1
-1.638
0
-4.143
0
-78.012
-24.724
1
-0.681
1
6.771
0
-4.083
1
-0.205
1
-2.67
0
-0.11
0
-3.716
0
7.063
1
-2.459
1
-1.597
0
-0.508
0
1.89
1
-0.354
1
0.512
1
-0.994
0
5.775
0
-3.713
0
6.701
0
-0.0940001
1
3.961
1
-2.103
0
3.575
0
5.442
1
-2.478
0
3.648
0
8.259
1
-6.183
0
-0.187
1
-1.536
1
-1.741
1
-6.494
1
-2.452
0
-4.139
1
-1.004
1
-2.566
0
1.184
1
-3.99
1
-2.109
0
1.596
1
0.243
1
0.0529999
1
-4.589
0
2.828
0
3.873
1
-24.724
-26.275
0
-4.961
0
0.938
1
2.988
1
-2.452
1
-7.539
1
0.657
1
5.305
1
-5.124
0
-6.236
0
0.813
0
-6.646
0
-3.64
1
-0.976
0
-4.998
1
1.211
0
-3.208
1
-1.465
0
-3.916
0
1.454
0
1.684
0
-0.726
1
5.409
1
-1.892
0
-3.82
1
-6.899
1
4.436
0
-2.96
1
4.202
1
-1.451
0
-2.718
0
2.353
0
-1.611
0
-8.791
1
6.827
1
-2.475
0
-11.548
0
-2.961
1
-0.198
1
-0.939
1
-2.479
0
0.536
0
-0.629
0
3.542
1
-0.547
1
-26.275


-5.41
0
-1.425
0
0.394
0
0
1
0.463
1
-4.795
0
-5.772
1
-1.983
0
3.048
0
1.281
0
1.45
0
-2.188
0
-0.0449999
0
-3.673
0
0.657
0
-6.46
0
-6.611
0
-3.579
0
-0.357
0
-1.82
0
-7.414
1
0.03
0
-4.344
0
-1.522
0
-0.412
0
1.944
0
1.807
1
0.544
0
-9.703
0
8.714
0
-4.398
0
3.596
1
-0.554
0
-1.526
0
1.477
0
3.373
0
-0.109
0
-1.5
1
1.647
1
0
1
3.719
1
-0.0310001
1
-0.761
0
4.39
0
-12.801
1
-5.41
2.847
0
2.543
0
-3.132
0
-6.353
1
0
1
0.117
0
-0.993
1
1.308
0
1.166
0
-3.422
0
-0.992
1
0.815
1
-1.67
1
-5.602
0
-3.74
0
-1.948
0
2.212
0
-1.929
0
-10.675
0
2.04
0
0.299
0
-5.369
0
0.251
0
0.0850001
0
-6.25
0
-2.062
1
-1.56
0
-0.186
0
3.807
0
7.028
0
2.238
0
2.046
0
-1.538
1
-0.467
1
0.448
0
-0.367
0
4.53
0
-2.674
0
0.624
0
-5.269
0
3.156
0
1.842
0
-2.531
0
-3.991
0
-1.973
1
2.847
1.327
0
-5.243
1
0.355
0
7.562
0
4.759
1
2.119
1
-4.445
0
-4.294
1
0.108
0
-0.785
0
-2.629
1
-4.392
1
-1.15
1
-0.946
0
1.139
0
-6.023
0
-4.78
1
-0.0829999
0
-0.31
0
3.326
0
3.234
0
-6.047
1
0
1
-0.00399983
0
5.089
0
-3.716
0
2.1
0
0.906
0
-6.027
0
3.612
1
-0.00400019
0
0.22
0
1.188
0
-3.967
0
1.427
0
-3.834
0
-3.037
0
2.991
1
-0.417
0
-2.752
0
-1.26
0
-0.696
0
1.629
0
1.147
0
0
0
1.327
0.698
1
0
1
-2.832
0
1.371
0
-2.161
1
0.0969996
1
0.81
0
-2.227
0
6.908
0
1.849
0
-3.015
1
2.22
0
4.7
1
0.956
1
0.971
0
-1.165
0
-6.184
1
-0.742
0
-2.391
0
-1.888
0
1.886
0
-7.869
0
2.533
0
0
0
4.743
0
4.341
0
-8.633
0
-0.225
0
4.294
0
-4.052
0
1.549
0
5.326
0
-4.43
0
0.369
0
7.397
0
0.768
0
-3.867
0
1.702
0
-0.262
0
-2.524
0
-5.048
0
2.134
0
-12.851
1
0
0
-3.253
1
0.698
