

0
0
0
0
0
0
0
0
0
0
0
0
0
0
0
0
0
0
0
0
0
0
0
0
0
0
0
0
0
0
0
0
0
0
0
0
0
0
0
0
0
0
0
0
0
0
0
0
0
0
0
0
0
0
0
0
0
0
0
0
0
0
0
0
0
0
0
0
0
0
0
0
0
0
0
0
0
0
0
0
0
0
0
0
0
0
0
0
0
0
0
0
0
0
0
0
0
0
0
0
0
0
0
0
0
0
0
0
0
0
0
0
0
0
0
0
0
0
0
0
0
0
0
0
0
0
0
0
0
0
0
0
0
0
0
0
0
0
0
0
0
0
0
0
0
0
0
0
0
0
0
0
0
0
0
0
0
0
0
0
0
0
0
0
0
0
0
0
0
0
0
0
0
0
0
0
0
0
0
0
0
0
0
0
0
0
0
0
0
0
0
0
0
0
0
0
0
0
0
0
0
0
0
0
0
0
0
0
0
0
0
0
0
0
0
0
0
0
0
0
0
0
0
0
0
0
0
0
0
0
0
0
0
0
0
0
0
0
0
0
0
0
0
0
0
0
0
0
0
0
0
0
0
0
0
0
0
0
0
0
0
0
0
0
0
0
0
0
0
0
0
0
0
0
0
0
0
0
0
0
0
0
0
0
0
0
0
0
0
0
0
0
0
0
0
0
0
0
0
0
0
0
0
0
0
0
0
0
0
0
0
0
0
0
0
0
0
0
0
0
0
0
0
0
0
0
0
0
0
0
0
0
0
0
0
0
0
0
0
0
0
0
0
0
0
0
0
0
0
0
0
0
0
0
0
0
0
0
0
0
0
0
0
0
0
0
0
0
0
0
0
0
0
0
0
0
0
0
0
0
0
0
0
0
0
0
0
0
0
0
0
0
0
0
0
0
0
0
0
0
0
0
0
0
0
0
0
0
0
0
0
0
0
0
0
0
0
0
0
0
0
0
0
0
0
0
0
0
0
0
0
0
0
0
0
0
0
0
0
0
0
0
0
0
0
0
0
0
0
0
0
0
0
0
0
0
0
0
0
0
0
0
0
0
0
0
0
0
0
0
0
0
0
0
0
0
0
0
0
0
0
0
0
0
0
0
0
0
0
0
0
0
0
0
0
0
0
0
0
0
0
0
0
0
0
0
0
0
0
0
0
0
0
0
0
0
0
0
0
0
0
0
0
0
0
0
0
0
0
0
0
0
0
0
0
0
0
0
0
0
0
0
0
0
0
0
0
0
0
0
0
0
0
0
0
0
0
0
0
0
0
0
0
0
0
0
0
0
0
0
0
0
0
0
0
0
0
0
0
0
0
0
0
0
0
0
0
0
0
0
0
0
0
0
0
0
0
0
0
0
0
0
0
0
0
0
0
0
0
0
0
0
0
0
0
0
0
0
0
0
0
0
0
0
0
0
0
0
0
0
0
0
0
0
0
0
0
0
0
0
0
0
0
0
0
0
0
0
0
0
0
0
0
0
0
0
0
0
0
0
0
0
0
0
0
0
0
0
0
0
0
0
0
0
0
0
0
0
0
0
0
0
0
0
0
0
0
0
0
0
0
0
0
0
0
0
0
0
0
0
0
0
0
0
0
0
0
0
0
0
0
0
0
0
0
0
0
0
0
0
0
0
0
0
0
0
0
0
0
0
0
0
0
0
0
0
0
0
0
0
0
0
0
0
0
0
0
0
0
0
0
0
0
0
0
0
0
0
0
0
0
0
0
0
0
0
0
0
0
0
0
0
0
0
0
0
0
0
0
0
0
0
0
0
0
0
0
0
0
0
0
0
0
0
0
0
0
0
0
0
0
0
0
0
0
0
0
0
0
0
0
0
0
0
0
0
0
0
0
0
0
0
0
0
0
0
0
0
0
0
0
0
0
0
0
0
0
0
0
0
0
0
0
0
0
0
0
0
0
0
0
0
0
0
0
0
0
0
0
0
0
0
0
0
0
0
0
0
0
0
0
0
0
0
0
0
0
0
0
0
0
0
0
0
0
0
0
0
0
0
0
0
0
0
0
0
0
0
0
0
0
0
0
0
0
0
0
0
0
0


-79.243
0
4.189
0
-3.208
0
-4.025
1
7.72
1
2.851
1
1.137
0
-8.15
0
-9.917
0
-2.692
0
-2.273
0
7.816
1
-1.328
1
-1.1
0
3.64
0
4.151
1
1.27
1
1.446
1
-0.598
0
-1.797
1
8.724
1
-6.059
1
-2.117
0
-7.683
1
-4.487
0
-2.738
1
9.753
0
0.888
0
-4.556
0
1.313
0
3.508
0
0.577
1
1.507
0
-5.769
1
-5.453
0
7.151
1
2.341
0
-6.839
1
-1.218
1
-4.709
1
-12.551
1
-2.137
0
-3.195
1
-0.578
0
-3.16
0
-79.243
3.882
0
3.128
0
-5.88
0
-10.283
1
0.413
0
0.227
1
-5.799
1
-1.207
0
-0.869
1
10.828
1
-0.984
1
-7.119
1
-6.514
1
7.124
1
-2.851
1
1.331
1
1.168
1
-8.548
0
3.726
1
3.871
0
0.0790001
1
-6.332
1
-3.168
1
-5.155
0
-6.367
1
5.2
0
2.303
1
-6.735
1
-3.265
1
-5.386
0
-1.314
1
0.117
0
4.986
0
2.613
1
-1.811
0
-6.41
0
5.213
1
8.428
0
0.95
0
-5.371
0
-0.331
0
-1.172
1
7.046
0
-5.427
0
3.362
0
3.882
-5.56
0
-5.909
0
-6.869
1
-3.29
0
3.522
1
-4.716
1
-5.801
0
6.448
0
-1.636
1
4.259
0
-2.037
0
-4.325
1
-1.83
1
-2.492
0
1.218
1
-2.606
1
3.781
0
-1.545
0
-9.467
1
-3.651
0
0.675
1
-4.083
0
-4.31
1
-6.407
1
-0.617
0
2.426
1
-6.791
1
6.838
0
1.201
0
0.285
0
-2.22
0
7.249
0
-0.571
0
-3.797
1
-3.903
1
2.074
0
-2.583
0
7.535
0
3.461
1
-5.484
0
-10.372
0
-1.475
1
-4.654
0
-4.645
0
4.592
1
-5.56
-54.434
0
-4.395
0
-6.523
0
1.683
0
-1.019
1
5.281
1
-3.181
1
-3.824
1
1.637
0
5.044
0
0.097
1
-2.594
1
-8.701
0
6.163
0
3.067
1
-6.833
1
1.808
0
-4.369
0
-3.304
0
9.745
1
5.838
1
-2.734
0
-0.593
1
-1.743
1
0.166
0
-6.751
0
4.717
1
-0.171
0
-7.423
0
2.637
1
-2.305
1
0.45
1
-1.7
1
-5.175
1
-0.0510002
1
-2.424
1
1.154
0
-4.729
0
1.087
0
-6.96
0
-0.72
0
-0.189
1
6.263
0
1.632
1
3.439
0
-54.434
-5.666
0
-3.9
0
-7.587
0
-1.79
1
1.422
0
-0.66
1
-4.886
0
-0.845
0
3.517
0
0.488
0
2.828
1
1.349
0
5.827
0
1.921
0
5.755
0
4.974
1
7.207
0
-1.973
1
-4.586
0
-0.0150001
1
-0.729
1
1.183
0
1.941
0
2.767
1
-3.639
1
-1.25
1
-4.308
1
-4.528
0
-0.941
0
-5.988
1
4.56
0
1.623
1
0.563
1
-1.1
1
-9.452
0
2.876
1
-3.342
0
-2.728
1
1.597
1
-1.564
0
3.64
1
-2.432
1
-3.521
0
-13.179
0
6.953
0
-5.666
-72.865
0
-3.096
0
-0.177
1
0.378
0
-8.613
0
4.021
1
-6.06
1
9.291
0
-4.508
0
0.449
0
-1.855
0
0.643
0
-0.776
1
-2.208
1
-0.889
0
10.031
0
-3.351
1
1.945
1
-7.38
0
-2.832
0
10.821
0
0.948
1
-0.393
0
-5.77
0
0.572
1
5.183
0
8.234
0
3.487
0
-3.761
0
0.499
1
2.181
1
-0.842
0
-2.47
1
-4.726
1
-0.704
1
5.297
0
-2.51
1
-2.226
0
-4.254
1
0.224
0
-7.197
0
0.904
1
-9.36
1
-2.814
0
-5.808
0
-72.865
19.694
0
-8.851
1
1.057
1
-2.046
1
1.484
0
-11.63
1
4.713
0
-11.952
0
-2.847
0
-4.935
0
-1.453
1
-2.199
0
-0.572
0
7.844
0
0.00400002
0
-5.622
0
0.478
0
5.687
0
2.008
0
-15.701
1
-6.944
0
4.089
0
-2.96
1
-7.843
0
-2.872
0
-7.263
1
1.394
1
3.158
0
4.699
0
1.724
1
1.407
1
0.52
0
-2.55
1
-5.504
0
3.93
1
-0.578
1
4.612
1
2.843
0
4.448
1
4.45
0
1.389
1
-0.651
0
4.108
0
1.083
1
-2.334
0
19.694
-51.279
0
-7.894
1
0.799
0
-7.651
0
5.483
1
-11.515
1
-7.479
1
-1.329
0
-2.07
0
-4.228
1
-7.587
0
-0.559
0
1.841
0
-5.458
0
-8.323
0
-1.642
0
-0.0850001
0
6.883
0
3.103
0
7.737
0
6.286
0
-4.929
1
-4.957
1
2.098
0
-2.139
0
2.526
1
-0.515
1
2.888
1
6.444
1
-1.744
0
5.397
0
-5.447
0
-1.606
1
-3.757
0
9.976
1
-6.154
0
-6.419
0
-0.648
1
0.338
0
-9.211
0
-2.159
1
2.65
0
-0.575
0
5.942
1
-2.09
1
-51.279
-32.987
1
4.981
0
2.687
0
-9.611
0
1.509
1
-3.7
1
1.738
0
0.28
0
6.905
1
-3.891
0
-2.989
1
2.239
1
2.011
1
-0.838
1
1.601
0
-6.165
1
-0.929999
1
-7.433
1
-8.248
0
-5.032
1
2.113
1
-4.288
0
-5.661
0
-6.954
0
-6.742
0
5.515
0
-1.923
1
-4.134
0
-6.401
0
-1.699
0
6.152
1
-4.949
0
-4.385
0
-2.174
1
-0.458
0
2.12
0
-0.042
0
-8.482
0
-3.505
1
-4.743
0
0.31
1
2.154
1
-0.403999
1
-0.025
1
2.985
1
-32.987
-41.765
1
3.992
1
1.267
1
2.473
0
-6.117
1
8.119
0
-22.296
0
6.717
1
-0.132
1
-1.965
1
-1.848
0
7.651
0
-7.731
1
-1.794
1
-1.501
1
4.355
1
-4.951
1
2.637
1
5.275
1
-7.173
0
-0.838
1
-0.568
1
4.929
0
4.271
0
-0.711
0
-6.588
0
3.902
0
0.54
0
2.115
0
-1.674
0
-3.223
1
10.599
0
0.344
1
-1.648
1
-4.279
0
0.961
0
2.566
1
4.972
0
-8.456
0
3.986
1
-7.785
1
-8.391
1
-0.51
0
5.617
1
4.483
0
-41.765


-29.381
0
-1.277
1
-2.814
1
7.526
0
1.626
1
-7.25
0
2.111
1
-6.698
1
-7.012
0
4.198
1
-8.544
1
-0.625
0
-0.0809999
0
0.0939999
0
-7.14
0
3.016
1
-3.199
1
-4.037
0
0.625
1
4.193
1
1.548
1
-10.791
1
-3.037
0
5.004
1
-1.302
0
-1.613
1
-2.768
1
3.773
1
-0.053
0
-5.909
0
1.072
1
-6.102
0
-0.322
0
-0.971
1
-2.795
1
1.67
0
4.272
1
8.176
1
0.762
0
-7.04
1
0.93
0
-5.983
0
1.025
0
-3.969
0
-1.917
0
-29.381
-0.769
0
-1.628
1
0.176
1
1.53
0
-5.389
1
9.084
1
3.39
1
-1.012
1
-0.979
0
0.0619997
0
0.824
1
-1.451
1
2.137
1
-0.711
0
-3.579
0
-2.426
0
0.59
0
-7.028
0
-1.742
0
2.654
1
6.406
0
4.929
0
-1.633
0
-1.81
0
1.599
0
0.034
1
0.628
1
-2.566
1
-0.142
0
-7.348
1
-1.358
0
-4.589
0
-3.175
0
-9.54
1
-2.985
0
8.106
0
-2.551
1
0.647
1
-3.637
0
0.693
0
-0.518
0
6.916
0
-10.084
0
-1.536
0
-2.948
1
-0.769
-9.617
0
1.456
1
3.823
0
5.278
0
0.0910003
1
-2.478
1
1.06
0
1.394
0
-2.37
1
-2.825
0
5.316
0
4.405
1
-1.637
1
2.543
0
2.414
1
0.407
1
0.0799999
1
1.643
0
4.303
0
-1.538
0
-0.402
0
-2.572
0
-2.593
0
2.982
1
1.444
0
4.836
1
7.162
0
-1.066
1
1.444
0
-9.785
1
1.214
0
1.349
1
-0.829
1
-4.893
0
10.175
0
-1.451
0
-1.898
0
0.789
0
7.211
0
-1.437
1
-0.0900001
1
1.869
1
-4.236
1
1.316
0
-0.592
0
-9.617
-49.982
1
-3.878
0
2.202
0
2.598
1
5.712
0
2.221
0
1.654
1
-10.359
0
-11.227
1
-1.659
1
-7.192
0
5.427
0
-2.629
1
4.57
1
-2.303
1
-1.816
1
-3.554
1
0.082
0
-0.739
0
5.741
0
2.014
0
-8.916
0
-1.567
0
-10.102
0
3.409
1
4.513
1
6.924
0
2.069
0
-1.442
1
-1.516
1
1.281
1
-0.333
0
-5.486
0
6.003
0
0.772
0
0.0650001
0
3.298
0
4.612
0
5.65
0
-1.892
1
-0.00599994
1
-7.766
1
1.222
1
5.447
0
-0.771
0
-49.982
13.604
0
-2.338
0
-5.402
1
2.714
0
1.779
1
-12.192
1
-11.073
1
-3.416
0
-12.236
0
-12.664
1
-1.807
1
-3.759
1
-1.978
0
-1.743
1
-1.439
0
-0.293
0
2.593
0
3.062
1
0.241
0
-3.19
1
1.162
1
-5.977
0
-1.856
1
1.928
0
-0.648
1
-3.822
1
-5.072
1
0.57
1
-6.607
0
-3.14
1
-0.0100001
0
-1.25
0
3.496
0
7.778
0
1.659
0
3.866
0
-1.728
1
-3.336
1
-3.89
0
-2.413
0
0.794
0
-2.076
1
-6.063
1
4.56
0
-4.79
1
13.604
-104.489
0
-0.425
1
-4.738
1
-1.825
0
1.203
0
1.351
0
-4.541
1
-0.558
1
-3.91
1
1.314
0
-0.387
1
-6.077
0
1.634
1
3.085
0
-1.912
0
-1.511
1
-6.514
0
-3.085
1
-0.0410001
1
-0.131
0
-5.669
1
-6.42
1
-3.182
0
0.673
0
-4.886
1
8.752
1
6.45
1
-2.013
1
-3.7
1
-2.926
0
-6.752
1
-1.662
0
-6.478
1
-0.837
1
-5.382
1
-0.121
0
1.978
1
-1.144
1
8.787
0
2.782
0
-2.922
1
5.394
1
-1.11
0
-1.869
1
-0.649
0
-104.489
-22.092
0
-7.032
0
-2.254
0
1.053
0
-1.779
1
-5.258
0
3.427
1
-1.863
0
3.372
0
-8.516
0
-2.826
1
-2.841
0
-2.052
0
8.684
0
3.846
0
2.002
1
-5.554
0
-6.586
0
3.196
0
-0.686
1
-0.547
0
-0.494
1
3.883
1
-2.396
1
1.547
1
-5.459
1
1.008
1
4.216
0
-5.473
1
3.204
0
-2.106
0
0.797
0
1.541
1
-6.567
1
5.441
1
2.157
1
-7.423
0
4.618
1
-11.207
1
-1.682
0
3.547
0
-3.96
1
-0.639
0
4.639
0
-5.783
0
-22.092
-60.076
0
0.614
0
2.893
0
-1.689
1
-2.393
0
-9.755
0
2.744
0
-1.41
1
-7.086
0
-4.218
0
2.747
1
-0.167
1
-4.161
0
-2.062
1
2.104
0
0.03
0
-2.291
1
1.86
1
0.9
0
-11.869
1
3.668
1
0.512
0
-0.653
0
3.606
1
0.862
0
-7.856
0
-1.817
1
-2.928
1
-8.154
0
-5.03
0
3.196
0
-0.221
0
-0.0789998
0
3.055
1
-1.773
1
-2.872
1
-7.985
0
2.559
1
0.336
0
-0.406
0
-2.497
0
-7.098
1
-1.199
1
5.975
0
3.388
0
-60.076
-50.065
0
-4.505
0
-4.569
1
-3.293
0
-1.758
1
10.073
0
-11.159
0
-1.06
0
-2.245
0
8.861
1
0.256
0
2.908
1
-7.424
0
-4.109
1
-4.929
1
-5.205
0
0.0830002
0
-9.949
1
8.788
1
2.673
0
-6.365
1
-7.019
1
-3.412
1
-0.662
0
2.159
0
-1.069
1
0.503
0
2.13
0
3.443
1
-2.085
0
-0.908
0
-3.071
1
-6.012
1
3.842
1
2.663
1
0.406
0
1.248
0
2.46
1
-0.321
1
5.791
0
-1.168
1
-0.0320001
0
3.574
1
-7.535
0
-6.319
1
-50.065
3.34
0
2.565
1
-2.451
1
0.717
0
-6.758
1
-1.761
1
3.785
0
4.787
0
-0.674
0
0.394
0
-8.091
1
-2.42
1
-0.387
1
-5.316
1
-3.136
0
5.011
0
-8.319
1
3.131
0
2.906
0
-1.537
1
3.388
0
-1.709
0
-1.594
1
-6.614
0
-2.233
0
-3.241
1
3.659
1
-3.45
0
-7.016
0
-3.341
1
0.289
1
-4.681
1
0.575
0
1.376
1
0.036
0
2.808
1
-2.988
0
3.568
0
7.727
0
-9.956
0
-1.447
1
3.108
1
-4.802
1
-3.049
1
0.554
0
3.34


-5.836
1
7.908
1
-0.165
1
-3.669
0
-6.712
0
2.471
1
-1.285
1
1.214
0
-6.169
1
-0.219
0
-4.538
1
-7.771
0
-1.723
0
-1.791
1
1.538
1
-5.674
1
-7.215
0
3.582
0
-7.883
1
-3.79
0
-7.291
0
0.0930001
1
1.39
0
3.49
0
2.378
1
1.896
1
-6.03
0
6.296
1
1.055
1
4.922
1
3.874
0
5.843
0
1.318
0
0.78
0
10.898
1
3.584
1
-0.496
1
-4.075
0
1.491
1
2.868
0
-3.375
1
-2.562
0
1.436
0
7.721
0
-4.254
0
-5.836
-35.958
0
-5.22
1
6.448
0
2.872
1
-1.225
1
1.833
1
-3.024
1
-1.085
1
2.329
0
-4.513
1
1.964
0
0.71
0
5.445
1
-2.535
1
9.938
1
-10.566
1
-2.445
1
-3.011
1
3.086
1
-0.289
0
-4.245
1
-3.889
1
-0.0699998
1
-0.62
0
-1.824
0
-1.452
0
1.749
1
3.34
1
-6.845
0
5.059
0
1.678
1
-1.387
1
1.074
1
3.187
1
6.307
0
-7.494
0
0.0480001
1
1.972
1
-6.586
1
-5.624
1
-2.315
0
-1.356
0
-0.112
0
-2.032
0
-2.537
0
-35.958
-58.582
1
-9.453
0
-7.25
1
-5.607
0
-1.973
1
2.136
1
6.306
0
-9.735
1
-2.234
1
-2.964
0
0.494
1
-4.19
1
-1.52
1
3.078
0
-3.795
1
-3.197
1
8.734
0
0.218
0
2.886
0
-2.197
0
6.079
1
4.592
1
-1.011
0
-4.29
1
1.643
1
-1.13
0
-2.807
1
-0.877
0
6.965
1
2.973
0
-4.883
1
-3.73
0
0.668
0
-4.583
0
2.026
0
1.053
0
4.415
0
-3.187
1
1.05
0
-6.64
1
-4.161
1
0.406
0
0.0729999
0
-0.352
0
0.167
1
-58.582
-7.125
0
-3.707
1
-1.382
1
-10.411
1
1.025
1
7.535
1
1.429
0
-2.03
1
-8.23
1
-4.269
1
2.085
0
3.078
1
1.528
1
2.356
1
-10.172
1
2.771
1
0.869
1
3.218
0
-0.294
1
-2.766
1
-1.972
1
1.508
0
-4.28
0
4.822
1
0.14
1
0.26
0
3.343
1
-0.234
1
-1.367
0
6.143
0
-0.113
1
0.884
0
7.855
0
-1.104
1
-9.807
1
0.178
0
-1.669
1
7.907
1
0.062
0
-2.035
0
-9.833
1
-2.079
1
-0.81
1
3.057
1
2.98
0
-7.125
34.102
1
-4.282
1
7.086
1
-10.08
1
-1.424
0
-3.123
0
-1.447
0
-5.194
1
-0.51
0
2.923
0
1.968
0
2.497
0
-0.273
1
6.357
1
1.341
1
4.24
1
3.17
1
1.064
1
-0.505
0
0.00400011
0
6.557
0
4.264
0
3.104
1
-10.01
0
-3.289
0
10.47
0
1.496
1
-1.522
0
1.698
0
-1.906
1
0.695
1
-1.727
1
1.716
0
-4.493
1
-5.612
1
-3.605
1
-2.949
0
1.225
0
-1.219
1
-4.814
1
-4.903
1
-2.411
1
-0.472
0
3.462
0
2.026
0
34.102
-12.188
1
0.288
0
-2.475
0
-3.589
1
-3.79
1
1.568
1
-1.626
1
-8.473
0
-10.694
0
-6.589
1
-4.74
1
-1.711
0
-2.564
1
-0.155
1
-4.504
0
-2.941
0
-1.192
1
-5.823
1
-1.205
1
-5.636
0
-0.27
0
-7.602
1
-2.618
0
-4.131
0
3.524
1
1.221
0
4.215
1
-7.021
0
4.709
0
-1.238
0
-1.753
1
-0.386
1
-5.892
0
0.79
0
0.43
1
-6.419
0
-3.955
1
7.879
0
-3.157
0
-0.339
1
3.69
1
-7.783
0
0.139
1
5.851
1
-5.215
0
-12.188
-3.276
1
0.955
0
-3.07
1
-5.281
1
0.364
1
-1.105
1
-4.035
1
-4.975
0
-5.519
1
-3.849
1
0.581
1
-1.298
0
3.25
1
-2.168
0
8.217
0
6.212
0
0.238
1
-1.09
1
-6.256
0
-0.262
1
1.325
1
1.044
1
-5.113
0
-0.31
0
4.994
0
1.485
0
6.969
1
-3.967
1
-3.61
1
-1.358
1
1.833
0
-4.805
0
-1.364
1
2.558
0
3.205
0
-2.505
0
-0.846
1
0.527
1
-3.18
1
3.319
1
3.576
0
-4.632
1
0.731
0
-0.411
0
-6.878
0
-3.276
-77.628
0
4.576
0
6.645
0
-4.363
0
-2.95
1
4.311
1
3.339
0
-5.981
0
-2.932
0
-3.582
0
5.625
0
0.757
1
-8.116
1
5.687
1
7.564
1
0.932
0
9.49
1
-2.023
0
-3.677
0
-2.591
0
-3.27
0
1.158
1
-7.456
1
-1.123
1
3.463
0
2.516
0
1.839
1
-3.401
0
-1.397
1
-3.647
0
-1.079
0
-5.225
0
-4.443
0
1.729
1
-9.512
0
1.465
0
-2.673
0
-1.828
0
2.448
1
0.166
1
-3.403
1
1.916
1
6.215
1
-0.461
1
-1.75
1
-77.628
-52.042
1
1.921
0
4.594
0
-5.429
1
0.385
0
-1.394
0
-4.85
1
-3.716
1
2.905
1
-5.886
0
2.44
0
-1.817
1
5.27
1
2.501
0
2.016
1
-4.5
1
4.185
0
-4.481
0
6.886
0
-1.732
1
3.622
0
-3.418
1
2.759
1
6.916
1
-2.289
0
2.649
0
5.941
1
-6.183
0
-0.187
0
-2.29
0
-0.482
0
-9.473
0
-1.875
1
-2.308
0
-1.288
1
-4.159
0
2.439
0
-3.323
0
-2.109
0
-0.0869998
1
1.308
0
-4.093
0
-2.14
1
3.043
1
2.632
1
-52.042
-50.577
1
-1.537
0
3.591
1
3.094
0
-4.894
0
-8.443
0
0.484
0
4.975
0
-3.771
1
-2.058
0
-1.873
0
-5.476
1
-3.781
0
-1.685
1
-4.068
1
2.26
1
-5.682
0
-1.521
1
-0.359
1
2.105
1
3.242
0
-0.726
0
6.608
0
-1.919
1
-1.498
0
-7.145
1
3.666
0
-4.234
1
2.459
1
-2.67
0
-0.318
1
-1.016
0
-1.015
1
-5.222
1
3.955
1
-5.815
0
-11.076
1
-6.155
0
-2.256
0
-1.757
1
0.112
0
-3.075
0
0.413
1
1.2
1
0.683
1
-50.577


-1.067
0
-1.425
0
3.553
0
3.884
1
0.463
1
-4.62
0
-5.94
1
-1.983
0
4.962
0
0.716
0
-1.539
0
-3.435
1
-3.33
0
-7.436
0
-5.639
0
-9.767
0
-8.167
0
-6.83
0
-2.738
0
-5.07
0
-2.525
1
0.03
0
3.454
0
1.236
0
-1.427
0
2.165
0
1.973
1
0.544
0
-13.558
0
8.692
0
-6.645
0
3.996
1
-0.554
0
-2.846
0
2.813
0
0.022
0
-2.625
0
0.759
1
1.647
0
0
1
3.917
1
-0.0310001
1
-0.761
0
5.704
0
-14.394
1
-1.067
1.423
0
4.372
1
-4.205
0
-7.673
0
0
0
-1.199
0
-2.258
1
1.308
1
-0.566
0
-0.835
0
-0.28
1
-1.257
0
0.642
0
-9.026
1
-3.046
0
0.0710001
0
1.247
0
-8.541
0
-8.172
0
4.515
0
-1.566
0
-3.089
0
-1.72
0
0.872
0
-7.372
0
-3.954
1
-1.763
0
-0.186
0
3.557
0
6.196
0
-5.099
0
-2.115
0
-1.415
1
-0.467
0
2.373
0
-0.367
0
5.384
0
-3.035
0
-1.671
0
-9.145
0
1.32
0
2.474
0
-2.531
0
-2.821
0
-3.124
1
1.423
-0.289
0
-3.706
0
-1.684
1
2.975
0
4.812
1
4.064
1
-7.433
0
-6.001
1
3.741
0
-1.817
0
-3.809
1
-3.971
0
2.214
0
-3.273
1
1.916
0
-3.368
0
-5.608
0
-0.127
0
-1.913
0
3.326
0
3.9
0
-10.899
1
0
1
-0.00399983
0
3.591
0
-2.911
0
1.627
0
2.216
0
-1.921
0
-0.459
0
-0.00400019
0
1.521
0
1.188
0
-0.886
0
1.494
0
-3.678
0
-6.237
0
4.492
1
-0.417
1
-0.62
0
-3.729
0
-0.696
0
2.656
0
0.992
0
0
1
-0.289
2.679
0
0
1
-3.576
1
-1.107
0
-0.454
1
2.589
1
2.441
0
-2.188
1
5.804
0
-2.202
0
-4.883
1
-1.399
0
3.711
1
0.222
1
0.803
0
-0.605
0
-11.82
1
1.465
0
-1.767
0
-4.264
0
1.721
0
-10.435
0
3.603
1
0
0
0.957
1
0.014
0
-9.958
1
-0.225
0
2.158
0
-3.677
0
2.77
0
2.883
0
-2.95
0
-0.69
0
6.665
1
0.064
0
-4.639
0
1.285
0
-0.621
0
-1.213
0
-7.198
0
4.428
0
-8.616
0
-4.269
0
-4.671
0
2.679
