

0
0
0
0
0
0
0
0
0
0
0
0
0
0
0
0
0
0
0
0
0
0
0
0
0
0
0
0
0
0
0
0
0
0
0
0
0
0
0
0
0
0
0
0
0
0
0
0
0
0
0
0
0
0
0
0
0
0
0
0
0
0
0
0
0
0
0
0
0
0
0
0
0
0
0
0
0
0
0
0
0
0
0
0
0
0
0
0
0
0
0
0
0
0
0
0
0
0
0
0
0
0
0
0
0
0
0
0
0
0
0
0
0
0
0
0
0
0
0
0
0
0
0
0
0
0
0
0
0
0
0
0
0
0
0
0
0
0
0
0
0
0
0
0
0
0
0
0
0
0
0
0
0
0
0
0
0
0
0
0
0
0
0
0
0
0
0
0
0
0
0
0
0
0
0
0
0
0
0
0
0
0
0
0
0
0
0
0
0
0
0
0
0
0
0
0
0
0
0
0
0
0
0
0
0
0
0
0
0
0
0
0
0
0
0
0
0
0
0
0
0
0
0
0
0
0
0
0
0
0
0
0
0
0
0
0
0
0
0
0
0
0
0
0
0
0
0
0
0
0
0
0
0
0
0
0
0
0
0
0
0
0
0
0
0
0
0
0
0
0
0
0
0
0
0
0
0
0
0
0
0
0
0
0
0
0
0
0
0
0
0
0
0
0
0
0
0
0
0
0
0
0
0
0
0
0
0
0
0
0
0
0
0
0
0
0
0
0
0
0
0
0
0
0
0
0
0
0
0
0
0
0
0
0
0
0
0
0
0
0
0
0
0
0
0
0
0
0
0
0
0
0
0
0
0
0
0
0
0
0
0
0
0
0
0
0
0
0
0
0
0
0
0
0
0
0
0
0
0
0
0
0
0
0
0
0
0
0
0
0
0
0
0
0
0
0
0
0
0
0
0
0
0
0
0
0
0
0
0
0
0
0
0
0
0
0
0
0
0
0
0
0
0
0
0
0
0
0
0
0
0
0
0
0
0
0
0
0
0
0
0
0
0
0
0
0
0
0
0
0
0
0
0
0
0
0
0
0
0
0
0
0
0
0
0
0
0
0
0
0
0
0
0
0
0
0
0
0
0
0
0
0
0
0
0
0
0
0
0
0
0
0
0
0
0
0
0
0
0
0
0
0
0
0
0
0
0
0
0
0
0
0
0
0
0
0
0
0
0
0
0
0
0
0
0
0
0
0
0
0
0
0
0
0
0
0
0
0
0
0
0
0
0
0
0
0
0
0
0
0
0
0
0
0
0
0
0
0
0
0
0
0
0
0
0
0
0
0
0
0
0
0
0
0
0
0
0
0
0
0
0
0
0
0
0
0
0
0
0
0
0
0
0
0
0
0
0
0
0
0
0
0
0
0
0
0
0
0
0
0
0
0
0
0
0
0
0
0
0
0
0
0
0
0
0
0
0
0
0
0
0
0
0
0
0
0
0
0
0
0
0
0
0
0
0
0
0
0
0
0
0
0
0
0
0
0
0
0
0
0
0
0
0
0
0
0
0
0
0
0
0
0
0
0
0
0
0
0
0
0
0
0
0
0
0
0
0
0
0
0
0
0
0
0
0
0
0
0
0
0
0
0
0
0
0
0
0
0
0
0
0
0
0
0
0
0
0
0
0
0
0
0
0
0
0
0
0
0
0
0
0
0
0
0
0
0
0
0
0
0
0
0
0
0
0
0
0
0
0
0
0
0
0
0
0
0
0
0
0
0
0
0
0
0
0
0
0
0
0
0
0
0
0
0
0
0
0
0
0
0
0
0
0
0
0
0
0
0
0
0
0
0
0
0
0
0
0
0
0
0
0
0
0
0
0
0
0
0
0
0
0
0
0
0
0
0
0
0
0
0
0
0
0
0
0
0
0
0
0
0
0
0
0
0
0
0
0
0
0
0
0
0
0
0
0
0
0
0
0
0
0
0
0
0
0
0
0
0
0
0
0
0
0
0
0
0
0
0
0
0
0
0
0
0
0
0
0
0
0
0
0
0
0
0
0
0
0
0
0
0
0
0
0
0
0
0
0
0
0
0
0
0
0
0
0
0
0
0
0
0


-0.196
0
-0.877
0
-3.661
0
-1.319
0
-4.005
1
-2.404
0
3.593
0
-7.14
0
-3.783
0
-2.911
0
0.423
1
-0.807
1
-1.216
0
-6.228
0
-1.011
0
-3.022
1
1.843
1
-6.158
1
-3.902
0
0.621
1
3.415
1
-1.721
1
-5.774
1
-13.106
0
-0.467
1
3.174
1
-12.891
0
2.843
0
1.846
1
-3.12
1
-1.77
1
-5.939
0
2.019
1
-6.511
1
-6.568
0
-0.0779996
0
-9.351
1
-3.151
0
-5.525
1
-1.531
1
-1.589
0
-1.213
1
2.883
1
-5.094
1
5.74
1
-0.196
-1.37
0
-3.074
0
-5.979
1
-1.638
0
-3.133
1
0.22
0
-3.332
0
-5.095
0
-9.636
0
-7.786
0
10.908
0
-0.0960001
1
-3.551
1
1.976
1
-3.734
1
-4.426
0
-0.712
0
0.168
0
3.119
1
1.615
0
-1.477
0
-0.976
1
5.213
1
-4.03
0
4.029
1
-6.519
0
-20.807
1
3.637
0
2.903
0
-0.822
0
-4.597
0
4.85
1
1.87
1
-7.812
1
-4.151
1
1.02
1
-4.664
0
-3.599
1
-4.295
0
4.699
1
-4.704
0
-6.081
1
7.953
1
-1.791
1
4.698
0
-1.37
16.052
1
14.701
0
-32.232
1
-18.186
1
-0.832
1
-1.533
0
-3.948
1
1.657
0
2.84
1
-71.402
0
-44.656
0
4.777
0
-0.854
1
1
1
-7.462
0
-6.091
1
-7.006
1
5.212
1
-10.213
1
8.975
0
8.201
0
6.862
1
6.496
0
-4.808
1
-10.645
1
2.835
0
-2.989
1
-5.981
0
-2.214
0
-7.082
1
5.929
0
-4.117
0
-5.252
0
-3.015
1
-8.412
0
9.082
1
1.41
0
4.154
1
3.212
0
-4.58
0
-2.747
1
4.91
1
-2.288
0
15.168
1
1.302
0
16.052
-20.772
1
0.0849999
1
2.647
1
1.998
1
1.38
0
-10.815
1
-0.863
0
-0.325
1
0.558
0
1.208
1
1.976
1
-3.734
1
-1.086
1
-4.642
1
-2.708
1
-8.457
1
-0.738
1
-11.969
0
-0.429
1
-4.571
1
-5.01
1
1.42
0
-4.388
1
-3.641
1
-2.81
1
-1.054
0
0.453
1
-6.243
1
-1.877
1
-8.551
1
4.267
1
1.404
0
-2.998
0
0.539001
0
-6.725
1
3.932
0
-5.926
1
6.027
1
0.436
0
-2.52
1
-5.019
1
-9.117
0
-5.73
1
-6.775
0
0.409999
1
-20.772
-0.543999
0
0.864
1
10.705
1
0.367
1
0.0179999
0
5.642
1
0.427
0
-0.0359999
1
-0.344
1
4.582
0
-9.064
1
-8.026
0
-6.48
0
-2.018
0
-3.622
0
2.131
0
7.609
1
-9.849
1
-4.41
0
-9.254
0
5.339
0
3.295
0
-0.503
0
-3.717
0
-5.946
0
1.121
1
-4.001
0
0.0879999
1
-3.762
1
-8.356
1
-5.265
0
-16.416
1
1.147
1
3.43
1
-3.415
0
-0.951
0
-8.823
0
-15.648
0
-12.631
0
-8.94
1
0.0900004
1
-10.577
0
7.748
1
3.97
1
-4.868
0
-0.543999
-27.506
1
-3.874
1
-4.558
0
-11.142
0
-1.566
0
-3.757
1
-17.816
0
-5.439
1
-1.913
1
0.0539992
0
-8.244
0
-7.454
1
-0.00800025
0
-4.382
0
-1.866
1
11.339
0
-0.411
1
-2.954
0
-11.764
0
-3.909
0
2.272
1
-3.208
1
11.588
1
-2.285
0
-0.629
1
-1.209
1
-4.652
1
-0.453
1
-2.287
0
-6.659
0
-0.356
0
-1.022
1
1.077
0
-6.811
1
0.711
0
0.814
0
13.707
0
-1.432
0
5.567
1
0.262
1
0.67
0
-2.141
0
0.654
1
-1.335
0
-0.841
1
-27.506
-56.75
0
5.512
0
3.142
0
0.4
1
-4.621
0
4.831
0
-9.434
1
-2.107
1
0.598
0
-8.492
1
5.634
0
-3.333
0
0.945
0
-0.929
0
-8.996
0
0.185
1
-2.362
1
-2.671
1
-6.322
0
-8.738
0
-10.34
1
-1.754
0
-4.015
1
1.73
0
-3.63
1
-8.311
1
-6.724
0
5.921
1
1.687
1
4.579
0
5.751
0
-2.856
0
0.494
1
-0.219
1
-1.794
1
-5.019
0
-0.563
1
-1.765
1
1.332
0
3.607
1
-3.561
1
-1.238
0
1.799
0
1.897
1
-1.857
0
-56.75
-79.825
1
-1.607
0
8.16
0
-12.889
0
-10.691
1
0.133
0
-0.744
0
-2.006
0
-4.145
1
-7.552
1
-5.089
0
-7.664
0
1.584
0
-8.22
1
-4.016
0
-4.317
1
3.71
1
-2.2
1
0.794
0
8.704
0
-5.478
1
2.395
0
-2.328
1
-0.654
0
-2.471
0
7.992
0
-2.202
1
0.304
1
-4.821
0
-3.05
1
1.474
0
-4.233
0
-9.331
0
-2.855
1
9.484
0
2.039
0
-9.787
0
-0.0879997
0
-1.839
1
5.581
0
0.719
0
-12.512
0
-0.33
0
1.928
1
-3.469
0
-79.825
-4.377
0
0.614
0
-5.407
1
-1.83
0
0.308
0
0.128
0
0.549
1
-4.586
0
-6.468
0
0.933
1
-3.461
0
-15.796
1
1.982
1
-0.176
0
2.392
0
-2.461
1
-4.096
0
2.534
0
-4.463
0
3.967
0
0.132
1
1.984
0
-2.554
1
-4.14
0
-1.325
1
3.534
0
0.677
1
3.009
1
-1.008
1
-12.728
0
-5.205
0
-2.055
1
-0.189
1
-2.859
0
-0.0910003
0
7.886
0
8.282
1
-5.43
0
-7.418
0
-12.675
1
4.453
0
0.926
0
-7.016
1
-5.066
1
-4.67
1
-4.377
-11.16
0
-6.733
0
5.975
1
12.11
1
-3.637
1
-8.002
0
-3.961
0
-3.504
1
1.673
1
0.124999
1
6.383
0
-3.254
1
-10.939
1
1.722
1
3.763
0
-2.611
0
-1.091
0
-0.886
0
-6.163
0
5.242
0
3.349
0
-1.064
0
4.098
0
-7.506
1
1.53
0
2.625
1
-4.68
1
-4.778
0
2.484
1
1.413
1
1.05
1
-1.14
0
-3.836
1
0.314001
0
3.875
0
11.419
0
-5.967
0
1.243
0
-13.029
1
-4.359
1
0.835
0
-0.227
0
1.37
1
-3.881
1
-2.976
0
-11.16


-0.278
0
4.862
1
-0.158
0
-6.447
0
-4.199
0
-1.651
0
-2.066
0
-3.345
0
1.097
1
3.373
0
-3.684
0
1.97
1
-1.849
1
4.036
1
-1.696
1
1.139
0
-7.033
0
0.0340002
0
-5.744
0
-6.892
0
-3.492
0
-0.712
0
0.827
0
-7.457
0
-4.195
1
-7.144
1
4.977
1
-3.623
0
-6.611
1
-1.636
0
-0.59
1
-7.396
0
-1.993
0
11.427
1
-3.554
1
-0.734
1
-11.561
1
-1.888
1
-5.807
0
-4.04
0
-11.865
0
1.021
0
-0.108
0
2.606
1
-10.282
1
-0.278
-0.152999
0
-1.406
1
-6.835
0
-2.861
0
3.126
0
8.718
1
-1.426
0
-4.507
0
2.375
0
-0.322001
1
2.739
0
-3.628
0
10.067
0
-4.694
1
-6.999
0
1.211
0
-2.361
1
-0.122999
1
1.916
0
-5.299
1
1.952
0
-4.993
0
-7.228
0
4.099
1
-3.163
0
4.101
0
9.205
1
-0.467
1
-6.731
0
-1.088
0
-14.15
1
-6.234
1
0.505
1
-2.574
1
-0.315
0
0.00800025
0
-9.356
0
-1.949
0
6.495
1
-1.651
0
-0.838
0
-5.655
1
0.391
1
-4.142
0
-3.884
1
-0.152999
7.596
1
2.706
1
0.224
0
-1.504
0
-5.111
0
-1.343
0
2.854
1
0.0770001
0
-6.707
1
0.419
1
1.163
1
0.113
1
-9.447
0
3.48
1
4.754
0
4.945
0
0.826
1
-0.126
1
5.239
1
1.431
0
-3.274
0
3.375
0
6.864
0
-3.619
0
-2.465
0
-8.894
0
4.671
1
-0.774
1
-6.052
0
5.935
0
1.404
0
1.627
1
2.339
0
2.8
0
4.958
1
1.791
0
2.337
1
-3.807
1
-1.426
1
-5.744
1
3.322
1
-4.596
0
1.323
0
-2.528
1
5.172
1
7.596
-14.904
1
1.364
0
9.831
0
-1.724
0
-9.883
0
-0.535
1
-14.283
1
2.215
0
-12.238
0
-3.448
0
-6.036
0
-1.077
1
-1.371
1
4.073
1
-12.011
0
1.301
1
2.318
1
8.233
0
1.636
0
4.154
0
-0.0369995
0
4.019
0
-4.856
1
6.802
1
-3.608
1
-0.24
0
5.087
1
-1.273
1
-7.049
1
-0.332
0
-5.444
1
-2.962
0
-17.063
1
0.626
0
2.2
0
0.319
0
-2.266
0
5.851
0
3.147
0
6.031
0
1.468
0
-1.328
1
-3.068
1
-7.271
0
-6.024
0
-14.904
-74.545
1
5.604
0
-2.729
0
-0.278
0
2.02
0
6.462
1
5.036
1
-7.236
1
-2.982
1
0.833
0
-2.839
1
-1.019
1
-16.229
0
-10.175
0
5.808
0
0.89
1
4.379
0
-10.538
1
2.579
1
-4.414
1
-2.049
0
5.175
0
5.259
0
-0.154
0
4.31
1
-2.233
1
-3.957
0
0.402
1
-6.396
1
0.0470002
1
-1.73
0
-3.548
0
-4.517
0
-4.493
0
-7.405
1
-3.258
0
-7.671
0
5.626
1
6.318
0
-3.915
1
-4.48
0
2.067
1
3.136
0
3.097
1
4.029
1
-74.545
-27.846
0
9.432
1
-1.32
1
-6.208
1
6.464
0
-2.261
1
-1.038
1
-4.464
0
-4.606
1
-5.199
0
3.126
0
4.495
0
-6.818
0
3.727
1
-2.968
0
-3.55
0
1.425
0
-7.133
1
1.569
0
-11.641
0
-0.814
1
3.763
1
-4.65
1
6.441
0
2.213
0
-4.29
1
-2.414
0
-9.576
0
-2.058
0
-4.862
0
7.848
0
-1.032
0
-7.095
1
1.42
1
-4.641
1
-1.298
1
-5.325
0
2.062
1
-4.412
1
-1.058
1
-5.684
1
-2.641
0
-0.0919999
1
3.674
1
0.728
0
-27.846
18.211
0
1.426
1
10.73
1
-1.738
0
1.813
1
0.712
1
-1.741
1
2.488
1
3.663
1
-3.743
0
-1.918
1
-7.205
0
-2.465
1
5.071
1
0.0900003
1
-4.7
1
-1.02
0
4.44
0
3.132
1
-0.848
0
3.911
0
1.758
0
-1.926
0
-9.049
1
8.372
1
1.021
0
-7.07
0
4.513
0
7.4
0
-1.118
1
-1.088
1
1.022
0
-2.177
0
3.076
1
-7.835
0
2.549
1
-2.045
0
3.953
1
-5.61
1
-3.732
0
1.384
1
-2.401
0
-1.473
1
-1.41
1
-3.461
0
18.211
18.859
0
3.446
1
-5.217
1
-2.534
0
-4.995
1
3.945
0
-3.171
1
5.203
1
-4.615
1
4.18
1
-0.55
0
8.597
0
-4.065
0
-1.587
1
-1.043
1
5.606
1
-0.452
1
-6.336
0
4.498
0
-2.589
0
8.283
0
-4.538
0
-1.548
1
6.271
0
-5.161
0
3.134
1
9.474
1
-7.422
0
-6.253
1
-0.364
0
-3.7
0
1.779
1
-0.124
1
-9.564
1
0.163
0
-0.836
0
-3.14
0
-1.882
0
1.708
0
-6.712
0
0.451
0
-5.463
0
-3.488
0
-11.682
0
3.246
1
18.859
-27.468
0
-9.007
1
0.899001
0
-2.635
1
-3.207
0
1.015
0
-10.155
0
3.163
0
-9.443
0
1.827
1
-1.076
1
1.589
0
5.451
1
2.73
1
-3.405
0
2.922
1
9.519
0
1.849
0
5.652
1
-9.927
0
-6.877
0
0.342
0
-5.171
0
-7.53
0
5.51
1
3.691
1
4.231
0
3.573
1
-3.954
0
8.142
0
-10.793
1
-3.521
0
-5.297
0
2.24
1
-1.049
1
-6.601
1
9.777
0
0.03
1
1.834
0
-3.708
0
5.8
0
-4.466
1
-8.603
1
-4.724
1
-9.337
1
-27.468
-70.731
1
7.945
0
-1.046
0
-1.216
0
-5.493
1
-0.66
0
4.392
1
9.105
1
-5.612
1
-2.68
1
1.162
0
10.393
0
-8.458
0
-6.71
1
3.494
1
12.194
1
-1.025
0
0.0580006
1
-9.944
1
4.386
0
-1.973
0
0.927001
0
-3.839
1
-3.97
0
-13.901
1
2.16
0
-1.557
0
9.245
0
-2.745
0
-4.74
0
-1.599
1
-0.226
0
10.927
0
-6.827
1
-10.02
1
-5.157
0
-10.758
0
8.052
0
-0.77
1
0.764
1
2.131
1
3.979
1
-5.1
0
6.981
0
-7.088
1
-70.731


-10.62
1
-9.984
1
-7.119
1
6.244
0
4.142
0
-1.531
0
3.168
1
1.004
0
3.172
0
-2.522
0
4.844
1
-5.248
0
-0.746
0
-1.651
0
0.925
0
0.98
0
-2.765
1
-3.597
1
4.363
1
3.684
1
-2.924
0
-8.175
1
-4.295
0
-5.763
0
-0.892
0
8.092
1
-1.649
1
-5.324
0
-5.35
0
-10.605
1
-7.907
1
-2.03
0
0.214
0
-1.012
1
10.358
0
3.334
0
-3.563
0
-4.065
1
1.428
0
-5.982
1
-7.75
0
1.618
1
-13.824
0
-14.706
0
-3.825
0
-10.62
-55.708
1
-3.747
0
2.636
1
4.65
0
0.916
0
-11.329
0
-0.588
0
-1.731
0
-8.75
1
-2.748
1
-5.188
0
-11.509
0
-5.965
0
0.319
1
1.061
1
1.55
0
-1.115
1
-3.084
1
-8.938
1
0.734
0
-2.381
1
-8.749
1
-7.648
0
-0.646
1
6.995
0
3.463
1
-1.248
0
-4.585
1
-1.118
1
4.909
1
2.863
1
2.996
0
-4.494
0
-1.834
0
-5.042
0
-2.632
0
-0.395
1
-6.864
0
4.792
0
-5.619
0
-5.331
1
4.096
0
-0.243
1
-9.275
1
-8.34
0
-55.708
-27.617
0
-16.299
1
-1.942
0
-4.649
1
-7.028
0
4.898
1
-2.645
0
-2.183
0
3.487
0
-7.584
1
5.492
1
-4.307
1
-6.694
0
1.738
1
-4.62
0
3.673
1
-0.24
1
4.622
1
1.218
0
-3.251
0
2.431
1
-4.213
1
-1.806
0
-0.715
1
4.634
1
0.449
0
-5.153
0
-7.902
0
-2.751
0
0.721
1
-7.612
1
-4.178
1
-7.111
0
-3.939
1
1.345
1
-2.107
1
-1.296
0
-1.386
0
-1.371
1
-6.038
0
2.376
1
2.274
1
-12.448
1
4.53
0
-10.181
0
-27.617
-24.703
1
-5.869
1
1.777
1
-5.267
1
-0.217
1
11.231
1
3.312
1
0.0319996
1
-0.263
1
-3.857
0
-0.571
0
1.157
1
-2.869
0
0.322001
0
0.192
1
-2.33
1
3.138
1
-2.36
1
-1.192
0
-9.827
0
-3.913
1
-2.817
0
-6.79
0
-3.404
0
2.737
1
0.153
0
-3.988
0
1.525
1
0.881001
0
8.939
0
-4.594
0
-4.353
0
10.327
0
-2.068
0
-4.401
0
-0.182
1
-1.607
0
-0.285
0
6.709
1
-3.534
1
-2.333
0
1.634
1
5.46
0
-3.732
1
2.354
1
-24.703
-77.703
1
-1.952
1
8.529
0
-8.455
0
0.131999
1
0.960999
0
8.984
0
-12.843
0
-1.128
0
-8.161
1
-1.549
0
-1.796
1
-2.083
1
-4.742
1
3.824
0
-8.688
0
-5.185
0
-0.894
1
4.629
0
3.926
0
0.251
1
-2.413
1
-3.642
0
-1.032
0
-3.798
0
-2.578
0
-6.769
1
-1.362
1
-1.902
0
3.07
1
-1.585
0
3.025
0
7.794
0
2.517
0
1.004
1
6.082
0
-2.128
0
2.767
0
0.621
1
-0.0529997
0
3.21
1
4.762
0
-4.375
0
12.979
0
6.088
0
-77.703
-12.431
0
5.267
0
2.298
0
5.948
1
-4.03
1
-2.416
0
8.41
0
-3.982
0
0.469
1
-0.655
0
-7.913
0
-5.341
1
7.784
1
-1.571
1
-0.163
1
0.983
1
-2.041
0
4.801
0
6.177
0
-10.6
1
0.312
0
1.262
0
-13.139
0
1.933
0
-4.512
1
-12.535
0
-2.4
0
-3.378
0
-9.956
1
1.327
1
-0.951999
1
-3.657
1
-1.549
1
-5.072
1
-2.263
0
2.273
1
5.663
1
2.803
1
0.449
0
-9.768
0
-2.548
0
6.829
1
0.162
0
-5.361
1
-1.478
0
-12.431
-78.235
1
-4.679
0
5.188
0
6.205
0
3.445
1
1.92
1
11.318
0
-6.05
1
9.629
1
6.098
1
-1.968
0
-9.632
0
-9.252
1
-2.072
0
9.771
1
-2.993
1
-7.198
0
-1.65
0
1.187
0
6.62
1
-6.553
1
-6.535
0
-7.979
1
2.251
0
-4.738
0
-2.113
0
-0.275
1
12.812
0
-14.647
0
1.076
1
0.414
1
-3.545
0
-3.35
0
-10.11
0
0.733
0
0.806
1
2.661
1
-11.146
0
-1.072
1
-3.705
1
-0.967
1
-4.264
0
6.601
1
5.576
0
-3.338
0
-78.235
-23.243
1
-4.007
0
5.276
1
-6.274
1
-5.027
0
-8.591
0
2.922
0
3.055
1
0.653
1
14.684
0
-0.412
0
-1.407
1
-0.11
0
-5.292
0
2.969
1
-2.235
0
-0.0909998
1
-1.265
1
0.849
1
6.679
0
-8.826
0
-0.657
0
0.465
1
-7.608
1
-2.873
1
-2.877
0
-6.154
1
1.089
1
-10.865
0
-12.871
0
-9.705
1
1.633
1
11.613
0
3.644
1
-1.453
1
5.271
0
1.613
0
1.06
0
-1.897
1
4.877
1
-1.765
0
-0.576
1
1.009
1
-0.846
1
-3.226
1
-23.243
-63.043
0
-6.355
1
5.718
0
-0.465
0
-1.99
0
-6.001
1
-3.974
0
-6.114
1
-0.953
0
-8.397
1
0.608
1
0.384
1
-4.816
1
-7.306
1
-2.606
0
-4.158
0
-7.774
0
-9.61
1
-0.881
0
-0.361
1
2.244
0
1.684
1
-5.453
1
1.167
1
0.475
1
2.81
0
-0.284
1
-4.72
1
-7.72
1
1.143
1
-2.18
1
-1.398
1
-4.34
0
3.441
0
3.715
1
-6.803
1
4.062
1
-5.328
0
-2.494
0
-3.919
1
3.802
1
-3.277
0
-1.856
1
-8.129
0
-2.55
0
-63.043
-45.606
0
-8.569
1
-0.148
1
-5.582
0
-4.757
1
-7.834
1
1.57
0
-0.584
0
4.951
0
-0.916999
1
0.24
0
5.388
1
1.132
1
-10.491
1
-4.777
0
6.591
0
6.147
1
-0.787
0
0.989
1
6.686
1
-3.101
1
-3.288
1
-2.542
1
-5.023
0
-4.408
1
6.409
1
-4.989
0
-0.656
1
2.222
0
2.957
1
2.813
1
0.582
0
-12.513
1
3.414
0
1.266
1
-1.385
1
2.117
0
-5.218
0
3.682
1
0.81
0
2.561
0
-1.796
1
-1.56
1
-5.203
1
-2.503
0
-45.606


-2.456
0
5.534
1
0.02
0
-0.25
0
5.105
0
-1.549
0
-2.189
1
-2.621
0
0.94
0
-7.088
0
-12.867
1
-10.889
1
-8.378
0
-8.378
0
1.775
0
1.673
0
-7.903
0
2.087
0
4.984
0
3.942
0
-5.451
0
-3.111
0
2.834
0
1.002
0
-1.183
0
17.626
0
0.253
1
-2.063
0
-6.994
0
0.83
0
1.38
0
1.124
0
1.929
0
2.952
0
-5.079
0
4.053
0
-2.485
0
-5.936
0
2.031
0
-5.874
0
-2.677
0
-3.498
1
-0.00699997
0
-3.066
0
-5.089
0
-2.456
-3.327
0
2.2
0
-4.513
0
2.801
0
-13.518
0
-12.212
0
-4.799
0
-6.063
0
0.398
0
8.435
0
2.832
0
-3.085
1
4.68
0
6.83
1
-7.263
0
1.668
1
-2.189
0
-8.162
0
-2.291
0
2.873
0
0.28
0
-0.877
0
5.013
1
0.59
0
-2.237
0
-1.493
0
-3.069
0
4.212
0
-3.604
0
-6.303
0
-1.495
0
9.231
0
0.123
0
-0.315
0
-12.017
0
-1.509
0
3.387
0
-5.375
0
-8.547
0
1.6
0
11.296
0
-4.482
0
-15.663
0
-2.583
0
7.705
0
-3.327
0.449001
0
-6.357
1
-0.429
0
3.658
0
9.79
0
4.124
0
0.782
0
-3.324
1
2.224
0
2.891
0
1.413
0
2.435
0
-7.662
0
1.592
1
-4.648
0
-8.654
0
-1.105
0
0.502
0
7.415
0
4.583
1
-0.000999928
0
0.143
0
-2.368
0
-6.28
0
-3.742
0
-7.555
0
-0.649
0
-6.222
0
0.073
0
2.56
0
-5.964
0
7.074
0
-9.474
0
10.261
0
4.714
0
13.113
0
-0.878
0
-2.431
0
-3.519
0
-9.057
1
-0.0569999
0
-3.952
0
-14.293
0
-10.865
0
-1.24
0
0.449001
1.982
0
-4.892
0
-3.402
0
0.443
1
2.815
0
-4.579
1
0.769
0
-6.79
0
-1.535
0
2.327
0
0.225
1
8.747
0
-2.661
0
-4.521
1
4.964
0
-1.478
0
-6.855
0
-0.522
0
-1.885
1
0.036
0
-1.373
0
11.552
0
5.099
0
0.715
1
0.04
1
0.163
0
-0.986
0
-0.204
0
-0.41
0
-2.483
0
-0.415001
0
-14.374
0
5.885
0
0.922
0
1.537
0
-2.563
0
-4.073
0
-3.91
0
2.001
0
-6.013
0
-0.0990002
0
4.678
0
-4.107
0
3.451
0
-1.398
0
1.982
