

0
0
0
0
0
0
0
0
0
0
0
0
0
0
0
0
0
0
0
0
0
0
0
0
0
0
0
0
0
0
0
0
0
0
0
0
0
0
0
0
0
0
0
0
0
0
0
0
0
0
0
0
0
0
0
0
0
0
0
0
0
0
0
0
0
0
0
0
0
0
0
0
0
0
0
0
0
0
0
0
0
0
0
0
0
0
0
0
0
0
0
0
0
0
0
0
0
0
0
0
0
0
0
0
0
0
0
0
0
0
0
0
0
0
0
0
0
0
0
0
0
0
0
0
0
0
0
0
0
0
0
0
0
0
0
0
0
0
0
0
0
0
0
0
0
0
0
0
0
0
0
0
0
0
0
0
0
0
0
0
0
0
0
0
0
0
0
0
0
0
0
0
0
0
0
0
0
0
0
0
0
0
0
0
0
0
0
0
0
0
0
0
0
0
0
0
0
0
0
0
0
0
0
0
0
0
0
0
0
0
0
0
0
0
0
0
0
0
0
0
0
0
0
0
0
0
0
0
0
0
0
0
0
0
0
0
0
0
0
0
0
0
0
0
0
0
0
0
0
0
0
0
0
0
0
0
0
0
0
0
0
0
0
0
0
0
0
0
0
0
0
0
0
0
0
0
0
0
0
0
0
0
0
0
0
0
0
0
0
0
0
0
0
0
0
0
0
0
0
0
0
0
0
0
0
0
0
0
0
0
0
0
0
0
0
0
0
0
0
0
0
0
0
0
0
0
0
0
0
0
0
0
0
0
0
0
0
0
0
0
0
0
0
0
0
0
0
0
0
0
0
0
0
0
0
0
0
0
0
0
0
0
0
0
0
0
0
0
0
0
0
0
0
0
0
0
0
0
0
0
0
0
0
0
0
0
0
0
0
0
0
0
0
0
0
0
0
0
0
0
0
0
0
0
0
0
0
0
0
0
0
0
0
0
0
0
0
0
0
0
0
0
0
0
0
0
0
0
0
0
0
0
0
0
0
0
0
0
0
0
0
0
0
0
0
0
0
0
0
0
0
0
0
0
0
0
0
0
0
0
0
0
0
0
0
0
0
0
0
0
0
0
0
0
0
0
0
0
0
0
0
0
0
0
0
0
0
0
0
0
0
0
0
0
0
0
0
0
0
0
0
0
0
0
0
0
0
0
0
0
0
0
0
0
0
0
0
0
0
0
0
0
0
0
0
0
0
0
0
0
0
0
0
0
0
0
0
0
0
0
0
0
0
0
0
0
0
0
0
0
0
0
0
0
0
0
0
0
0
0
0
0
0
0
0
0
0
0
0
0
0
0
0
0
0
0
0
0
0
0
0
0
0
0
0
0
0
0
0
0
0
0
0
0
0
0
0
0
0
0
0
0
0
0
0
0
0
0
0
0
0
0
0
0
0
0
0
0
0
0
0
0
0
0
0
0
0
0
0
0
0
0
0
0
0
0
0
0
0
0
0
0
0
0
0
0
0
0
0
0
0
0
0
0
0
0
0
0
0
0
0
0
0
0
0
0
0
0
0
0
0
0
0
0
0
0
0
0
0
0
0
0
0
0
0
0
0
0
0
0
0
0
0
0
0
0
0
0
0
0
0
0
0
0
0
0
0
0
0
0
0
0
0
0
0
0
0
0
0
0
0
0
0
0
0
0
0
0
0
0
0
0
0
0
0
0
0
0
0
0
0
0
0
0
0
0
0
0
0
0
0
0
0
0
0
0
0
0
0
0
0
0
0
0
0
0
0
0
0
0
0
0
0
0
0
0
0
0
0
0
0
0
0
0
0
0
0
0
0
0
0
0
0
0
0
0
0
0
0
0
0
0
0
0
0
0
0
0
0
0
0
0
0
0
0
0
0
0
0
0
0
0
0
0
0
0
0
0
0
0
0
0
0
0
0
0
0
0
0
0
0
0
0
0
0
0
0
0
0
0
0
0
0
0
0
0
0
0
0
0
0
0
0
0
0
0
0
0
0
0
0
0
0
0
0
0
0
0
0
0
0
0
0
0
0
0
0
0
0
0
0
0
0
0
0
0
0
0
0
0
0
0
0
0
0
0
0
0
0
0


-0.196
0
1.212
0
-4.573
0
3.139
0
0
1
-2.404
0
5.879
0
-8.69
0
-0.887
0
0.682001
0
-1.89
0
0.076
0
1.665
0
-5.262
0
1.517
1
0.462001
0
2.367
1
-4.599
0
-6.126
0
-0.154
0
3.751
1
0.295001
0
-0.567
1
-9.66
1
2.16
1
3.482
0
-8.982
1
1.561
1
1.704
1
-0.632
1
-2.202
0
-4.596
0
3.574
0
-9.724
0
-7.223
0
-0.847
1
-10.681
0
-3.406
0
-3.254
1
-3.286
0
-4.983
0
-1.912
1
2.773
0
-4.582
1
3.403
1
-0.196
-1.375
0
-1.154
0
-6.074
1
-1.638
0
-1.914
1
0.22
0
-4.635
0
-4.585
0
-8.587
0
-4.908
0
11.056
0
3.258
1
-3.551
1
1.431
1
-1.363
1
-3.745
1
-2.646
1
-1.293
0
0.861
1
5.919
0
1.533
1
1.114
0
3.743
0
-6.505
0
2.165
0
-4.874
0
-15.131
0
9.529
1
0.919
0
-1.696
1
-2.211
1
2.074
1
-1.805
0
-6.632
0
0.488
1
-1.549
0
-7.324
0
-5.655
0
-8.569
0
3.651
1
-6.396
1
-5.797
0
5.784
1
2.814
1
6.8
1
-1.375
12.44
1
8.322
0
-29.658
1
-18.525
0
0.977
1
-1.533
0
-0.991
1
1.596
1
2.84
1
-49.387
1
-37.114
1
0.396
0
-0.186
1
-0.748
1
-5.438
0
-7.813
0
-3.698
1
3.037
0
-7.008
0
2.289
1
8.225
0
4.902
1
6.718
1
-1.951
0
-9.639
0
2.983
1
-3.187
1
-0.73
1
-2.214
1
-4.203
1
2.817
1
-2.365
1
-4.208
1
-4.433
1
-1.934
1
4.969
0
1.622
1
4.129
0
1.058
1
-1.311
0
-1.949
0
2.032
0
-1.755
0
9.716
1
6.059
0
12.44
-20.639
1
0.0849999
1
2.647
1
1.998
1
1.379
0
-7.676
1
-0.965
0
-2.6
0
0.448
0
-0.359
1
1.976
1
-3.261
0
-1.086
0
-4.021
1
-2.951
0
-7.274
1
-1.323
1
-11.084
0
-4.511
1
-3.117
1
-5.33
0
1.011
0
-4.388
0
-0.464
0
-1.805
1
-5.426
1
1.287
0
-1.974
1
-3.423
1
-6.061
0
1.16
0
-1.356
1
-3.323
1
-1.625
1
-5.679
0
6.098
0
-1.766
0
6.027
0
-0.331
1
-4.303
0
-1.828
1
-7.289
0
-6.699
0
-5.636
0
0.409999
1
-20.639
-0.490999
0
0.586
1
10.971
1
0.367
1
0.0179999
0
4.223
1
0.346
0
-1.037
1
-0.344
1
3.862
0
-2.699
1
-4.198
1
-3.31
0
3.764
0
-3.218
0
1.3
0
5.901
1
-4.965
0
-1.927
0
-9.224
0
-3.171
1
4.977
1
-2.241
0
-1.349
0
-3.792
1
1.833
1
-4.001
1
-1.183
0
0.894
0
-7.29
1
-5.265
0
-18.673
1
5.339
0
0.449
1
-4.166
0
-2.178
0
-10.192
1
-11.299
1
-8.464
1
-9.544
0
2.063
1
-5.323
0
5.214
1
3.468
1
-4.387
0
-0.490999
4.924
1
-1.341
0
2.035
1
-11.479
1
2.285
1
-1.491
0
-16.127
0
-2.476
1
-1.901
0
2.47
0
-6.389
0
-5.975
0
2.465
0
-4.795
0
-0.93
1
10.479
1
1.03
0
2.36
1
-10.253
0
-6.476
0
4.067
0
-2.009
1
8.614
1
-3.024
0
-2.212
0
1.508
0
0.397
1
2.555
0
-1.221
0
-10.592
1
-0.815
1
-0.298
0
1.909
1
-7.874
1
2.091
0
1.483
0
10.512
0
1.52
1
4.496
0
-2.376
1
-1.098
0
-3.167
0
3.436
0
0.387
0
2.671
1
4.924
-52.818
0
5.512
0
3.16
1
0.461
0
-6.15
0
5.159
0
-4.69
1
-2.274
0
2.113
0
-4.798
0
2.596
1
-2.819
1
1.876
0
2.358
0
-7.123
0
0.834
1
-3.456
1
-3.887
1
-4.052
1
-2.903
1
-7.252
1
-0.391
0
-4.654
0
0.957
1
-0.734
1
0.629
0
-4.789
1
3.714
1
5.177
1
4.192
0
5.117
0
-4.576
0
-1.119
1
1.534
0
-2.626
1
0.615
1
-3.868
1
-1.161
0
2.185
0
3.607
0
0.594
0
-1.878
0
1.695
1
0.999
0
0.0869999
0
-52.818
-58.18
1
-3.446
0
5.509
0
-13.671
0
-6.892
0
-0.821
1
2.732
1
-0.999
0
-5.42
1
-8.184
1
-5.339
0
-7.96
1
-0.983
0
-9.97
0
-0.994
1
-6.87
1
3.71
1
-0.454
1
0.202
0
6.707
0
-4.919
1
5.516
1
-3.934
0
0.95
1
0.511
0
9.481
1
-1.735
1
0.559
1
-5.78
1
-1.094
1
0.683
0
-2.176
0
-11.561
0
-1.644
1
5.801
0
3.219
1
-5.857
1
0.343
0
-1.883
0
8.735
0
0.719
1
-5.835
1
-2.438
1
1.451
0
-0.108
0
-58.18
-4.489
0
0.451
0
-5.402
1
-1.83
0
-6.83
0
-1.301
0
1.57
1
-4.586
0
-5.218
0
0.702
1
-3.461
0
-9.253
1
0.157
1
3.01
1
2.489
0
-2.486
0
-0.407
1
5.248
0
-3.042
0
3.466
1
-2.45
0
3.013
1
-3.465
1
-7.898
0
0.185999
1
7.752
0
0.395
0
3.009
0
-5.614
1
-12.691
1
-6.157
1
-2.414
0
-2.64
1
2.687
0
-0.898
0
1.359
1
5.8
0
-6.148
0
-6.722
1
-11.066
1
6.657
1
3.443
0
-2.061
0
-3.25
0
-4.375
1
-4.489
-1.931
0
-0.854
0
3.777
1
5.869
1
-5.665
0
-10.255
0
-9.497
0
-5.222
0
3.803
1
-3.556
1
6.71
0
-3.653
1
-8.73
0
-3.856
0
3.028
0
-2.729
0
-1.091
0
1.695
1
-7.982
1
6.017
1
2.268
1
-4.378
1
-1.31
0
-5.299
1
0.368
1
-0.351
0
-4.832
1
-0.388
0
0.1
0
1.203
1
0.394
0
-2.257
1
-4.4
1
-0.552999
1
0.947
1
5.506
0
-3.981
0
0.387
0
-10.719
1
-1.172
1
-0.425
0
-3.256
1
1.974
0
-1.249
1
2.584
1
-1.931


-0.278
0
4.621
1
-0.158
0
-6.543
0
-0.831
0
-0.51
0
-4.61
0
-1.632
0
0.0820001
1
3.373
0
-5.225
0
0.516
0
-0.482
1
6.263
0
0.737
1
1.139
0
-7.033
0
0.781
0
-1.396
0
-6.276
0
-3.626
0
2.714
0
-2.766
0
-3.939
0
-5.669
1
-6.396
1
7.931
0
-3.755
0
-1.177
0
-2.611
0
-0.924
0
-4.363
1
-5.194
0
4.404
1
-0.671
0
-0.207
0
-8.774
0
-4.767
0
-2.685
1
-4.04
1
-8.468
1
-0.307
0
1.874
1
1.854
1
-5.048
1
-0.278
-16.322
0
-1.97
1
-6.955
1
-3.331
1
-4.395
0
3.392
1
-7.664
0
-6.306
1
-0.858
0
-1.895
0
2.698
0
-4.005
1
8.482
0
-6.941
0
-5.171
1
0.398
0
-0.854
0
-4.196
1
0.342
1
-5.376
1
0.0929999
0
-2.297
0
-7.356
0
5.552
1
-1.614
1
0.533
1
7.178
0
1.264
0
-7.057
0
-2.284
1
-10.957
0
-9.068
0
-1.213
1
-0.168
1
0.759
0
-1.784
1
-4.796
1
-4.916
1
6.495
1
-1.89
1
-2.546
1
-5.397
0
1.985
0
2.687
1
-1.573
0
-16.322
7.616
1
2.706
1
0.224
0
0.847
0
-0.823
0
-0.725
0
0.0600001
1
0.0770001
0
-1.642
1
0.419
1
1.163
1
-3.287
1
-6.737
1
1.921
0
3.294
0
3.038
0
2.638
1
-0.126
1
5.239
1
1.431
0
-3.109
0
3.747
0
10.889
0
-0.963
0
-0.684
1
-9.709
1
5.011
1
1.411
1
-4.83
1
3.606
0
2.885
1
-0.868
1
-1.889
1
2.8
1
4.958
0
5.941
1
-2.01
1
-2.787
0
0.406
0
-5.386
1
2.557
0
-4.75
0
-1.083
0
-1.758
1
5.414
1
7.616
-11.169
1
2.705
0
5.731
1
-0.0979998
1
-9.58
0
0.945
1
-10.881
0
-1.884
0
-9.835
1
-1.404
1
-4.073
1
-1.923
0
-3.08
0
2.638
1
-9.645
1
1.707
0
2.399
1
10.946
1
0.401
0
1.664
1
3.567
1
4.557
1
-4.896
0
1.697
0
-2.29
1
-0.269
0
1.844
1
-2.071
0
-14.063
0
0.502
1
-6.09
1
-5.093
1
-13.581
1
-0.447
0
-0.637
0
-0.838
0
-2.266
1
4.899
0
1.781
1
5.273
0
3.512
0
1.199
1
-0.172
0
-2.183
0
-6.209
0
-11.169
-60.203
0
6.321
1
-1.511
0
-0.536
0
2.786
1
3.504
1
0.314
1
-6.499
1
-0.935
1
-1.128
0
-6.382
0
-0.768
1
-16.313
1
-8.946
1
6.42
0
0.89
0
6.307
0
-4.519
1
-0.563
1
-2.702
1
-5.628
0
1.766
0
4.123
1
-2.467
0
6.165
0
-4.229
0
-5.612
0
-0.0269998
1
-5.795
1
-2.287
0
-2.417
1
-2.25
0
-2.928
1
-2.543
1
-3.941
1
-3.582
0
-10.753
0
3.723
0
2.112
1
1.702
1
0.5
0
0.478
0
-1.088
1
3.097
0
-0.152
0
-60.203
3.224
1
9.126
0
-0.472
1
-7.757
1
4.077
0
-5.66
1
-1.038
0
-5.095
0
-6.065
1
-4.853
0
3.99
0
2.45
1
-5.169
1
-2.106
1
2.8
0
-3.55
0
0.688
0
-2.649
1
-1.402
1
-5.871
1
-0.24
0
2.856
1
-4.193
0
5.112
1
1.414
0
-2.952
0
-1.182
1
-12.945
0
-0.349
1
-1.514
1
7.838
1
-6.36
0
-5.896
1
-1.5
1
-2.502
1
5.156
1
-4.1
0
-0.666
0
-4.582
0
-2.815
0
-3.406
1
-1.724
1
0.27
0
-0.372
1
-1.312
1
3.224
3.103
0
-1.287
0
5.399
0
1.136
1
0.217
0
5.48
1
0.538
0
4.969
0
1.298
0
-2.578
1
0.462
1
-5.193
0
-3.36
0
0.28
0
1.444
1
-4.7
0
-0.18
1
1.27
1
0.477
0
0.118
1
2.619
1
1.027
1
-1.926
0
-5.47
0
-0.374
0
-1.535
0
-4.926
0
1.43
1
5.586
1
2.568
0
-2.746
1
3.539
0
2.809
1
4.51
0
-6.067
1
0.194
0
-1.535
0
-0.00199974
1
3.278
0
-3.12
0
0.775
0
-2.269
0
-7.071
0
-4.662
1
-2.605
0
3.103
5.385
1
-2.21
0
-2.189
1
-3.57
1
-6.554
1
2.642
0
-0.681
0
5.898
1
-2.974
1
4.18
0
-0.567
0
9.034
1
0.712
1
-1.651
0
1.748
1
5.426
0
-1.375
0
-1.319
1
2.558
1
-2.589
0
8.192
0
-5.727
0
-3.251
0
2.766
0
-3.244
1
-1.575
0
5.296
1
-3.368
0
-1.674
1
0.99
0
-1.805
0
-1.489
1
2.42
0
-6.74
1
2.228
1
0.656
1
-0.676
0
-1.172
0
-0.447
0
-8.098
0
1.792
1
-6.682
1
-4.273
1
-10.203
1
1.704
1
5.385
0.327001
0
-1.561
1
-1.513
0
-2.763
0
-4.634
0
1.146
1
-8.29
0
-0.104
0
-8.421
1
-0.592
0
0.656
0
6.683
1
1.455
1
0.254
1
-0.738
1
-1.495
1
6.292
0
4.058
1
0.295
1
-3.974
1
-5.592
1
2.005
0
-2.056
0
-5.961
0
4.795
0
3.328
1
10.226
1
0.491
0
-0.672
1
9.637
1
-11.551
1
-0.342
0
-4.498
1
2.24
1
2.422
0
-2.158
0
9.157
0
-0.436
1
3.41
1
-3.76
0
4.263
0
-3.686
0
-5.481
1
-3.345
0
-9.765
0
0.327001
-58.218
0
7.325
0
-2.915
0
-1.424
0
-3.942
1
-0.797
1
3.371
1
2.614
1
-4.384
0
-4.148
1
-0.966
1
7.74
1
-6.554
1
-2.594
0
2.43
0
7.83
1
-1.172
1
-0.378999
0
-8.004
1
3.703
1
-1.423
0
6.159
0
-1.076
0
-1.351
0
-12.567
0
0.442
1
-2.602
1
8.25
0
-0.598
1
-2.881
0
-3.028
1
4.705
0
7.635
0
-2.903
0
-6.105
0
-5.394
1
-4.689
1
8.675
1
3.106
0
3.597
0
5.036
1
3.112
0
-2.502
0
-0.117
0
-3.084
0
-58.218


-9.009
0
-7.701
0
-0.82
0
4.311
1
3.99
0
-2.743
0
1.087
0
1.717
0
3.253
0
-0.246
1
5.392
0
0.0129999
1
-2.36
1
-2.536
1
1.395
0
-1.431
1
-2.694
0
-3.69
0
2.758
0
1.696
1
-1.352
0
-6.297
0
-3.67
1
-5.763
0
-2.687
0
3.412
1
-1.674
0
-1.422
1
-2.441
0
-0.275
0
-0.181
1
0.158999
1
0.0760002
1
-1.012
1
10.358
0
4.138
0
-2.599
1
-0.531
1
1.279
1
-0.805
0
-5.828
1
-2.51
1
-7.944
0
-9.803
0
-0.209
0
-9.009
-18.597
1
0.338
1
-0.311
0
7.412
1
0.172
0
-5.121
1
-2.108
1
-3.118
0
-2.227
1
-2.616
1
-4.262
1
-4.063
0
-5.051
0
-1.113
0
0.499
1
1.585
0
-1.455
1
-0.881
1
-3.58
1
3.158
0
-2.951
1
-8.585
1
-5.002
1
1.55
0
8.838
0
5.569
1
-2.11
1
-1.343
1
-5.031
0
-1.929
0
2.345
0
6.446
0
-7.853
0
3.54
0
-5.402
1
-2.528
1
2.798
1
-5.901
0
4.57
0
0.53
0
1.042
0
4.265
0
-1.66
0
-10.002
1
-7.533
1
-18.597
-5.278
1
-14.036
0
-1.963
1
-5.177
0
-5.627
0
2.898
1
-3.275
0
-0.543
0
0.244
1
-5.63
1
6.661
0
-2.008
1
-5.253
0
-1.989
0
-3.182
1
4.477
1
0.165
0
3.323
1
5.774
1
1.536
0
0.189
0
-3.779
0
1.682
1
-1.839
1
5.808
1
-1.98
0
-5.228
0
-5.014
0
-1.449
1
-2.031
1
-5.744
0
-6.012
0
-4.525
0
-4.948
0
3.458
0
-2.107
0
-1.992
0
-4.588
0
-1.685
0
-5.273
0
5.091
1
4.671
0
-9.994
0
-0.498
1
-6.658
1
-5.278
-19.468
1
-0.85
1
3.545
1
-5.889
1
2.375
1
9.356
0
1.688
0
-1.417
0
-3.429
1
-0.711
0
2.025
1
-1.707
0
-2.533
1
1.082
0
-4.753
1
-0.744
1
1.01
0
1.153
0
0.0340002
0
-8.132
0
-0.879
0
-2.241
0
-3.222
0
2.665
0
0.691
1
-5.379
1
-3.713
1
-0.355
1
1.424
1
8.09
0
-1.62
1
-4.824
1
5.487
0
-0.752
0
-2.13
0
-0.25
0
-3.685
0
-1.202
1
3.788
1
-3.609
0
-0.812999
0
1.758
0
1.071
0
-1.479
1
-0.0210001
0
-19.468
-43.745
0
-2.244
0
9.371
1
-2.24
0
-1.545
0
4.903
1
2.031
0
-10.982
1
1.579
0
-5.571
1
3.44
1
-2.142
1
0.865
0
-0.107
1
2.162
1
-7.934
0
-0.756
1
1.575
0
3.55
1
0.714
1
0.102
1
-5.07
1
-5.677
0
1.013
0
-3.798
0
-1.941
1
-5.61
0
0.357
1
-1.824
0
4.608
1
0.162
0
-0.576
1
9.369
1
2.137
1
-2.368
1
-0.466
1
-3.772
1
2.326
0
-1.365
0
-0.0929998
1
2.934
0
2.564
0
-4.283
0
6.97
1
7.88
0
-43.745
-6.457
0
3.558
0
1.915
0
11.025
1
-1.818
1
-1.672
0
7.72
0
-3.775
1
2.496
0
-0.448
0
-6.639
0
-4.696
0
5.521
1
-1.571
1
-2.508
1
0.983
1
-1.491
1
0.283
0
2.392
0
-2.437
0
-0.701
0
1.395
0
-8.277
1
-0.544
0
-1.079
1
-11.157
1
-1.428
1
0
0
-6.66
0
-0.637
0
3.09
1
-2.456
0
-3.833
1
-4.603
0
0.609
0
2.279
0
4.378
0
3.552
0
1.612
1
-6.493
0
-1.213
1
3.103
0
0.884
1
-2.271
0
0.0200001
1
-6.457
-58.031
0
-2.663
1
0.854
1
1.879
1
2.016
0
2.628
1
13.699
0
-4.817
0
10.297
0
5.121
1
-4.34
0
-6.339
1
-6.391
1
-3.387
0
7.938
0
-8.286
1
1.276
0
0.605
1
0.122
1
6.091
1
-1.343
0
-8.029
0
-2.207
1
0.858
0
-2.801
0
-4.126
0
0.254
1
10.555
0
-11.113
0
4.955
1
4.296
0
-4.487
0
-2.567
1
-7.083
0
1.844
0
2.93
1
2.553
1
-8.488
1
-2.014
1
-2.887
0
-3.673
0
-3.867
1
1.782
1
3.619
0
-3.206
0
-58.031
-7.171
1
-1.874
1
1.614
1
-4.32
0
-6.166
0
-6.239
1
2.147
0
3.149
1
-0.123
1
14.369
0
0.125
1
-4.399
1
1.041
0
0.164
0
5.351
0
-2.693
0
0.746
1
1.219
0
-0.144
1
7.051
0
-6.463
0
3.042
1
-0.111
1
-7.608
1
-2.873
1
-4.803
1
-2.171
0
-3.576
1
-7.534
0
-3.787
1
-12.228
0
1.814
0
9.171
0
6.583
0
0.588
1
3.554
0
4.14
0
5.32
0
-1.352
0
2.544
0
-0.304
1
-3.743
1
4.37
0
1.066
0
-2.165
0
-7.171
-47.851
1
-10.427
0
3.015
1
-1.541
1
-8.743
0
-2.9
0
-2.406
1
-3.217
1
-0.623
1
-6.31
1
3.486
0
-2.019
0
-5.198
1
-4.606
0
-3.836
1
-4.949
1
-9.932
1
-2.916
1
-2.44
1
-2.342
1
-4.72
1
1.684
1
-5.049
1
2.401
0
2.029
0
2.903
0
-1.076
1
-4.608
1
-2.976
1
0.284
1
-1.502
1
1.408
0
-1.638
1
0.789
0
3.645
0
-5.532
0
5.199
0
1.01
1
-2.833
1
-6.988
1
6.151
1
-2.378
1
0.438
1
-5.107
1
-2.908
0
-47.851
-18.039
0
-7.047
1
-0.148
1
-3.049
1
-3.908
0
-6.893
0
-0.978
1
-1.237
1
4.028
0
-1.082
0
2.141
0
6.548
0
-1.108
0
-5.915
1
-2.171
0
5.533
0
7.391
1
-2.098
0
0.888
1
6.222
1
-5.038
1
-3.637
1
-2.105
1
-5.392
0
-2.078
0
4.877
1
-7.035
0
-2.697
1
2.269
1
3.313
1
-3.197
1
-0.559
0
-4.212
1
5.66
1
4.522
1
-1.044
0
-0.199999
0
-4.291
0
2.512
0
0.416
1
0.218
0
-3.16
1
-1.862
0
-1.106
0
-1.774
0
-18.039


-2.455
0
1.48
1
0.02
0
-2.247
0
4.27
0
-0.255
0
-0.135
1
-2.621
0
-2.503
0
-7.929
0
-9.641
1
-12.042
0
-7.06
0
-3.579
1
3.057
0
1.182
0
-4.12
0
0.431
0
4.034
0
4.669
0
-6.694
0
-2.045
0
3.877
0
1.002
0
-0.767
0
15.15
0
-3.308
1
-2.063
0
-3.911
0
1.688
0
-2.714
1
0
0
-0.873999
0
-4.343
0
-1.465
0
3.76
0
-3.781
0
-4.461
0
0.221
0
-4.39
0
-8.228
0
1.459
1
-0.00699997
0
-1.451
0
-2.417
0
-2.455
-3.327
0
2.895
0
-4.513
0
5.887
0
-11.541
0
-10.509
0
-4.726
0
-4.687
0
0
0
5.701
0
1.255
1
-2.842
1
3.984
1
0.248
1
-4.617
0
-1.919
1
-2.189
0
-4.876
0
-0.764
0
0.989
0
1.46
0
1.643
0
4.572
1
0.59
0
-1.704
0
0.471
0
-3.516
0
-0.531
0
-3.621
0
-6.085
0
3.405
0
8.545
0
0.409
0
-1.006
0
-5.455
0
-4.414
0
2.734
0
-0.817
0
-1.892
0
-0.84
0
3.565
0
-8.141
0
-16.813
0
0.00899982
0
7.232
1
-3.327
0.449001
0
1.412
1
-0.429
0
1.511
0
3.905
0
3.767
0
0.382
0
-2.288
1
2.224
0
3.906
0
3.076
0
2.899
1
-6.281
0
0.962
1
-3.132
0
-5.272
0
-0.0129997
0
-0.798
0
2.621
0
2.313
0
1.738
0
-0.557
0
-5.717
0
-4.8
0
0.519
0
-6.512
0
-0.635
0
-7.757
0
-2.456
0
2.099
0
-8.652
0
8.218
0
-4.69
0
9.034
0
1.155
0
9.284
0
1.392
0
2.441
0
-3.519
0
-7.342
1
-0.0569999
0
-7.369
0
-9.101
0
-9.431
0
-1.134
1
0.449001
1.982
0
-3.109
0
-3.817
0
2.073
1
2.815
0
-4.211
1
0.769
0
-6.79
0
1.418
0
1.178
0
2.447
0
4.231
0
-2.356
1
-3.561
0
5.065
1
0
0
-3.581
0
-0.775
0
-2.947
1
0.036
0
-3.191
0
8.935
0
-1.216
0
0.821
1
0.04
1
0.163
0
-3.938
0
-0.685
0
-5.925
0
0.326
0
-0.577001
0
-12.21
0
5.821
1
0
0
-2.932
0
-1.372
0
-0.224
0
-2.951
0
2.688
0
-0.766
0
-2.586
0
6.474
0
0.531
0
2.575
0
-1.156
1
1.982
