

0
0
0
0
0
0
0
0
0
0
0
0
0
0
0
0
0
0
0
0
0
0
0
0
0
0
0
0
0
0
0
0
0
0
0
0
0
0
0
0
0
0
0
0
0
0
0
0
0
0
0
0
0
0
0
0
0
0
0
0
0
0
0
0
0
0
0
0
0
0
0
0
0
0
0
0
0
0
0
0
0
0
0
0
0
0
0
0
0
0
0
0
0
0
0
0
0
0
0
0
0
0
0
0
0
0
0
0
0
0
0
0
0
0
0
0
0
0
0
0
0
0
0
0
0
0
0
0
0
0
0
0
0
0
0
0
0
0
0
0
0
0
0
0
0
0
0
0
0
0
0
0
0
0
0
0
0
0
0
0
0
0
0
0
0
0
0
0
0
0
0
0
0
0
0
0
0
0
0
0
0
0
0
0
0
0
0
0
0
0
0
0
0
0
0
0
0
0
0
0
0
0
0
0
0
0
0
0
0
0
0
0
0
0
0
0
0
0
0
0
0
0
0
0
0
0
0
0
0
0
0
0
0
0
0
0
0
0
0
0
0
0
0
0
0
0
0
0
0
0
0
0
0
0
0
0
0
0
0
0
0
0
0
0
0
0
0
0
0
0
0
0
0
0
0
0
0
0
0
0
0
0
0
0
0
0
0
0
0
0
0
0
0
0
0
0
0
0
0
0
0
0
0
0
0
0
0
0
0
0
0
0
0
0
0
0
0
0
0
0
0
0
0
0
0
0
0
0
0
0
0
0
0
0
0
0
0
0
0
0
0
0
0
0
0
0
0
0
0
0
0
0
0
0
0
0
0
0
0
0
0
0
0
0
0
0
0
0
0
0
0
0
0
0
0
0
0
0
0
0
0
0
0
0
0
0
0
0
0
0
0
0
0
0
0
0
0
0
0
0
0
0
0
0
0
0
0
0
0
0
0
0
0
0
0
0
0
0
0
0
0
0
0
0
0
0
0
0
0
0
0
0
0
0
0
0
0
0
0
0
0
0
0
0
0
0
0
0
0
0
0
0
0
0
0
0
0
0
0
0
0
0
0
0
0
0
0
0
0
0
0
0
0
0
0
0
0
0
0
0
0
0
0
0
0
0
0
0
0
0
0
0
0
0
0
0
0
0
0
0
0
0
0
0
0
0
0
0
0
0
0
0
0
0
0
0
0
0
0
0
0
0
0
0
0
0
0
0
0
0
0
0
0
0
0
0
0
0
0
0
0
0
0
0
0
0
0
0
0
0
0
0
0
0
0
0
0
0
0
0
0
0
0
0
0
0
0
0
0
0
0
0
0
0
0
0
0
0
0
0
0
0
0
0
0
0
0
0
0
0
0
0
0
0
0
0
0
0
0
0
0
0
0
0
0
0
0
0
0
0
0
0
0
0
0
0
0
0
0
0
0
0
0
0
0
0
0
0
0
0
0
0
0
0
0
0
0
0
0
0
0
0
0
0
0
0
0
0
0
0
0
0
0
0
0
0
0
0
0
0
0
0
0
0
0
0
0
0
0
0
0
0
0
0
0
0
0
0
0
0
0
0
0
0
0
0
0
0
0
0
0
0
0
0
0
0
0
0
0
0
0
0
0
0
0
0
0
0
0
0
0
0
0
0
0
0
0
0
0
0
0
0
0
0
0
0
0
0
0
0
0
0
0
0
0
0
0
0
0
0
0
0
0
0
0
0
0
0
0
0
0
0
0
0
0
0
0
0
0
0
0
0
0
0
0
0
0
0
0
0
0
0
0
0
0
0
0
0
0
0
0
0
0
0
0
0
0
0
0
0
0
0
0
0
0
0
0
0
0
0
0
0
0
0
0
0
0
0
0
0
0
0
0
0
0
0
0
0
0
0
0
0
0
0
0
0
0
0
0
0
0
0
0
0
0
0
0
0
0
0
0
0
0
0
0
0
0
0
0
0
0
0
0
0
0
0
0
0
0
0
0
0
0
0
0
0
0
0
0
0
0
0
0
0
0
0
0
0
0
0
0
0
0
0
0
0
0
0
0
0
0
0
0
0
0
0
0
0
0
0
0
0
0
0
0
0
0
0
0
0


-93.638
1
-0.57
0
-3.208
0
-3.939
1
6.952
0
-0.864
0
5.301
0
-9.997
0
-10.302
1
-2.722
1
-0.919
0
7.134
1
2.872
0
-3.086
1
6.7
0
4.945
1
3.044
1
5.089
0
-0.609
1
-2.584
0
10.451
1
-4.598
0
-0.489
0
-7.458
1
-8.298
0
0.383
1
5.29
1
0.888
0
-5.284
1
-2.933
1
2.635
1
0.577
0
0.84
0
-5.364
1
-3.162
0
4.808
1
2.519
0
-6.64
1
-1.218
1
-5.881
1
-11.915
1
-0.434
0
-3.195
0
-5.108
0
-0.293
0
-93.638
-13.645
0
2.698
1
-7.721
1
-10.283
1
2.85
0
-0.401
1
-7.16
1
2.432
0
-2.907
1
10.917
0
-1.522
0
-9.765
1
-8.622
1
8.353
1
-4.868
1
4.27
1
-0.594
1
-4.446
0
0.928
1
3.871
1
-1.229
1
-6.078
0
-1.645
0
-3.643
0
-4.854
1
-1.446
0
6.925
1
-3.84
1
-3.265
0
-8.577
0
-3.042
1
0.432
0
2.506
1
1.861
0
-1.811
0
-4.337
0
6.586
1
3.63
1
0.95
1
-3.443
1
-0.185
1
-3.431
0
8.024
1
-9.648
1
10.093
1
-13.645
-1.038
0
-4.614
0
-8.283
1
-3.29
0
0.968
0
-3.011
1
-3.537
0
6.331
1
-2.143
0
4.259
0
-1.089
1
-4.325
1
-1.83
0
-2.115
1
-0.632
1
-4.284
0
4.451
1
-5.518
1
-8.972
0
-3.837
0
0.675
1
-1.783
0
-8.017
0
-9.202
0
-2.944
0
0.257
0
-6.791
1
9.045
1
3.664
1
2.511
1
1.287
1
8.993
1
0.0850001
0
-3.797
1
-4.97
0
1.645
1
1.433
0
2.448
0
6.486
1
-5.484
1
-12.119
1
-3.217
0
-4.118
0
-5.286
1
4.592
1
-1.038
-71.191
0
-7.923
0
-8.56
1
1.54
0
3.46
0
4.137
0
-5.422
0
-0.808
1
1.637
0
6.905
1
-1.219
1
-4.537
1
-7.695
0
6.746
1
1.794
0
-7.544
1
2.428
1
-1.742
1
-3.494
0
10.57
0
4.962
0
-5.528
0
-0.149
0
-1.59
1
-3.63
1
-7.531
1
4.858
0
-0.291
0
-8.044
0
-0.768
1
-3.919
1
0.791
0
-0.247
1
-5.985
1
-1.23
1
-6.527
1
1.922
0
-4.729
1
-1.422
0
-3.189
1
-2.973
0
-1.028
1
2.829
1
0.632
1
3.281
0
-71.191
-11.782
0
-3.343
0
-5.504
1
-1.468
0
1.422
0
-1.17
0
-11.945
0
-0.608
0
3.517
0
3.321
0
-0.604
0
-6.976
0
5.259
1
-0.572
1
11.719
1
3.645
0
7.167
0
-2.086
0
-4.586
0
0.856
0
-1.995
1
3.201
1
0.802
1
0.344
0
-1.575
0
-1.25
0
-1.306
0
-7.254
0
-1.788
0
-5.889
1
3.901
0
3.238
1
0.563
1
-2.937
0
-10.037
0
-1.629
1
-4.769
0
-2.352
0
-3.149
0
-3.727
1
3.092
1
-4.058
0
-1.727
1
-10.732
0
9.468
1
-11.782
-69.283
0
-3.063
1
0.772
1
-3.33
0
-8.108
0
1.714
1
-6.091
1
13.051
1
-3.232
0
-0.377
1
-0.421
0
1.688
1
1.661
0
-1.221
0
-1.754
1
9.685
0
-3.132
0
1.793
0
-8.17
1
-2.832
1
8.665
0
4.027
0
2.003
1
-5.325
1
2.027
1
4.95
0
8.158
1
1.517
1
-3.761
0
0.499
1
2.181
1
-1.191
1
-2.47
1
-3.433
1
-1.316
1
5.297
1
-2.838
0
-2.226
0
-3.07
0
2.386
0
-7.546
0
0.321
0
-8.357
1
-2.814
0
-1.16
0
-69.283
30.674
1
-7.752
1
1.017
0
-0.369
1
0.976
1
-11.483
1
4.713
1
-14.659
0
-3.251
0
-5.803
1
-2.589
0
-4.06
1
0.638
1
9.648
0
0.605
1
-6.41
0
-3.782
0
3.743
0
-1.254
1
-12.707
0
-7.266
0
2
1
-0.741
0
-6.365
1
-1.353
0
-7.477
1
3.875
0
2.925
0
9.639
0
1.442
0
-1.391
0
-2.939
0
-2.55
1
-5.504
0
5.252
0
-2.535
1
3.407
1
8.073
1
2.903
0
5.066
0
1.389
1
-4.075
0
2.516
1
-0.238
0
-2.334
0
30.674
-64.075
1
-4.963
0
1.241
0
-7.651
0
4.455
0
-9.159
0
-6.383
1
0.0940001
0
0.0309998
0
-2.405
1
-8.071
1
-3.146
1
4.327
1
-2.231
0
-8.663
0
-1.2
1
-2.33
0
7.378
0
3.103
0
6.481
0
1.903
0
-5.087
0
4.862
1
3.502
1
2.377
1
1.834
0
-2.689
1
4.777
0
6.353
0
-0.927
1
8.197
1
-6.021
1
-1.053
1
-2.116
0
10.634
0
-3.188
1
-8.662
0
2.379
0
-0.214
0
-10.965
1
-4.35
1
0.317
1
-1.596
0
4.393
1
-4.213
0
-64.075
-40.431
0
4.07
1
5.884
1
-9.629
0
1.509
0
-5.812
1
1.179
1
-8.675
1
4.784
0
-3.891
0
-2.989
0
0.466
1
0.516
0
1.308
0
1.181
0
-7.064
1
-3.381
0
-5.421
0
-11.491
1
-1.665
1
0.795
1
-4.223
0
-5.874
1
-4.528
1
-5.866
0
9.196
0
-2.537
1
-7.388
0
-7.789
0
-0.132
0
7.695
0
-3.923
1
-6.421
1
-0.471
0
-0.458
1
2.12
0
9.274
0
-8.844
1
-1.076
0
-4.54
0
0.863
1
2.154
0
-0.280999
1
-0.025
1
0.061
1
-40.431
-31.987
1
3.61
0
1.267
1
6.646
0
-10.418
0
5.802
0
-23.326
0
3.223
0
-0.853
1
0.496
1
-1.848
0
5.346
1
-5.375
1
-1.717
1
3.729
0
4.355
0
-8.997
1
-1.553
1
3.977
1
-4.657
1
-2.564
1
-4.738
1
8.226
0
5.771
1
-0.996
1
-5.064
0
1.535
1
0.0880002
0
1.389
1
-11.596
0
-3.996
0
10.599
1
-0.381
0
3.11
0
-5.207
1
0.961
1
2.256
0
2.985
1
-10.663
0
3.136
1
-7.418
0
-9.125
1
0.621
0
7.328
1
1.407
0
-31.987


-17.75
1
1.516
0
1.873
1
8.267
0
-0.372
1
-5.49
0
4.327
1
-4.988
0
-6.997
1
2.395
1
-4.514
0
-0.798
0
-1.411
1
-1.017
0
-8.043
0
1.376
0
-3.8
1
-5.502
0
2.229
0
1.795
1
-1.183
0
-12.752
0
-1.558
0
9.289
1
-1.302
1
-0.408
1
-1.388
0
1.215
1
0.428
1
-5.909
0
1.072
0
-2.613
1
-0.779
0
-0.749
1
-9.487
0
-0.988
1
4.272
0
5.172
0
-0.00399991
0
-5.238
1
-1.026
1
-5.198
1
-0.895
1
-1.419
0
-0.569
1
-17.75
-18.278
0
-0.0960003
1
-0.389
1
3.863
1
-6.548
0
11.242
1
4.699
0
-2.889
1
-4.708
0
-1.144
0
-0.23
1
-0.944
0
2.107
0
-4.267
1
-3.579
1
-7.446
1
2.302
0
-7.028
0
-1.742
0
-0.118
0
3.64
0
4.032
1
-1.169
1
-1.322
1
0.223
0
-3.158
0
0.628
0
-1.57
0
-2.672
0
-8.353
1
1.034
0
-5.859
1
-3.42
1
-6.525
1
0.0640004
1
6.245
0
-0.932
0
0.677
1
-3.718
1
5.058
1
-0.518
1
4.621
0
-8.48
0
-1.984
1
-4.987
1
-18.278
15.734
0
0.123
0
3.823
0
1.781
1
-1.895
1
-0.72
1
-0.00700004
0
0.708
1
-1.686
1
-2.025
0
7.816
0
5.301
1
-4.7
0
5.597
0
0.18
1
0.407
1
-0.0179999
1
3.39
0
2.247
0
-1.521
1
-0.218
0
0.935
1
-0.14
1
-1.138
1
0.601
0
2.752
1
7.954
1
-0.769
1
3.314
0
-12.946
1
1.214
1
-1.073
1
-3.357
1
-3.672
0
8.589
1
-3.023
0
0.544
0
1.316
1
3.858
0
-3.504
0
-0.62
1
-0.00800025
0
-4.236
0
1.316
0
-0.917
0
15.734
-53.572
1
-3.878
1
1.656
1
2.061
0
7.308
1
2.403
0
2.155
1
-3.115
1
-11.353
1
-1.659
0
-3.222
1
3.18
1
-4.055
1
4.57
0
-0.487
1
-2.786
0
-2.732
0
1.273
0
-1.163
1
7.366
1
2.014
1
-9.944
1
-0.614
0
-10.192
0
5.755
0
4.782
1
2.816
1
4.23
1
-3.615
1
-1.516
1
-0.376
1
-0.333
0
-7.73
0
8.019
0
4.822
0
-2.712
1
3.298
0
2.512
1
5.715
0
0.902
1
1.679
0
-7.766
0
-3.198
0
4.48
1
0.718
0
-53.572
-13.05
1
4.77
0
-7.376
0
2.714
0
1.301
0
-13.941
1
-11.157
1
-4.134
1
-10.257
1
-13.703
1
-1.159
1
-5.518
0
-3.926
1
-0.0389998
1
-3.736
0
-2.087
0
2.461
1
2.877
0
0.491
1
-6.972
0
-3.219
1
-10.38
1
0.524
0
-0.151
1
2.347
1
-2.714
0
-2.006
1
1.272
1
-6.009
0
-3.226
0
1.999
0
-2.374
0
3.496
0
7.775
0
1.938
0
4.029
1
2.098
0
-4.804
1
-0.409
0
-3.756
1
2.008
1
-4.453
0
-5.967
1
4.56
1
-4.514
0
-13.05
-105.086
0
-3.957
0
-3.531
0
0.234
0
-1.316
0
1.351
0
-3.425
0
-3.381
0
-5.944
0
0.804
0
-0.387
1
-10.279
0
2.839
0
3.815
0
-1.276
0
-2.567
0
-2.1
1
-2.941
1
2.669
1
-0.84
0
-5.318
1
-7.317
0
-3.182
0
-1.678
1
-4.509
1
7.608
1
8.046
1
-3.125
0
-3.838
1
-3.978
1
-4.29
0
-4.733
1
-7.437
1
-3.035
1
-5.072
1
0.209
0
1.978
0
-1.144
1
8.787
1
0.98
1
0.0550001
0
6.079
0
-1.118
0
-0.998
1
0.0620002
1
-105.086
-26.878
1
-5.858
1
-2.539
1
-2.823
0
-1.779
1
-1.887
1
2.087
0
-4.043
1
0.759
0
-8.484
1
-2.809
1
-5.616
0
-5.847
1
9.226
1
-0.0159999
0
1.13
1
-6.308
1
-7.686
0
5.622
1
-0.804
0
-0.273
0
-0.494
0
2.807
1
0.623
1
1.547
0
-0.702
0
2.912
1
1.678
0
-7.681
1
2.187
0
-3.972
0
-0.609
0
1.541
1
-7.857
0
5.441
1
-0.0490001
1
-4.054
1
6.697
0
-12.847
1
-3.077
0
1.732
1
-2.428
0
1.898
0
5.366
0
-5.783
1
-26.878
-78.085
0
0.338
1
3.072
0
-4.158
1
-1
1
-11.712
0
2.128
0
-0.129
0
-7.086
1
-0.33
0
1.713
0
0.744
1
-6.141
1
-3.09
1
-1.558
1
-1.92
0
-5.352
0
1.86
1
0.237
0
-7.415
0
4.521
1
-1.327
0
1.468
1
3.967
1
0.862
1
-6.801
0
-1.889
0
-9.075
0
-8.154
0
-10.618
0
5.788
0
2.318
1
-3.571
1
1.135
0
-2.206
1
0.998
1
-7.191
1
2.559
1
1.749
1
0.873
0
-0.263
1
-9.293
0
-3.736
1
5.975
1
0.835
0
-78.085
-68.052
0
-4.264
1
-3.926
1
-4.74
1
-1.758
0
10.945
1
-8.596
1
-4.236
1
-2.116
1
6.499
0
0.256
1
5.087
1
-7.184
1
-5.888
0
-3.586
1
-2.871
0
-2.125
0
-9.254
1
8.48
1
4.316
1
-6.832
1
-4.928
0
-0.261
0
-2.838
1
1.903
1
0.849
0
0.411
1
4.123
0
3.443
0
-1.39
0
0.243
0
-3.071
0
-7.46
1
1.763
0
3.525
1
0.406
1
2.807
0
1.899
0
2.772
1
8.177
0
-0.0750001
1
-2.192
0
3.949
1
-3.406
0
-7.194
0
-68.052
-23.754
0
-0.949
1
-4.138
0
-0.526
1
-6.13
0
-1.761
1
6.082
0
5.666
0
1.753
1
1.394
0
-8.32
0
-2.42
1
-0.941
1
-5.316
1
-2.914
0
3.367
0
-3.602
0
5.519
1
3.681
0
0.129
0
1.197
1
-1.709
1
0.35
0
-5.445
0
-0.645
1
-3.241
0
3.061
0
-2.776
0
-11.37
0
2.16
0
-0.606
0
-4.463
0
-0.241
1
0.277
0
-0.764
0
3.351
1
-0.581
0
3.568
1
5.231
1
-14.699
1
-4.423
1
3.108
0
-4.3
0
-0.661
0
5.489
0
-23.754


2.101
0
8.98
1
1.337
0
-11.527
1
-6.714
1
-0.845
0
1.029
1
1.582
1
-4.888
0
-0.219
0
-5.477
1
-8.587
0
-0.346
0
-1.791
0
0.126
1
-5.605
0
-7.303
0
3.616
1
-7.593
1
-7.022
0
-8.726
1
-3.021
1
-2.89
1
5.567
0
-0.741
0
3.468
0
-6.03
1
5.864
0
-1.48
0
4.163
0
8.509
1
7.981
1
-0.58
1
-0.792
0
10.748
0
3.584
1
-1.17
1
-0.393
0
1.491
1
2.606
1
-4.588
0
-3.322
1
3.538
0
8.017
0
-7.233
1
2.101
-27.65
0
-2.88
1
3.013
0
3.897
1
-1.225
1
2.04
1
-1.779
0
1.836
0
2.754
0
-7.818
0
0.308
0
-1.588
1
4.685
0
-3.152
1
10.192
1
-6.828
1
-4.389
1
-6.331
1
1.447
0
-2.435
1
-5.609
1
-3.046
1
-1.078
0
0.114
0
-1.153
0
-0.529
0
1.782
1
2.848
1
-9.208
1
4.174
0
1.678
0
0.764
0
-3.47
1
2.635
0
6.307
0
-5.631
0
-0.819
1
-0.0200001
1
-8.18
1
-5.849
1
-3.516
0
0.374
1
-0.112
0
-2.032
0
-2.812
1
-27.65
-36.648
0
-7.281
1
-3.597
0
-8.035
1
-5.744
0
3.683
0
-1.518
0
-7.379
1
-3.919
1
-1.381
1
-0.894
1
-6.343
1
-1.868
1
2.403
0
-5.77
0
-5.234
1
9.37
0
3.178
0
2.322
0
1.445
1
10.709
1
4.592
0
-2.775
1
0.253
0
0.978
0
-0.54
0
-7.084
0
0.944
0
6.965
0
2.01
1
-5.149
1
-0.865
0
-1.274
1
-4.788
0
-3.184
1
-2.75
1
5.169
1
-2.409
0
1.657
1
-2.961
1
-4.271
0
-0.436
1
-1.473
1
-0.016
0
3.268
0
-36.648
17.974
0
-3.187
0
-0.443
0
-5.391
0
-1.983
0
6.829
1
2.49
0
-2.03
1
-8.23
1
-4.269
0
-0.686
0
4.713
1
1.097
1
1.632
0
-8.618
0
1.867
1
0.869
1
-0.464
1
-0.294
1
-0.539
1
-3.058
0
1.531
0
-4.395
1
4.822
0
-1.056
1
-1.941
1
1.396
0
0.209
0
-0.954
1
6.143
0
3.377
0
2.794
1
6.695
0
-0.255
1
-8.731
0
5.05
1
1.48773e-07
1
5.551
1
-4.233
0
-2.129
1
-10.043
0
-2.094
1
0.53
1
4.246
1
3.916
1
17.974
12.794
1
-2.026
1
6.743
0
-2.563
1
6.241
0
-2.414
0
-1.447
1
-3.604
1
-0.25
1
2.923
0
-1.639
0
2.377
1
1.627
0
6.357
1
2.474
0
2.035
0
-0.464
0
1.665
1
0.868
1
1.982
0
10.306
0
2.978
0
1.363
0
-8.222
0
0.782
1
9.407
1
1.496
1
1.667
1
-0.227
0
-1.906
1
0.628
1
-2.109
1
3.572
1
-5.082
0
-7.523
1
-3.661
0
-1.087
0
1.225
0
1.884
1
-4.814
0
-0.924
1
-2.832
1
1.379
1
5.495
1
2.026
0
12.794
-3.477
1
-3.636
1
-0.192
0
-2.755
1
-1.741
0
-0.556
1
-0.616
0
-7.339
1
-10.694
0
-4.519
1
-2.329
1
-0.0950002
0
0.371
0
0.045
0
-4.521
1
-4.167
1
-0.309
0
-1.498
0
-3.259
1
-3.618
1
-0.783
0
-5.225
1
-3.938
1
-6.416
0
4.901
1
0.62
1
2.662
0
-1.755
1
6.544
0
-0.215
0
-1.753
1
5.931
1
-8.343
0
-1.172
0
1.944
1
-4.774
1
-7.592
1
4.795
0
-0.91
1
1.927
0
3.404
0
-7.992
0
-1.048
0
5.851
0
-6.873
0
-3.477
-19.466
1
0.955
0
-5.095
0
-7.127
1
2.238
1
-4.802
0
-4.035
0
-4.75
1
-7.089
1
-2.487
0
0.581
1
-1.298
1
5.537
0
-0.611
1
11.202
1
6.212
1
0.0479999
1
2.323
1
-2.488
0
-2.333
0
2.332
0
1.044
1
-5.313
0
-4.346
0
6.126
1
-2.077
1
7.058
0
-4.8
0
-5.83
0
-3.531
1
0.984
0
-4.805
0
-1.455
1
6.763
0
-0.446
0
-1.391
1
-2.362
0
-5.369
1
-4.979
0
1.278
1
3.576
1
-0.377
1
-2.197
1
-0.411
1
-4.383
0
-19.466
-41.047
0
5.555
0
5.155
0
-7.338
0
-1.037
1
4.311
1
5.559
1
-6.991
1
-3.611
1
-3.582
0
5.625
0
-1.46
1
-8.163
0
8.82
0
6.067
1
0.893
1
5.477
1
1.666
0
-4.659
1
0.675
0
-1.805
1
1.273
0
-7.735
0
-1.34
0
4.791
0
3.507
0
1.87
1
1.448
1
-1.967
1
-3.647
1
-0.793
1
-7.533
1
-3.967
1
-1.488
1
-11.113
0
1.465
0
-1.245
0
-4.049
0
2.341
1
4.745
1
-0.299
1
0.231
0
5.599
1
-4.905
0
-4.143
1
-41.047
-72.831
1
-1.002
1
3.215
0
-8.711
0
1.732
0
-1.394
0
-1.389
1
-3.716
1
0.541
1
-2.057
0
1.802
1
0.237
1
4.249
1
-1.462
1
2.616
1
-2.947
1
6.758
0
-1.156
1
6.836
0
-4.047
1
2.464
0
-2.662
1
4.418
0
5.442
0
-3.252
1
3.164
1
8.562
0
-4.38
0
-0.187
0
-3.903
0
0.354
0
-8.048
0
-1.875
1
-1.041
0
2.903
0
-4.344
1
0.431
0
-2.451
0
-2.109
1
5.671
0
-0.608
0
-4.093
1
-2.912
1
3.175
1
2.632
0
-72.831
-56.371
0
-2.87
1
2.473
1
2.225
1
-2.452
0
-11.833
1
0.656
0
4.506
0
-5.406
1
0.193
0
-1.283
0
-6.735
1
-7.607
0
-0.883
1
-6.648
0
4.146
1
-1.553
0
0.659
0
-4.034
0
2.105
0
9.784
0
-3.175
0
6.608
1
-5.8
1
-0.671
1
-7.145
1
3.037
0
-7.723
0
4.714
1
-5.735
1
0.172
1
1.978
0
-2.483
1
-7.83
0
8.116
0
-5.84
0
-11.851
1
-2.43
1
-3.337
1
-5.73
0
0.112
1
-3.451
0
-3.046
0
1.2
1
2.755
1
-56.371


3.231
0
-1.666
0
3.006
0
5.998
1
0.463
0
-2.35
1
-7.703
0
-1.983
0
2.936
0
-0.549
0
-0.126
1
-0.933
0
-3.33
1
-3.807
1
-3.061
0
-15.173
0
-13.256
0
-6.166
1
-0.76
0
-3.771
0
-5.208
1
2.759
0
2.058
0
0.356
0
0.565
0
1.031
0
2.035
0
3.098
0
-9.576
0
8.784
0
-3.272
1
1.093
1
-0.554
0
-3.286
0
3.391
0
-1.405
1
-1.167
1
0.629
1
1.7
1
0.255
1
3.719
0
-0.0310001
1
-0.761
1
5.3
0
-12.278
0
3.231
-3.199
0
4.372
0
-4.205
0
-2.677
0
-0.451
0
-1.984
0
-2.712
1
1.308
1
0.075
0
-0.903
0
-2.18
1
-1.257
1
0.794
1
-7.639
1
-1.423
0
0.242
0
1.247
0
-7.626
0
-10.649
0
2.468
0
-1.835
0
-5.376
0
-3.02
0
0.872
0
-7.372
0
-5.197
1
-1.56
1
-1.498
0
3.596
0
3.908
0
-5.266
0
0.541
0
1.745
1
-1.79
1
0.448
0
-2
0
7.147
0
-5.048
0
-0.266
0
-7.565
0
3.044
0
2.125
0
-2.531
0
-0.19
0
-4.458
0
-3.199
-1.61
0
-2.821
1
0.175
1
3.347
0
4.759
1
2.119
0
-4.445
0
-4.294
0
-4.931
1
4.059
0
-6.352
1
-6.114
0
0.589
1
-5.467
1
-0.908
0
-4.106
0
-1.104
1
2.699
1
-2.661
0
3.326
0
3.944
0
-12
0
-1.107
0
2.179
0
4.997
0
-0.759
0
-0.285
1
1.158
0
-5.252
0
3.204
0
-0.00400019
0
1.3
0
0.814
0
-4.188
1
1.619
0
-8.241
0
-7.35
0
5.29
1
1.351
0
-1.615
0
-0.358
0
-0.372
0
5.74
0
2.333
1
0
0
-1.61
-1.055
0
-4.429
0
-5.076
1
-0.501
0
-1.496
1
1.143
1
0.76
0
-2.164
1
8.076
0
-4.34
0
-8.068
0
-1.399
1
2.648
0
4.391
1
0.624
0
1.313
0
-13.39
1
-2.844
0
-0.798
0
-5.243
0
3.395
0
-9.579
0
1.7
1
0
0
0.957
1
2.156
0
-8.58
1
-0.225
0
2.321
0
-3.677
0
3.481
0
3.612
0
-0.686
0
-0.69
0
4.377
1
2.935
0
-4.017
0
0.617
0
-1.12
0
-3.997
0
-9.36
0
2.134
0
-11.07
0
-4.128
0
-4.628
0
-1.055
