

0
0
0
0
0
0
0
0
0
0
0
0
0
0
0
0
0
0
0
0
0
0
0
0
0
0
0
0
0
0
0
0
0
0
0
0
0
0
0
0
0
0
0
0
0
0
0
0
0
0
0
0
0
0
0
0
0
0
0
0
0
0
0
0
0
0
0
0
0
0
0
0
0
0
0
0
0
0
0
0
0
0
0
0
0
0
0
0
0
0
0
0
0
0
0
0
0
0
0
0
0
0
0
0
0
0
0
0
0
0
0
0
0
0
0
0
0
0
0
0
0
0
0
0
0
0
0
0
0
0
0
0
0
0
0
0
0
0
0
0
0
0
0
0
0
0
0
0
0
0
0
0
0
0
0
0
0
0
0
0
0
0
0
0
0
0
0
0
0
0
0
0
0
0
0
0
0
0
0
0
0
0
0
0
0
0
0
0
0
0
0
0
0
0
0
0
0
0
0
0
0
0
0
0
0
0
0
0
0
0
0
0
0
0
0
0
0
0
0
0
0
0
0
0
0
0
0
0
0
0
0
0
0
0
0
0
0
0
0
0
0
0
0
0
0
0
0
0
0
0
0
0
0
0
0
0
0
0
0
0
0
0
0
0
0
0
0
0
0
0
0
0
0
0
0
0
0
0
0
0
0
0
0
0
0
0
0
0
0
0
0
0
0
0
0
0
0
0
0
0
0
0
0
0
0
0
0
0
0
0
0
0
0
0
0
0
0
0
0
0
0
0
0
0
0
0
0
0
0
0
0
0
0
0
0
0
0
0
0
0
0
0
0
0
0
0
0
0
0
0
0
0
0
0
0
0
0
0
0
0
0
0
0
0
0
0
0
0
0
0
0
0
0
0
0
0
0
0
0
0
0
0
0
0
0
0
0
0
0
0
0
0
0
0
0
0
0
0
0
0
0
0
0
0
0
0
0
0
0
0
0
0
0
0
0
0
0
0
0
0
0
0
0
0
0
0
0
0
0
0
0
0
0
0
0
0
0
0
0
0
0
0
0
0
0
0
0
0
0
0
0
0
0
0
0
0
0
0
0
0
0
0
0
0
0
0
0
0
0
0
0
0
0
0
0
0
0
0
0
0
0
0
0
0
0
0
0
0
0
0
0
0
0
0
0
0
0
0
0
0
0
0
0
0
0
0
0
0
0
0
0
0
0
0
0
0
0
0
0
0
0
0
0
0
0
0
0
0
0
0
0
0
0
0
0
0
0
0
0
0
0
0
0
0
0
0
0
0
0
0
0
0
0
0
0
0
0
0
0
0
0
0
0
0
0
0
0
0
0
0
0
0
0
0
0
0
0
0
0
0
0
0
0
0
0
0
0
0
0
0
0
0
0
0
0
0
0
0
0
0
0
0
0
0
0
0
0
0
0
0
0
0
0
0
0
0
0
0
0
0
0
0
0
0
0
0
0
0
0
0
0
0
0
0
0
0
0
0
0
0
0
0
0
0
0
0
0
0
0
0
0
0
0
0
0
0
0
0
0
0
0
0
0
0
0
0
0
0
0
0
0
0
0
0
0
0
0
0
0
0
0
0
0
0
0
0
0
0
0
0
0
0
0
0
0
0
0
0
0
0
0
0
0
0
0
0
0
0
0
0
0
0
0
0
0
0
0
0
0
0
0
0
0
0
0
0
0
0
0
0
0
0
0
0
0
0
0
0
0
0
0
0
0
0
0
0
0
0
0
0
0
0
0
0
0
0
0
0
0
0
0
0
0
0
0
0
0
0
0
0
0
0
0
0
0
0
0
0
0
0
0
0
0
0
0
0
0
0
0
0
0
0
0
0
0
0
0
0
0
0
0
0
0
0
0
0
0
0
0
0
0
0
0
0
0
0
0
0
0
0
0
0
0
0
0
0
0
0
0
0
0
0
0
0
0
0
0
0
0
0
0
0
0
0
0
0
0
0
0
0
0
0
0
0
0
0
0
0
0
0
0
0
0
0
0
0
0
0
0
0
0
0
0
0
0
0
0
0
0
0
0
0
0
0
0
0
0
0
0
0
0
0
0
0
0
0
0
0
0
0
0
0
0
0
0
0
0
0
0
0


-0.196
0
-0.877
0
-3.661
0
-0.7
0
-2.91
1
-2.404
0
3.593
0
-9.629
0
-0.877
0
-2.911
0
0.423
0
-0.807
1
0.699
0
-5.601
0
0.214
0
-3.409
1
1.843
0
-4.314
1
-3.902
0
2.983
1
3.415
1
-1.954
0
-5.774
1
-11.17
0
-0.467
1
3.482
1
-12.891
0
2.843
0
1.846
1
-1.716
1
-1.77
0
-3.961
1
2.019
1
-6.511
1
-5.774
0
-1.755
0
-9.351
1
-1.83
0
-3.698
0
-1.531
1
-3.723
1
-1.213
1
2.773
1
-5.094
1
7.237
1
-0.196
-1.37
0
-3.597
0
-5.979
1
-1.638
0
-2.021
1
0.22
0
-3.332
0
-5.095
0
-9.636
0
-8.737
0
10.908
0
-0.0960001
1
-3.551
1
1.222
1
-3.734
1
-4.426
0
-3.126
0
-1.336
0
3.119
0
0.207
1
-1.477
0
-0.976
1
5.065
1
-4.03
0
4.691
0
-5.473
0
-19.512
1
3.637
0
1.424
0
-0.693
0
-4.597
0
3.551
1
1.87
1
-8.372
1
-4.151
1
1.02
1
-4.664
1
-3.599
1
-6.66
0
4.699
1
-3.089
0
-5.295
1
7.953
0
-1.791
1
4.698
1
-1.37
17.874
1
14.701
0
-33.258
1
-18.064
0
-0.114
1
-1.533
0
-3.242
1
1.657
0
2.84
1
-67.369
0
-44.656
0
4.777
0
-0.854
1
1
1
-7.462
0
-6.091
1
-7.006
1
5.212
0
-9.526
0
8.975
0
8.926
1
6.862
1
5.465
0
-2.308
1
-8.334
1
2.835
0
-4.779
0
-4.785
0
-2.214
0
-7.082
0
4.498
0
-2.365
0
-5.252
0
-5.297
1
-8.412
0
9.082
0
-0.0679997
0
4.622
1
3.212
0
-2.948
0
-2.993
1
4.91
1
-2.288
1
13.263
0
0.931
0
17.874
-20.771
1
0.0849999
1
2.647
1
1.998
1
1.38
0
-10.815
1
-0.863
0
-2.6
1
0.558
0
1.208
1
1.976
1
-3.485
1
-1.086
0
-4.642
1
-2.708
1
-8.502
1
-0.579
1
-12.391
1
-0.429
1
-4.571
1
-5.01
1
1.011
0
-4.388
0
-3.304
0
-2.81
1
-3.334
0
0.311
1
-1.974
0
-1.028
1
-8.551
1
4.267
0
1.404
0
-2.998
0
0.539001
0
-4.702
0
4.439
0
-4.181
0
6.027
1
0.436
0
-2.52
0
-3.473
1
-8.42
0
-5.73
0
-7.869
0
0.409999
1
-20.771
-0.521999
0
0.864
1
10.705
1
0.367
1
0.0179999
0
5.642
1
0.377
0
0.709
1
-0.344
1
4.422
0
-7.381
1
-6.345
1
-5.862
0
0.599
1
-3.622
0
2.131
1
7.609
0
-9.849
0
-2.136
0
-9.62
0
5.339
1
3.295
1
-0.503
1
-3.717
0
-3.792
0
1.121
1
-4.001
1
0.613
0
-3.762
1
-8.356
1
-5.265
0
-16.18
1
1.147
1
3.43
1
-3.415
0
-0.951
1
-9.597
1
-15.648
1
-12.631
0
-8.469
1
0.0900004
1
-7.761
1
7.748
0
5.632
1
-4.868
0
-0.521999
-33.227
1
-3.874
1
-4.558
0
-11.277
1
-1.566
0
-1.524
0
-17.816
0
-4.433
1
-1.913
1
-3.397
0
-8.244
1
-5.975
1
1.941
0
-5.465
1
-1.405
1
11.339
0
-0.411
1
-2.954
1
-11.764
0
-6.041
0
2.272
0
-1.025
0
14.669
0
-2.285
1
-0.629
1
-2.911
1
-4.652
0
1.69
1
-2.287
1
-7.645
0
-2.691
1
-0.795
0
1.815
0
-6.811
1
0.711
0
-0.147
0
13.707
0
-2.023
0
3.057
0
0.262
1
0.67
1
-1.378
0
0.654
1
-2.81
1
-0.454
1
-33.227
-39.651
0
5.512
0
3.142
0
0.4
1
-6.759
1
4.065
0
-9.434
1
-2.107
1
-1.33
0
-8.492
1
4.799
0
-3.333
1
0.636
0
-0.929
0
-8.996
0
0.185
0
-2.362
0
-2.671
1
-6.322
0
-3.874
0
-10.34
0
-1.266
0
-4.015
1
1.73
1
-3.492
1
-5.943
1
-6.724
1
5.921
1
-0.313
1
4.579
0
5.751
0
-4.152
1
-0.495
1
-1.219
1
-1.794
1
-5.019
1
-0.563
1
-1.765
1
0.932
1
3.607
1
-0.724
0
0.384
0
1.799
0
1.897
1
-1.857
1
-39.651
-72.873
1
-1.607
1
7.223
0
-12.889
1
-10.691
1
0.84
0
1.347
0
-3.036
1
-4.145
1
-7.552
0
-6.383
1
-7.664
0
0.544
0
-7.733
0
-4.016
0
-4.317
0
3.71
1
-2.2
1
0.794
0
8.704
0
-7.661
1
2.395
0
-0.836
1
0.957
0
-1.414
0
10.121
0
-4.254
1
0.304
1
-6.932
0
-3.05
1
1.474
0
-4.233
0
-11.463
0
-1.1
1
7.143
1
2.039
0
-11.991
0
-0.0879997
0
-1.883
1
5.581
0
0.719
0
-12.512
0
-0.33
1
1.928
0
-3.216
0
-72.873
-4.4
0
0.614
0
-5.407
1
-1.83
0
-0.122
0
0.128
0
0.549
1
-4.586
0
-6.468
0
-0.429
1
-3.461
0
-13.394
1
1.982
1
-0.176
0
3.131
1
-2.461
1
-3.024
1
2.534
1
-1.466
0
3.967
0
-1.828
1
1.984
0
-2.554
0
-6.547
1
-2.759
1
5.171
0
0.677
1
3.009
1
-5.614
1
-14.395
1
-6.69
0
-2.055
0
-0.189
1
-2.859
0
-0.205
0
7.886
0
5.8
1
-6.77
1
-7.418
0
-12.675
1
2.178
0
0.926
1
-6.719
1
-6.527
0
-4.74
1
-4.4
-9.45
0
-6.733
0
5.975
1
8.329
1
-3.637
1
-8.949
0
-6.26
0
-6.898
1
1.673
0
-1.661
1
6.383
0
-3.254
0
-8.842
1
1.722
1
3.763
1
-2.611
0
-1.091
1
-0.886
0
-5.341
0
6.915
0
3.349
1
-1.064
0
2.772
0
-7.506
1
1.53
1
3.346
1
-7.523
0
-3.184
0
2.484
1
1.203
1
-0.454
1
-1.14
1
-3.836
1
-1.961
0
2.388
0
11.419
0
-5.967
0
1.154
0
-13.236
1
-4.359
1
0.97
0
-2.159
0
1.37
1
-1.402
1
-1
0
-9.45


-0.278
0
4.862
1
-0.158
0
-7.976
0
-1.842
0
-2.478
0
-1.643
0
-3.486
0
1.097
1
3.373
0
-3.684
0
1.97
1
-1.849
1
6.179
0
-0.141
1
1.139
0
-7.033
0
0.393
0
-5.744
0
-6.892
0
-3.492
0
0.433
0
-0.789
0
-7.426
0
-4.195
1
-7.594
0
5.448
1
-3.623
0
-6.611
1
-2.504
0
1.211
1
-7.396
0
-1.993
0
11.427
0
-3.554
1
-0.734
1
-11.561
1
-3.803
1
-4.492
0
-4.04
0
-11.865
1
0.297
1
-0.108
0
2.606
0
-10.282
1
-0.278
-7.426
0
-1.623
1
-4.927
1
-3.149
1
-1.071
0
8.874
1
-1.426
0
-5.209
0
2.375
1
-4.662
1
2.739
0
-3.628
0
10.067
1
-4.694
1
-8.779
0
3.972
0
-2.392
0
-0.122999
1
0.342
1
-5.594
1
1.577
0
-4.993
0
-7.228
0
4.099
1
-3.163
0
5.304
0
9.205
0
-0.195
0
-7.202
0
-1.088
0
-13.536
1
-6.578
1
0.505
0
-3.2
1
-0.315
0
-0.525
1
-8.825
1
-2.805
0
6.495
1
-1.352
1
-2.35
0
-6.837
1
0.391
1
-4.507
0
-1.721
0
-7.426
7.596
1
2.706
1
0.224
0
2.45
0
-5.098
0
-1.67
0
0.959
1
0.0770001
0
-5.963
1
0.419
1
1.163
1
-1.879
1
-7.829
1
3.48
1
4.754
0
5.256
0
0.826
1
-0.126
1
5.239
1
1.431
0
-3.274
0
2.862
0
6.042
0
-4.578
0
-2.465
0
-8.894
0
5.206
0
1.247
1
-5.315
0
5.377
0
3.889
0
1.627
1
2.339
0
2.8
0
4.958
1
3.497
0
3.575
1
-3.24
1
-1.084
0
-5.264
0
3.322
1
-4.596
1
2.48
0
-3.311
0
3.888
1
7.596
-15.204
0
1.364
0
9.831
0
-1.724
0
-8.031
0
-0.535
1
-15.355
1
2.215
1
-12.238
0
-3.448
0
-4.073
0
-1.077
1
-1.371
1
4.073
0
-13.527
0
6.094
0
2.318
1
9.655
0
0.243
0
4.154
0
1.324
0
4.019
1
-5.645
1
6.187
1
-3.608
1
-0.24
0
2.595
0
-2.071
1
-8.738
1
-0.332
0
-5.41
0
-2.962
0
-17.063
1
0.626
0
2.2
0
0.319
0
-2.266
0
4.455
0
4.026
0
6.031
0
1.468
0
-1.328
1
-3.208
1
-1.884
1
-6.209
0
-15.204
-71.678
1
6.321
0
-0.764
1
-0.189
1
4.055
0
4.65
1
2.578
1
-5.692
1
-3.473
1
0.833
0
-2.839
1
-1.019
1
-16.229
0
-9.513
0
8.288
0
0.89
1
6.307
0
-6.403
1
1.183
1
-4.414
0
-5.628
0
5.175
1
5.259
1
-0.154
1
4.31
1
-2.233
1
-3.957
1
0.402
1
-6.396
1
0.0470002
0
-1.73
0
-0.972
0
-4.517
0
-3.798
1
-6.767
1
-3.582
0
-6.305
1
5.626
1
6.318
0
-3.915
1
-4.48
0
2.067
1
2.426
1
3.097
1
4.029
1
-71.678
-24.808
1
9.432
0
-1.556
0
-6.208
1
4.088
1
-4.349
0
-1.038
0
-3.089
0
-4.606
1
-3.496
0
2.839
0
4.495
1
-8.234
1
-0.305
0
-5.431
0
-3.55
1
1.425
0
-5.321
0
-0.601
1
-9.404
0
-0.814
1
3.763
1
-4.65
0
5.112
0
2.213
0
-4.29
1
-2.414
1
-11.188
0
-2.003
1
-4.862
0
6.834
0
-1.032
1
-6.448
1
1.42
1
-5.331
1
-1.298
1
-7.186
0
2.062
1
-4.412
1
-0.643
0
-4.145
1
-2.641
1
-0.0919999
0
3.674
1
-1.179
0
-24.808
11.32
0
1.426
0
8.896
0
-0.0490001
0
1.813
0
0.864
1
-1.741
0
4.969
1
5.826
1
-6.063
0
-1.918
1
-5.621
0
-0.695001
1
5.071
1
0.876
1
-4.7
0
-0.0910002
1
1.997
0
3.132
0
-0.848
1
3.911
0
1.758
0
-1.926
0
-9.049
1
6.321
1
1.021
0
-7.07
0
4.513
0
6.249
0
-1.118
1
-1.088
1
1.022
0
-1.255
1
3.076
1
-7.835
0
2.549
1
-2.045
0
2.833
1
-5.61
1
-3.732
0
0.82
1
-2.401
1
-1.473
1
-1.41
0
-4.526
1
11.32
14.905
0
3.446
1
-5.217
1
-2.534
1
-6.246
1
3.945
0
-3.573
1
5.585
1
-4.615
1
4.18
1
-0.55
0
8.597
0
-4.065
0
-1.587
1
-1.043
1
4.111
0
-0.452
1
-6.336
0
2.417
0
-2.589
0
8.158
0
-4.538
0
-1.548
1
6.271
0
-5.161
0
3.134
1
7.046
1
-7.422
0
-6.253
1
-1.814
0
-3.7
0
1.779
1
-0.124
0
-9.564
1
0.163
0
-0.836
0
-3.14
1
-1.882
0
1.708
0
-7.241
0
0.451
0
-5.58
0
-3.488
0
-10.858
0
5.481
1
14.905
-17.446
0
-9.007
1
0.577
0
-2.635
1
-3.207
1
0.378
0
-10.155
1
3.163
0
-9.443
0
1.827
1
-2.698
0
1.589
0
3.185
1
2.73
1
-3.405
1
-1.956
1
8.22
0
1.849
1
5.652
1
-9.927
0
-6.877
0
2.438
0
-3.453
0
-7.53
0
5.51
1
2.466
1
4.231
1
2.463
1
-1.465
1
9.28
0
-11.143
0
-1.07
1
-5.297
1
2.24
1
-1.049
1
-4.609
1
9.157
0
0.03
1
1.834
0
-3.708
0
5.8
1
-4.466
1
-7.355
1
-4.724
0
-9.62
1
-17.446
-83.812
1
7.945
0
-1.046
1
-0.162
0
-5.493
0
-0.66
0
4.593
0
7.992
0
-4.851
1
-4.917
0
1.162
1
10.393
0
-8.168
1
-6.71
1
3.494
1
10.526
1
1.152
1
-0.378999
1
-10.397
0
4.386
1
-4.196
1
0.927001
0
-4.648
1
-3.39
0
-13.901
0
2.16
0
-1.557
1
7.834
0
-2.745
0
-4.74
0
-1.599
1
3.937
0
10.072
0
-6.827
1
-9.504
0
-7.612
0
-10.758
0
8.052
0
0.0189997
1
2.649
1
3.691
1
4.742
0
-4.826
0
6.981
0
-7.088
1
-83.812


-30.056
0
-9.984
1
-7.119
1
5.98
1
5.975
0
-1.531
0
3.061
0
1.626
0
3.172
0
-0.754
0
3.056
1
-5.569
0
-0.746
0
-1.651
0
3.124
0
0.98
0
-2.765
0
-3.597
0
4.363
1
3.684
0
-2.924
0
-8.175
1
-4.78
0
-5.763
0
-0.892
1
7.463
1
-1.649
1
-5.324
0
-5.439
0
-9.11
1
-6.129
0
-2.03
0
0.214
1
-1.012
0
10.358
0
3.334
0
-5.4
1
-4.065
0
1.428
0
-5.982
1
-7.75
0
-0.0660002
1
-12.006
0
-14.199
1
-3.289
0
-30.056
-43.975
1
-2.691
1
1.033
1
4.65
1
2.178
0
-11.329
0
-0.588
0
-1.731
0
-8.75
1
-0.491
1
-1.953
0
-8.509
0
-5.965
0
-0.804
1
2.425
1
1.55
0
-1.602
1
-0.734
0
-8.938
0
2.747
0
-2.381
1
-8.749
0
-5.155
0
0.534
1
6.995
0
3.463
1
-1.027
0
-4.585
1
-1.118
1
4.909
1
2.863
0
2.996
0
-2.833
0
-0.919
0
-5.042
0
-2.632
0
0.622
1
-6.081
1
5.732
0
-3.608
0
-3.777
1
4.096
1
-0.243
0
-9.275
1
-8.734
0
-43.975
-16.933
0
-17.735
0
-0.275
0
-5.618
0
-7.028
0
4.747
0
-3.922
0
-2.183
0
3.487
0
-7.275
1
6.763
1
-4.307
1
-5.253
0
1.738
1
-4.741
0
2.052
1
1.896
1
3.323
1
2.722
0
-3.251
0
2.431
1
-4.213
1
-1.806
0
-0.715
0
4.634
1
0.449
0
-5.153
1
-5.83
1
-2.751
0
1.441
0
-7.612
1
-5.492
1
-7.111
0
-3.625
0
1.345
1
-2.107
0
-1.296
0
-2.956
0
-2.247
0
-6.038
0
2.376
1
4.27
1
-13.765
1
4.53
1
-8.85
0
-16.933
-26.477
1
-5.869
0
1.614
1
-5.267
1
1.387
0
9.538
1
3.312
0
-0.656
0
-0.263
1
-3.157
0
-0.354
1
0.865999
0
-2.869
0
-1.406
0
-3.755
1
-2.33
1
3.138
1
-2.36
1
0.165
1
-10.669
0
-3.913
1
-3.886
0
-6.876
0
-3.404
0
2.36
0
0.153
1
-3.988
0
-0.515
1
0.881001
0
8.939
0
-4.462
0
-4.407
0
6.881
1
-2.068
0
-2.378
0
-0.182
1
-3.004
0
1.499
1
6.709
1
-3.534
1
-1.959
1
1.433
1
5.46
1
-3.732
1
0.877
1
-26.477
-70.003
1
-1.952
0
8.529
1
-8.455
0
-0.248001
0
3.131
0
7.726
0
-13.137
0
-1.128
0
-6.91
1
2.289
0
-1.796
0
-4.566
0
-2.542
1
3.824
0
-8.688
0
-5.185
0
-0.894
0
3.236
0
3.926
1
2.682
1
-4.766
1
-5.677
0
-1.032
0
-3.798
1
-1.927
0
-6.769
1
-1.362
1
-1.902
0
2.45
0
-1.585
1
1.454
0
8.04
0
2.517
1
-3.947
1
6.082
0
-2.128
0
2.49
0
1.301
0
-0.0529997
0
1.609
1
3.988
1
-4.375
0
12.979
0
5.727
0
-70.003
-12.378
0
5.267
0
1.915
0
5.948
1
-4.074
0
-3.715
0
6.145
0
-5.296
1
0.469
1
0.178
0
-7.913
1
-7.367
1
6.393
0
-1.571
1
-0.163
1
0.983
1
-2.041
0
3.049
0
6.177
0
-10.6
1
-1.152
1
1.395
0
-13.139
0
1.933
0
-4.927
1
-12.535
0
-2.4
0
-3.305
0
-9.956
1
-0.781
0
-0.951999
1
-4.268
1
-1.549
1
-3.799
1
-2.263
1
2.273
1
5.663
0
4.105
1
2.23
0
-9.768
0
-2.848
0
5.901
0
-1.374
0
-5.361
1
-1.478
0
-12.378
-65.744
1
-4.679
0
5.103
0
2.213
0
2.654
1
1.92
1
11.318
0
-6.05
1
9.629
1
5.958
0
-1.891
0
-9.632
0
-9.252
1
-0.147
0
9.771
1
-7.995
1
-5.07
0
-1.65
1
1.187
0
6.62
1
-6.553
1
-6.535
0
-7.979
0
2.251
0
-5.053
0
-2.556
0
-0.275
0
12.812
0
-15.704
1
1.076
0
0.414
0
-3.545
1
-3.588
0
-10.11
0
0.733
0
0.806
1
2.661
1
-11.146
0
-1.072
1
-3.705
1
-0.967
0
-4.264
0
6.144
1
7.312
0
-3.614
0
-65.744
-23.352
1
-4.007
0
3.009
1
-6.274
1
-5.027
0
-8.591
0
2.922
0
5.417
0
0.653
1
14.684
0
-0.412
0
-2.809
1
-0.11
0
-3.342
0
2.969
1
-2.235
0
1.387
1
-1.265
0
1.607
1
6.679
0
-10.21
0
1.571
0
-0.526
1
-7.608
1
-2.873
1
-2.877
0
-5.938
1
1.089
1
-10.841
1
-10.61
0
-9.705
1
1.633
1
11.613
0
4.868
1
-1.453
1
2.865
1
1.613
1
1.06
0
-1.897
1
2.9
1
-0.679
1
-0.576
0
1.009
1
-0.846
0
-3.226
0
-23.352
-61.156
1
-5.687
0
5.718
0
-0.465
1
-0.772
0
-6.001
0
-3.974
0
-4.417
1
-3.335
1
-8.499
1
1.288
1
-1.425
1
-4.01
1
-7.306
0
-2.606
1
-5.76
0
-7.774
0
-8.149
1
1.372
0
-0.361
1
2.244
0
1.684
1
-5.453
1
1.167
0
0.475
0
2.81
0
0.531
0
-6.513
0
-7.72
1
0.708
0
-2.18
1
-1.398
1
-2.948
0
3.441
1
3.715
1
-6.803
1
4.062
1
-1.733
0
-3.817
0
-3.919
1
3.802
1
-3.277
1
-1.856
1
-9.466
0
-2.55
1
-61.156
-35.748
0
-10.045
1
-0.148
1
-5.582
0
-4.757
1
-7.834
0
1.57
0
-0.584
0
4.028
0
-2.084
1
0.887
0
5.388
0
1.132
1
-8.962
0
-2.619
0
6.591
0
4.758
1
0.12
0
0.989
1
8.174
1
-1.205
1
-0.656
1
-2.033
0
-5.023
0
-4.408
1
6.409
1
-7.04
0
-0.656
1
2.222
1
2.957
1
-0.639999
1
0.582
0
-11.799
1
5.391
0
1.266
0
-1.385
0
3.251
0
-5.218
1
3.682
1
0.477
0
2.561
0
-1.796
1
-1.56
1
-4.743
1
-2.503
1
-35.748


-2.456
0
5.804
1
0.02
0
-0.25
0
6.749
0
-0.255
0
-2.189
1
-2.621
0
0.605
0
-7.987
0
-12.867
1
-11.592
1
-7.06
0
-8.378
0
1.775
0
1.673
0
-8.093
0
1.906
0
7.005
0
3.942
0
-5.111
0
-3.111
0
3.315
0
1.002
0
1.226
0
17.626
0
-1.111
1
-2.063
0
-5.354
0
3.025
0
1.38
1
0
0
1.929
0
0.0109997
0
-2.914
0
4.053
0
-1.975
0
-4.36
0
2.031
0
-5.874
0
-2.677
0
-3.498
1
-0.00699997
0
-3.066
0
-5.089
1
-2.456
-3.327
0
2.462
0
-4.513
0
2.801
0
-13.518
0
-12.212
0
-5.432
0
-6.063
0
0.398
0
8.435
0
0.771
0
-3.085
1
4.579
0
2.657
1
-7.263
0
-0.767
1
-2.189
0
-8.723
0
-3.926
0
2.622
0
-0.922
0
-0.877
0
5.013
1
0.59
0
-2.237
0
-1.493
0
-5.107
0
5.05
0
-1.755
0
-4.022
0
-1.495
0
9.231
0
-1.797
0
-0.315
0
-12.017
0
-5.594
0
3.387
0
-3.321
0
-8.547
0
1.6
0
11.453
0
-4.482
0
-15.663
0
-1.873
0
9.15
0
-3.327
0.449001
0
-6.357
1
-0.429
0
2.252
0
9.79
0
4.124
0
1.772
0
-3.324
1
2.224
0
2.891
0
1.413
0
2.899
1
-5.777
0
0.224
0
-4.648
0
-6.725
0
-1.105
0
0.502
0
7.415
0
3.039
1
-0.000999928
0
0.143
0
-2.368
0
-6.28
0
-3.742
0
-6.353
0
-0.649
0
-5.038
0
-1.064
0
1.671
0
-7.235
0
7.074
0
-9.474
0
11.408
0
4.714
0
13.113
0
-0.878
0
0.0390003
0
-3.519
0
-6.483
1
-0.0569999
0
-5.344
0
-14.293
0
-10.865
0
0.38
0
0.449001
1.982
0
-3.109
0
-3.402
0
0.276
1
2.815
0
-4.579
1
0.769
0
-6.79
0
-1.535
0
2.327
0
0.225
1
8.747
0
-2.661
0
-6.769
0
5.318
0
-1.478
0
-4.606
0
-0.522
0
-1.885
1
0.036
0
-1.373
0
11.552
0
2.76
0
0.715
1
0.04
1
0.163
0
-0.986
0
-0.204
0
-0.41
0
-2.483
0
1.594
0
-14.374
0
5.885
0
-1.425
0
-0.834
0
-2.563
0
-5.617
0
-3.804
0
3.278
0
-5.404
0
-0.0990002
0
4.659
0
-4.107
0
1.668
0
-1.398
1
1.982
