

0
0
0
0
0
0
0
0
0
0
0
0
0
0
0
0
0
0
0
0
0
0
0
0
0
0
0
0
0
0
0
0
0
0
0
0
0
0
0
0
0
0
0
0
0
0
0
0
0
0
0
0
0
0
0
0
0
0
0
0
0
0
0
0
0
0
0
0
0
0
0
0
0
0
0
0
0
0
0
0
0
0
0
0
0
0
0
0
0
0
0
0
0
0
0
0
0
0
0
0
0
0
0
0
0
0
0
0
0
0
0
0
0
0
0
0
0
0
0
0
0
0
0
0
0
0
0
0
0
0
0
0
0
0
0
0
0
0
0
0
0
0
0
0
0
0
0
0
0
0
0
0
0
0
0
0
0
0
0
0
0
0
0
0
0
0
0
0
0
0
0
0
0
0
0
0
0
0
0
0
0
0
0
0
0
0
0
0
0
0
0
0
0
0
0
0
0
0
0
0
0
0
0
0
0
0
0
0
0
0
0
0
0
0
0
0
0
0
0
0
0
0
0
0
0
0
0
0
0
0
0
0
0
0
0
0
0
0
0
0
0
0
0
0
0
0
0
0
0
0
0
0
0
0
0
0
0
0
0
0
0
0
0
0
0
0
0
0
0
0
0
0
0
0
0
0
0
0
0
0
0
0
0
0
0
0
0
0
0
0
0
0
0
0
0
0
0
0
0
0
0
0
0
0
0
0
0
0
0
0
0
0
0
0
0
0
0
0
0
0
0
0
0
0
0
0
0
0
0
0
0
0
0
0
0
0
0
0
0
0
0
0
0
0
0
0
0
0
0
0
0
0
0
0
0
0
0
0
0
0
0
0
0
0
0
0
0
0
0
0
0
0
0
0
0
0
0
0
0
0
0
0
0
0
0
0
0
0
0
0
0
0
0
0
0
0
0
0
0
0
0
0
0
0
0
0
0
0
0
0
0
0
0
0
0
0
0
0
0
0
0
0
0
0
0
0
0
0
0
0
0
0
0
0
0
0
0
0
0
0
0
0
0
0
0
0
0
0
0
0
0
0
0
0
0
0
0
0
0
0
0
0
0
0
0
0
0
0
0
0
0
0
0
0
0
0
0
0
0
0
0
0
0
0
0
0
0
0
0
0
0
0
0
0
0
0
0
0
0
0
0
0
0
0
0
0
0
0
0
0
0
0
0
0
0
0
0
0
0
0
0
0
0
0
0
0
0
0
0
0
0
0
0
0
0
0
0
0
0
0
0
0
0
0
0
0
0
0
0
0
0
0
0
0
0
0
0
0
0
0
0
0
0
0
0
0
0
0
0
0
0
0
0
0
0
0
0
0
0
0
0
0
0
0
0
0
0
0
0
0
0
0
0
0
0
0
0
0
0
0
0
0
0
0
0
0
0
0
0
0
0
0
0
0
0
0
0
0
0
0
0
0
0
0
0
0
0
0
0
0
0
0
0
0
0
0
0
0
0
0
0
0
0
0
0
0
0
0
0
0
0
0
0
0
0
0
0
0
0
0
0
0
0
0
0
0
0
0
0
0
0
0
0
0
0
0
0
0
0
0
0
0
0
0
0
0
0
0
0
0
0
0
0
0
0
0
0
0
0
0
0
0
0
0
0
0
0
0
0
0
0
0
0
0
0
0
0
0
0
0
0
0
0
0
0
0
0
0
0
0
0
0
0
0
0
0
0
0
0
0
0
0
0
0
0
0
0
0
0
0
0
0
0
0
0
0
0
0
0
0
0
0
0
0
0
0
0
0
0
0
0
0
0
0
0
0
0
0
0
0
0
0
0
0
0
0
0
0
0
0
0
0
0
0
0
0
0
0
0
0
0
0
0
0
0
0
0
0
0
0
0
0
0
0
0
0
0
0
0
0
0
0
0
0
0
0
0
0
0
0
0
0
0
0
0
0
0
0
0
0
0
0
0
0
0
0
0
0
0
0
0
0
0
0
0
0
0
0
0
0
0
0
0
0
0
0
0
0
0
0
0
0
0
0
0
0
0
0
0
0
0
0
0
0
0
0
0
0
0
0
0
0
0
0
0
0
0
0
0
0
0
0
0
0
0
0
0
0
0
0


-0.196
0
-0.805
0
-2.718
0
3.1
1
0
1
-2.386
0
4.895
0
-3.053
0
-1.346
0
4.104
0
0
1
0.362
1
2.346
0
0.178
0
-0.99
0
4.253
1
0.56
0
-1.085
1
-2.836
0
-2.076
1
2.226
1
0.0290003
1
-2.258
1
-5.156
0
2.091
1
2.049
1
-4.082
1
-0.833
0
-0.614
0
0.895
0
1.811
0
-1.519
1
3.903
1
-1.496
0
-5.102
0
-1.24
1
1.675
1
-3.069
1
-2.205
0
-1.901
1
-5.793
0
-4.009
0
-2.617
1
-0.851
1
0.034
1
-0.196
-1.261
0
1.487
0
1.882
1
-1.638
0
0.924
1
0.22
0
0
1
0
0
-7.239
0
-3.027
0
6.323
1
1.337
0
-3.071
0
1.759
0
-2.753
0
-0.355
0
1.018
1
-3.381
0
0.197
1
1.024
1
-0.067
0
2.134
0
-0.116
1
-4.872
0
-0.232
1
-2.159
0
-3.407
1
5.2
0
4.553
1
0.64
1
-0.142
1
4.07
1
1.045
1
-5.429
1
1.294
1
-4.303
1
-3.755
1
-3.528
1
-8.445
0
3.139
0
-1.11
1
-2.141
0
2.051
0
2.691
1
3.132
1
-1.261
5.661
1
2.673
1
-9.593
1
-20.818
0
2.365
0
0.585
1
-0.991
1
1.661
0
0.678
1
-12.571
1
-10.172
0
2.821
0
0.894
1
-2.427
1
-1.564
1
-6.931
0
-2.619
1
-0.187
0
-3.651
0
-2.315
1
5.63
1
0.896
1
4.442
1
-1.028
0
-3.057
1
1.824
1
2.361
1
-0.736
1
0.685
0
-2.426
1
-1.853
1
-0.842
1
-0.296
0
0.815
0
-4.005
0
1.726
1
2.194
1
-1.701
1
1.33
0
-1.946
1
0.207
0
1.175
0
-1.755
1
4.812
0
1.898
0
5.661
-21.227
0
1.161
1
2.647
1
1.998
1
1.416
0
-5.589
1
-0.996
0
-2.273
0
1.918
0
-0.602
1
1.976
1
1.569
0
-1.806
0
0.67
1
-0.727
1
-6.115
1
4.002
1
-4.662
1
-2.801
0
-2.929
0
-0.305
1
0.676
1
-5.054
0
-1.582
0
-1.459
0
-3.36
1
-0.403
1
-0.139
1
-5.48
0
-1.647
0
3.2
0
-4.84
0
-0.249
1
-8.122
1
-4.813
1
1.709
0
-1.668
0
4.756
0
4.562
1
-5.288
0
-3.035
1
-4.506
0
-2.029
0
-3.879
0
2.159
1
-21.227
-0.299999
0
1.71
1
8.199
1
0.367
0
1.856
0
3.624
1
0.212
0
-2.272
1
-0.344
1
3.062
0
-1.825
1
0.179
1
-1.638
0
-0.4
1
-1.118
1
-1.72
0
2.089
0
-2.561
1
-1.276
0
-1.036
1
3.049
1
-0.717
1
-3.491
1
-2.48
1
-3.383
0
1.362
1
0.0379999
0
0.489
1
3.571
0
0.559
1
0.081
1
-0.519
0
8.589
0
3.487
1
-2.551
1
-4.457
1
-6.021
0
-8.335
1
-5.272
0
-5.597
0
-1.439
0
-0.812
0
1.359
0
-0.632
0
-4.182
0
-0.299999
-4.194
0
3.197
0
4.07
1
-5.849
1
1.566
1
0.144
0
-13.042
0
-1.185
1
-4.24
1
0.5
1
-5.267
0
-2.378
0
-0.537
0
-3.9
1
-0.693
1
8.134
0
3.935
0
0.499
1
-0.811
1
0.977
0
4.628
0
-1.596
0
0.618
0
-0.305
1
2.578
0
-2.424
1
-0.754
1
-0.302
1
-0.746
1
-10.246
1
0.092
1
2.545
0
-2.09
0
-4.953
1
-2.397
0
-1.508
1
6.588
0
1.167
1
0.23
1
-2.867
1
-1.465
1
-0.984
1
-1.093
0
-2.571
1
3.79
1
-4.194
-60.241
1
0.49
0
-0.115
1
2.553
1
-6.296
1
1.806
0
-3.763
1
3.638
1
-3.613
0
-5.195
1
1.249
1
-2.741
0
-0.874
0
-1.577
1
-4.939
1
-1.153
1
-0.098
0
-5.322
1
-1.074
1
1.288
0
-3.058
1
-0.472
1
-4.833
1
-3.797
1
-2.627
1
0.152
1
0.128
1
4.796
1
3.166
0
-1.83
0
2.69
1
0.74
1
1.021
0
1.687
0
0.968
0
-0.139
0
-4.54
1
1.801
1
-0.0699997
1
0.17
0
-4.103
0
-2.107
0
3.073
1
-0.464
0
-3.442
0
-60.241
-47.107
1
-1.783
0
3.286
1
-2.393
1
-0.0919998
0
-1.527
1
1.029
0
0.049
1
-2.854
1
-5.215
1
-3.035
1
-0.467
1
-2.832
1
-0.588
1
-1.759
0
-0.0969999
1
2.923
1
-4.842
0
0.563
0
2.496
1
-4.919
1
3.547
1
-4.429
1
0.539
0
-0.561
1
5.552
1
-1.002
0
-3.119
0
-4.734
0
-2.097
1
0.955
0
-1.481
0
-4.423
0
0.0699999
0
1.988
1
-1.392
1
-2.283
1
1.501
1
-3.891
1
5.07
0
0.511
0
-2.943
1
0.46
1
-0.287
1
-1.814
0
-47.107
-4.103
0
1.059
0
1.916
1
-1.83
0
-6.351
0
-1.039
0
-0.215
1
-4.586
0
-6.241
1
-0.189
1
-3.461
1
-4.733
1
0.075
0
-0.552
0
1.99
1
-3.538
0
-0.834
0
3.651
1
-1.153
1
7.524
1
-1.656
1
1.081
0
-1.005
0
-4.492
0
0.442
0
1.574
1
3.281
1
1.301
1
0.229
0
-5.688
1
-3.359
1
-2.662
0
-0.53
1
2.277
0
-0.273
0
0.655
0
3.93
1
-2.953
1
-5.462
0
-7.831
0
5.653
1
2.683
1
-1.713
1
0.08
1
-1.948
0
-4.103
-7.178
0
2.505
1
1.636
1
4.437
1
-7.051
0
-6.927
0
-8.621
0
-2.249
1
0.872
0
-2.1
1
9.072
1
-4.841
0
-5.196
1
-1.03
1
5.899
0
-2.455
1
2.676
1
-0.13
1
-4.109
0
5.221
1
-0.854
1
-3.1
1
-0.798
0
-3.329
0
0.237
1
-1.988
1
-4.985
0
3.803
0
-1.601
1
1.203
1
-3.913
1
-4.601
0
-6.378
0
5.096
0
1.444
0
-0.742
1
0.437
1
2.746
0
-9.236
0
0.0920002
1
0.276
1
-2.292
1
1.187
0
1.006
0
-1.417
0
-7.178


-0.278
1
0
1
-0.158
0
-1.853
0
0.126
0
0.466
0
-0.78
0
0.062
0
-0.793
1
3.373
0
-0.805
0
1.287
0
1.544
1
0.616
1
-2.526
1
1.139
0
-3.327
1
0
0
-1.202
0
-5.83
0
0
0
3.36
0
2.188
0
-3.576
1
0
0
-3.698
1
3.91
1
-1.598
1
-2.004
1
-2.374
0
1.107
0
0.461
1
-1.265
0
2.693
1
-1.065
0
-0.809
0
-4.355
0
-5.943
0
1.043
1
-1.544
1
-0.545
0
-2.325
0
3.246
0
-0.13
1
-0.567
1
-0.278
-18.291
0
-1.459
1
-3.551
1
1.471
0
-0.473
0
0.962
1
-1.662
1
-1.628
1
0.353
0
2.946
1
4.964
1
-4.021
1
3.69
0
-4.721
1
0.0880001
0
0.618
1
-2.323
0
-3.643
1
-0.706
1
-2.672
0
-1.049
1
-1.368
0
-0.455
0
4.79
0
-3.296
0
-4.422
0
5.771
0
1.437
0
-8.214
1
-3.004
1
-3.305
1
-7.925
1
-0.52
0
0.49
1
-4.095
0
1.622
0
-1.257
1
0.709
1
2.188
1
-0.725
1
-4.242
1
-0.52
1
1.985
0
4.761
0
0.144
1
-18.291
7.663
1
2.706
1
0.224
0
0.916
0
-0.726
0
-2.521
0
1.296
1
0.0770001
0
-1.915
1
0.419
1
1.163
1
-0.63
1
-2.624
0
2.319
1
-2.207
0
2.884
1
0
1
-0.126
1
5.239
1
1.431
0
-1.21
0
1.499
0
-0.414
0
-1.6
0
-0.947
1
-3.604
0
3.426
0
-1.369
0
-3.365
1
2.647
1
1.5
0
1.968
0
-3.472
0
-0.777
0
0.586
1
2.939
1
2.325
1
2.986
1
-1.958
1
-1.501
0
-0.942
1
-2.796
0
-2.4
1
-2.029
1
2.352
0
7.663
-18.518
0
0.329
0
0.674
1
1.53
0
-4.33
0
3.262
1
-6.842
1
4.02
0
-7.881
0
-3.04
0
0.495
0
0.198
1
1.828
0
1.769
1
-3.699
1
-1.28
0
0.185
1
0.216
0
-1.637
1
-1.383
1
-1.153
0
1.819
0
-2.932
1
2.682
1
-3.957
1
4.071
0
2.646
0
-1.105
0
-9.547
0
0.147
0
-0.927
0
-4.333
0
-13.014
0
0.81
0
-0.395
0
3.213
0
-0.487
1
1.957
1
-0.869
0
2.909
0
-0.296
0
-1.627
0
3.273
1
0.663
0
-0.63
0
-18.518
-22.598
1
0.803
1
1.243
0
-0.795
0
-0.224
0
-2.062
0
2.961
1
-5.11
1
0.205
1
-0.68
0
-2.602
1
-1.184
0
-6.349
0
-8.835
0
2.476
1
2.489
0
-0.95
0
0
1
0.424
1
0
1
1.508
1
0.332
0
4.208
1
0.557
1
5.459
1
-3.108
1
-2.279
0
0.882
0
-0.489
1
-1.088
1
1.126
1
-6.698
0
2.511
0
-3.323
1
-5.024
0
-3.052
0
-6.316
1
7.846
1
-0.023
0
5.571
0
-3.385
0
-0.492
0
3.495
0
2.764
1
-1.217
0
-22.598
-1.526
1
6.031
0
0.0599999
0
-3.771
1
2.48
1
-4.436
1
1.102
0
-0.98
1
-2.331
0
-0.553
0
1.995
0
3.841
1
-5.532
1
-2.011
0
-0.207
0
0.396
0
2.316
0
-2.186
1
0.44
1
-1.015
0
-1.754
0
-1.329
1
-3.983
0
3.745
1
3.523
1
-2.666
0
3.002
0
-4.444
0
-3.171
1
1.158
0
4.102
1
-1.991
0
-2.996
0
2.226
1
-0.8
0
0.536
0
-1.217
1
-3.089
0
1.156
1
-3.603
1
-0.637
0
1.507
0
-0.47
1
-0.372
0
-2.086
0
-1.526
20.219
0
3.018
1
-4.203
0
3.621
1
0.975
1
3.682
1
0.0459999
0
-1.355
0
1.298
1
-5.386
1
2.203
1
-1.958
0
-4.394
1
0
0
-1.499
1
-3.359
0
3.065
0
4.525
1
-0.666
1
2.369
0
0.045
0
0.548
0
1.245
1
-0.379
1
0.348
0
-1.361
1
-2.532
0
4.476
0
1.45
1
4.178
1
-6.835
1
0.277
0
-0.393
0
0.264
0
-9.286
0
-3.569
1
-0.0109998
1
1.841
0
-1.367
0
-4.841
1
-2.029
1
0.168
1
-1.717
1
0.255
1
2.716
0
20.219
-4.295
0
1.547
1
-0.0210001
0
-3.254
0
-4.57
1
2.387
0
-1.27
0
4.723
0
0.894
1
1.099
0
2.075
0
9.128
1
-2.343
1
-1.739
0
0.434
0
1.462
0
-0.283
1
-1.489
1
-1.436
0
0.707
0
1.877
1
-0.398
0
-1.584
1
2.75
1
-3.332
0
-3.615
0
1.414
1
-2.029
0
-1.718
1
2.239
1
-1.167
1
3.466
1
1.324
0
-1.585
1
3.969
1
-0.091
0
-0.981
1
-0.648
0
-2.215
1
0.342
1
-0.949
0
-4.8
0
1.348
0
-0.83
1
-0.0190001
1
-4.295
2.247
1
0.226
0
-0.607
1
-0.927
0
-3.775
0
2.179
1
-1.258
0
-0.72
0
-1.082
0
-1.07
0
3.567
1
-1.118
1
-1.07
1
-2.108
1
4.364
1
0.376
0
2.972
0
1.613
0
-3.023
0
-5.307
0
-1.657
1
-0.887
0
0.849
0
-3.255
1
3.727
0
3.421
1
5.899
1
-3.722
1
1.269
1
3.137
1
-7.945
0
0.305
0
-1.133
1
-1.547
0
5.523
1
-5.049
1
6.585
0
0.102
0
0.781
1
-0.969
1
3.251
0
-4.236
0
-4.961
1
-2.115
1
-3.47
1
2.247
-32.29
1
6.297
0
-1.194
1
-3
1
-2.738
0
-1.594
1
0.867
1
1.429
0
-1.622
1
-3.233
0
-0.966
1
5.138
1
-5.08
0
-4.468
1
2.811
1
4.697
1
-2.198
1
0.384
0
-1.682
0
1.447
1
1.597
0
-1.439
0
-0.0519998
1
-0.784
1
-1.02
1
1.551
1
-1.634
1
1.518
0
1.846
1
1.662
0
1.229
0
-2.041
0
-0.11
0
0.383
0
0.337
1
4.638
1
-0.447
1
1.557
0
0.331
0
2.223
0
2.904
0
2.71
0
-2.019
1
0
1
2.972
0
-32.29


-6.791
0
-6.606
0
-0.591
1
2.655
1
0.48
0
0.985
0
3.555
1
-0.102
1
-0.828
0
-2.203
0
3.142
1
0.333
1
-2.741
1
0.155
0
0.726
0
-0.538
1
-0.426
0
-1.516
0
4.652
1
-1.824
0
-1.417
0
-4.136
1
1.133
0
-3.379
1
-1.708
0
2.685
1
0.202
1
1.46
1
1.021
1
-2.827
1
-3.097
0
3.417
0
-2.041
1
-1.187
1
5.838
0
-1.095
1
-3.097
1
2.189
0
2.131
0
2.19
0
-0.566
0
0.0669998
0
-6.63
1
-6.679
0
-2.822
0
-6.791
-0.899001
1
0
1
-1.586
0
2.816
1
0.518
0
-2.833
0
-1.178
0
-0.0620003
1
-3.007
0
0.0319998
0
-2.451
1
-3.792
0
0.311
1
-1.929
1
0.092
1
-3.69
0
-3.438
1
0.725
0
-4.259
1
2.677
1
1.41
1
-2.061
0
-5.983
1
-1.948
1
9.756
1
0.713
0
-3.416
1
-4.695
0
-1.838
0
1.097
1
-1.63
0
-0.975
0
-6.512
0
2.211
1
-4.566
0
-3.108
1
3.625
1
-4.981
1
2.465
1
2.432
1
-0.391
1
-4.261
1
-0.0170002
1
-1.589
1
-1.917
1
-0.899001
8.381
1
-8.644
1
0.31
1
-3.404
1
-6.008
0
1.61
1
0.0970001
0
-1.174
0
2.447
1
-1.997
0
-1.424
1
3.804
0
-1.794
1
1.096
0
-3.315
1
1.42
1
1.317
0
3.682
0
0.694
1
3.472
0
4.46
0
-4.15
1
0.919
1
0
1
0.237
0
-2.314
1
-3.066
0
-1.445
0
0.561
0
0.0579997
1
-3.162
0
-1.9
0
-0.603
0
-2.378
0
1.044
0
1.664
0
0
1
-3.319
1
1.078
1
-0.256
0
0.422
0
1.491
0
-8.783
1
0.462
0
-3.156
1
8.381
9.246
0
-0.00300014
0
-0.375
0
-3.476
0
2.254
0
6.116
0
2.854
0
-3.306
0
2.995
1
-1.781
0
1.486
1
-3.608
1
-1.3
1
4.374
0
-2.96
1
0.00699997
0
0.633
1
-1.009
1
-2.176
0
-5.277
1
-1.776
0
-3.315
1
-4.822
0
4.049
1
-0.376
0
-0.796
0
-2.474
1
1.771
0
2.407
1
6.046
0
-2.035
0
-3.051
1
1.158
1
1.034
1
-0.0759997
1
-2.601
0
-5.52
1
-5.079
0
2.885
1
-1.955
0
-2.113
1
-2.678
1
3.389
1
2.409
1
1.737
0
9.246
-13.458
1
-1.738
1
7.042
0
1.162
0
-2.73
1
2.42
0
3.356
1
-5.886
0
-0.587
0
-4.867
1
-0.722
0
-4.694
0
3.264
1
0.603
0
-2.2
0
-2.133
0
0.829
1
-0.775
1
1.487
0
0.104
0
4.211
1
-1.943
0
-6.164
0
-1.176
1
-3.887
1
-0.718
1
-5.527
1
0.48
1
-0.372
0
4.16
1
2.169
0
-3.408
0
5.14
1
2.103
1
-2.694
1
3.943
1
-0.0989997
1
-0.723
0
1.924
1
-0.0879998
1
3.089
0
1.881
1
-0.476
1
0.793
0
4.814
0
-13.458
-2.294
0
2.474
1
-1.511
0
2.507
0
1.187
0
-2.029
1
5.814
0
0
0
1.179
1
-2.108
0
0
1
0.805
0
2.776
0
-0.587
1
-3.363
0
3.684
1
-1.252
0
0.845
0
-0.354
0
-1.552
1
2.114
1
0
0
-0.572
1
0
0
-0.876
0
-6.508
0
-1.685
1
0
0
-1.664
0
-1.212
0
2.263
1
-1.6
0
-1.924
1
-1.109
1
0.255
1
3.405
1
1.253
0
1.53
1
1.119
0
-1.641
1
-2.064
1
0.835
0
-1.715
0
1.827
1
-1.349
0
-2.294
-51.829
1
-5.558
1
0.854
1
3.269
0
-1.755
0
1.47
0
8.156
1
-5.291
1
5.059
0
0.473
0
1.141
1
-5.02
0
-0.761
0
-1.228
1
4.309
0
-0.806
1
4.442
0
1.617
1
-0.00400007
1
7.159
1
-1.417
0
-3.61
1
-5.294
1
2.459
1
-3.099
0
1.296
1
4.178
1
0.207
0
-1.601
1
-1.412
1
5.481
0
-2.5
0
-2.407
1
-4.993
1
2.869
0
1.224
0
2.432
0
-1.113
0
-3.449
1
-5.267
1
2.453
0
0.159
0
2.372
1
1.891
0
-4.145
0
-51.829
-15.487
0
0.069
1
1.282
0
0.542
1
-4.595
1
-5.179
0
-0.427
0
0.787
1
3.563
1
4.298
1
0
1
-3.311
1
-0.447
0
-1.21
0
-2.497
0
3.079
1
-0.948
0
4.57
1
-0.079
1
6.268
1
-6.351
1
2.907
1
-0.848
1
-4.858
0
-2.911
0
-5.873
0
-0.419
0
-4.762
1
-0.878
0
-1.418
1
-6.065
1
0.629
0
10.813
1
7.078
1
1.751
0
3.944
1
0.176
0
1.748
0
-0.761
0
1.411
0
-0.357
1
-0.0389998
1
2.608
1
-3.372
1
0
1
-15.487
-35.808
1
-2.742
1
1.008
1
-5.865
1
-4.71
1
3.24
1
-1.015
0
-1.127
0
1.105
1
-0.571
0
1.799
1
-0.365
0
-1.631
0
-3.335
0
0
1
0.321
0
-2.684
0
-0.374
1
-2.963
1
-1.796
1
-1.705
1
3.387
1
-3.239
1
0
1
2.262
1
1.886
1
3.573
1
-4.544
1
-2.749
0
1.186
1
-1.311
0
-2.345
1
2.785
1
3.926
0
3.318
0
-5.214
0
3.55
0
1.546
1
-1.546
0
-4.982
0
2.736
0
1.699
1
1.955
0
-3.902
0
-1.362
0
-35.808
-10.296
1
-5.021
0
-0.651
0
-1.481
1
-3.47
1
-5.703
1
-2.334
0
-0.93
0
3.668
0
1.091
1
0.803
0
2.534
1
2.07
1
-2.128
0
-0.82
0
5.6
1
4.457
0
-2.187
1
-1.034
1
-0.188999
1
-2.237
0
-0.321
1
-3.493
1
-4.126
1
-0.893
1
2.165
1
-2.707
0
-4.106
1
2.011
1
4.601
0
-0.382
0
-1.317
0
-4.746
1
4.689
1
1.026
1
-0.396
0
1.142
1
1.322
1
4.683
0
-3.349
1
-0.684
0
-3.363
1
-4.429
1
1.655
1
-4.464
0
-10.296


-2.455
0
2.903
1
0.02
0
-4.868
0
3.123
0
4.459
0
0.623
1
-2.621
1
-0.0179999
0
0
0
-0.702
1
-5.954
0
-5.584
1
-3.425
1
0.882
1
0
0
-4.275
1
0
0
1.021
0
2.01
0
-1.881
0
1.743
0
-0.725
0
-0.866
0
-0.535
0
5.473
0
-6.765
1
-2.063
0
-0.154
0
1.463
0
-2.241
1
0
0
1.477
0
0.574
0
-3.125
0
7.568
0
-2.658
0
-3.099
0
1.343
0
-4.745
0
-1.412
0
-3.214
1
-0.00699997
0
-1.835
0
1.696
1
-2.455
-3.327
0
5.798
0
-5.317
0
5.249
0
-4.879
0
-2.846
0
-1.084
0
-0.247
1
0
0
2.463
0
3.15
0
-2.251
0
2.04
0
2.542
1
-1.343
0
0
1
-2.189
0
-2.374
0
-0.163
0
-3.537
1
0
0
2.863
0
2.607
1
0.59
0
-0.393
0
-0.287
0
0
0
2.849
0
-1.209
0
0
0
5.392
0
2.288
0
-1.989
0
-1.588
0
-2.157
0
0.405
0
0.0570005
0
-0.648
0
-0.35
0
1.316
0
1.467
0
-1.061
0
-8.875
0
0.61
0
-0.596
0
-3.327
0.449001
0
2.89
1
-0.429
0
2.148
1
0
0
0.334
0
0.908
0
0.0350002
1
2.224
0
2.792
0
7.527
1
3.427
1
-4.967
1
3.833
1
-0.413
0
-0.384
0
0.92
0
-2.776
0
-1.089
0
2.274
0
-0.131
0
-3.911
0
0.246
1
0
0
0
0
-4.338
0
-0.75
0
-6.938
0
-0.796
0
-0.122
0
-4.291
0
4.965
0
1.281
0
-2.629
1
0
0
2.821
0
-1.046
0
6.026
0
-3.087
0
-5.705
1
-0.0569999
0
2.853
0
-4.139
0
0.0870001
0
0.747
0
0.449001
1.982
0
-0.101
0
-1.111
0
0.454
1
2.815
0
-6.655
1
0.769
0
-0.978
0
-2.409
0
1.642
0
3.79
0
7.967
1
-2.171
1
-3.189
0
2.298
1
0
0
-2.003
0
2.173
0
-3.906
1
0.036
0
2.573
0
4.69
0
0.165
0
3.06
1
0.04
1
0.163
0
-2.82
0
-0.347
0
-5.049
0
-0.963
0
-0.162
0
-3.339
0
0.198
1
0
0
-7.356
1
0
0
-0.19
0
-1.637
0
1.675
0
-0.147
0
1.192
0
-2.543
0
3.396
0
0.666
0
-0.251
1
1.982
