

0
0
0
0
0
0
0
0
0
0
0
0
0
0
0
0
0
0
0
0
0
0
0
0
0
0
0
0
0
0
0
0
0
0
0
0
0
0
0
0
0
0
0
0
0
0
0
0
0
0
0
0
0
0
0
0
0
0
0
0
0
0
0
0
0
0
0
0
0
0
0
0
0
0
0
0
0
0
0
0
0
0
0
0
0
0
0
0
0
0
0
0
0
0
0
0
0
0
0
0
0
0
0
0
0
0
0
0
0
0
0
0
0
0
0
0
0
0
0
0
0
0
0
0
0
0
0
0
0
0
0
0
0
0
0
0
0
0
0
0
0
0
0
0
0
0
0
0
0
0
0
0
0
0
0
0
0
0
0
0
0
0
0
0
0
0
0
0
0
0
0
0
0
0
0
0
0
0
0
0
0
0
0
0
0
0
0
0
0
0
0
0
0
0
0
0
0
0
0
0
0
0
0
0
0
0
0
0
0
0
0
0
0
0
0
0
0
0
0
0
0
0
0
0
0
0
0
0
0
0
0
0
0
0
0
0
0
0
0
0
0
0
0
0
0
0
0
0
0
0
0
0
0
0
0
0
0
0
0
0
0
0
0
0
0
0
0
0
0
0
0
0
0
0
0
0
0
0
0
0
0
0
0
0
0
0
0
0
0
0
0
0
0
0
0
0
0
0
0
0
0
0
0
0
0
0
0
0
0
0
0
0
0
0
0
0
0
0
0
0
0
0
0
0
0
0
0
0
0
0
0
0
0
0
0
0
0
0
0
0
0
0
0
0
0
0
0
0
0
0
0
0
0
0
0
0
0
0
0
0
0
0
0
0
0
0
0
0
0
0
0
0
0
0
0
0
0
0
0
0
0
0
0
0
0
0
0
0
0
0
0
0
0
0
0
0
0
0
0
0
0
0
0
0
0
0
0
0
0
0
0
0
0
0
0
0
0
0
0
0
0
0
0
0
0
0
0
0
0
0
0
0
0
0
0
0
0
0
0
0
0
0
0
0
0
0
0
0
0
0
0
0
0
0
0
0
0
0
0
0
0
0
0
0
0
0
0
0
0
0
0
0
0
0
0
0
0
0
0
0
0
0
0
0
0
0
0
0
0
0
0
0
0
0
0
0
0
0
0
0
0
0
0
0
0
0
0
0
0
0
0
0
0
0
0
0
0
0
0
0
0
0
0
0
0
0
0
0
0
0
0
0
0
0
0
0
0
0
0
0
0
0
0
0
0
0
0
0
0
0
0
0
0
0
0
0
0
0
0
0
0
0
0
0
0
0
0
0
0
0
0
0
0
0
0
0
0
0
0
0
0
0
0
0
0
0
0
0
0
0
0
0
0
0
0
0
0
0
0
0
0
0
0
0
0
0
0
0
0
0
0
0
0
0
0
0
0
0
0
0
0
0
0
0
0
0
0
0
0
0
0
0
0
0
0
0
0
0
0
0
0
0
0
0
0
0
0
0
0
0
0
0
0
0
0
0
0
0
0
0
0
0
0
0
0
0
0
0
0
0
0
0
0
0
0
0
0
0
0
0
0
0
0
0
0
0
0
0
0
0
0
0
0
0
0
0
0
0
0
0
0
0
0
0
0
0
0
0
0
0
0
0
0
0
0
0
0
0
0
0
0
0
0
0
0
0
0
0
0
0
0
0
0
0
0
0
0
0
0
0
0
0
0
0
0
0
0
0
0
0
0
0
0
0
0
0
0
0
0
0
0
0
0
0
0
0
0
0
0
0
0
0
0
0
0
0
0
0
0
0
0
0
0
0
0
0
0
0
0
0
0
0
0
0
0
0
0
0
0
0
0
0
0
0
0
0
0
0
0
0
0
0
0
0
0
0
0
0
0
0
0
0
0
0
0
0
0
0
0
0
0
0
0
0
0
0
0
0
0
0
0
0
0
0
0
0
0
0
0
0
0
0
0
0
0
0
0
0
0
0
0
0
0
0
0
0
0
0
0
0
0
0
0
0
0
0
0
0
0
0
0
0
0
0
0
0
0
0
0
0
0
0
0
0
0
0
0
0
0
0
0
0
0
0
0
0
0
0
0
0


-0.196
0
-0.877
0
-3.661
0
2.981
0
-1.001
1
-2.404
0
2.064
0
-7.207
0
1.34
0
-1.828
0
0.423
1
-2.492
0
2.848
1
-5.727
0
2.443
0
-3.409
0
1.843
0
-4.285
0
-6.357
0
2.983
1
5.007
1
0.295001
1
-4.229
1
-11.17
1
2.16
1
3.482
1
-13.419
1
1.546
0
1.846
0
-0.467
0
-1.586
0
-4.609
1
0.745
0
-12.63
0
-6.295
0
-1.755
1
-7.713
1
-2.762
1
-1.862
0
-1.531
0
-4.08
1
-1.912
0
2.773
0
-5.094
1
3.403
1
-0.196
-1.347
0
-3.997
0
-5.979
1
-1.638
0
-2.021
1
0.22
0
-3.332
0
-4.664
0
-8.587
0
-6.471
0
9.334
0
3.943
1
-3.551
0
-0.707
1
-3.734
0
-3.221
1
-2.402
1
-2.363
0
3.119
0
3.136
0
1.533
1
-0.976
1
2.724
1
-6.923
1
3.877
0
-3.612
0
-15.856
0
5.161
0
-0.0179996
0
-1.345
0
-1.73
1
3.041
0
-2.546
0
-8.372
1
-1.875
1
-2.652
0
-6.185
0
-4.426
0
-7.427
0
4.109
1
-4.708
0
-6.099
1
7.953
1
-1.791
0
6.097
1
-1.347
22.584
1
14.674
0
-30.317
1
-17.891
0
0.464
1
-1.533
0
-3.242
1
1.654
0
2.84
1
-60.268
1
-44.228
1
2.942
0
-0.186
1
-0.0520002
1
-7.462
1
-7.271
0
-7.84
1
3.037
0
-8.693
0
7.478
1
8.378
0
8.09
1
4.701
1
-3.986
1
-8.334
0
2.791
0
-4.31
1
-0.992
1
-2.214
0
-6.375
0
4.498
0
-2.365
0
-4.952
0
-6.071
1
-6.841
1
8.59
0
1.622
1
4.952
0
1.058
1
-2.948
0
-4.109
1
2.032
0
-0.257
1
10.948
0
5.306
0
22.584
-20.609
1
0.0849999
1
2.647
1
1.998
1
1.379
0
-10.841
1
-0.965
0
-2.6
0
0.558
0
-0.359
1
1.976
1
-2.15
0
-1.086
0
-1.905
1
-3.813
0
-6.502
1
-1.081
0
-12.82
0
-0.851
1
-3.117
0
-5.534
0
1.011
0
-4.388
0
-3.304
1
-3.939
1
-3.77
0
0.313
1
-1.974
0
-1.494
1
-6.061
1
0.934
0
1.404
0
-3.027
1
0.539001
0
-4.851
0
7.882
1
-1.531
0
6.027
1
0.313
0
-2.52
0
-3.473
1
-8.42
1
-4.038
0
-5.889
0
0.409999
1
-20.609
-0.506999
0
-0.985
1
11.606
1
0.367
1
0.0179999
0
4.22
1
0.346
0
1.458
1
-0.344
1
4.262
0
-4.998
0
-3.964
1
-5.726
0
2.098
1
-5.198
0
1.95
0
4.253
1
-6.355
0
-1.927
0
-9.868
1
4.69
1
3.811
1
0.911
0
-1.349
1
-3.792
1
1.833
1
-4.001
1
-1.183
0
-1.308
0
-8.753
1
-5.265
1
-16.18
0
3.567
0
3.43
0
-4.166
0
-2.178
1
-9.597
1
-15.648
1
-10.606
1
-7.469
0
0.0900004
1
-6.282
1
6.072
1
5.6
1
-5.154
0
-0.506999
-3.867
0
-4.264
1
-1.016
1
-11.277
0
3.029
1
-1.526
1
-17.816
0
-4.314
0
-3.385
0
-0.274
1
-5.771
1
-5.975
0
1.941
1
-5.497
1
-0.93
0
11.531
1
-0.491
1
2.36
0
-10.151
0
-6.041
0
2.272
0
-2.759
0
8.93
1
-4.61
0
-0.886
0
-0.918
0
-5.149
0
1.69
0
-3.602
0
-5.248
1
-0.815
1
-0.795
0
1.815
1
-7.874
0
-1.846
1
-1.048
0
13.707
1
-0.821
1
3.057
1
-1.917
1
-0.838
0
-0.573
0
0.654
0
-1.167
1
2.671
0
-3.867
-36.339
0
5.512
1
2.805
0
3.837
1
-6.15
1
3.965
0
-6.433
1
-3.632
0
2.271
0
-5.849
1
2.596
1
-3.729
1
1.876
1
0.204
1
-7.806
0
-0.321
0
-3.456
1
-3.329
1
-6.322
0
-2.903
0
-8.121
0
0.0479996
0
-3.715
0
3.145
1
-2.406
1
-2.969
0
-6.724
1
3.714
1
2.998
0
3.552
0
4.193
1
-4.77
0
-3.53
0
-2.226
0
-1.794
0
-5.733
0
-3.868
1
-1.765
1
1.174
1
3.607
0
0.594
0
-1.553
0
2.602
0
1.686
1
0.0869999
0
-36.339
-76.988
1
-1.607
0
7.081
0
-12.951
1
-6.892
0
-1.476
0
3.763
0
-0.999
0
-4.145
1
-7.552
1
-5.131
0
-7.664
1
-1.629
1
-9.959
1
-0.443
1
-5.537
1
3.71
1
-2.2
0
1.803
1
6.741
0
-4.17
0
5.498
0
-4.413
0
3.061
1
1.569
0
11.742
1
-1.735
1
0.559
1
-5.155
0
-1.094
1
1.8
0
-4.233
1
-11.189
0
-1.1
0
5.053
1
3.219
0
-7.048
0
-2.434
1
-1.883
0
6.131
0
0.719
1
-9.658
0
-0.238
1
1.451
0
-0.377
0
-76.988
-4.476
0
0.614
0
-5.407
1
-1.83
0
-2.799
0
-0.906
0
3.876
1
-4.586
0
-6.804
0
0.702
1
-3.461
0
-9.253
1
0.157
1
1.162
1
2.926
0
-2.461
1
-0.407
1
2.534
1
-2.08
0
3.942
0
-1.828
0
3.013
0
-3.1
1
-8.861
0
-4.405
1
8.317
0
-1.057
1
3.009
1
-5.614
0
-9.815
0
-4.424
0
-2.055
1
-2.641
0
-0.789
0
-1.486
0
3.4
1
5.8
0
-6.231
0
-6.751
1
-12.09
0
6.657
1
2.881
0
-4.24
1
-3.562
1
-4.606
0
-4.476
-7.316
0
-0.854
1
5.975
1
6.857
1
-0.977
0
-9.019
0
-7.954
0
-3.949
1
2.71
1
-2.776
1
6.383
1
-6.197
0
-6.526
0
-0.615
0
1.982
1
-4.514
0
-1.091
0
0.73
0
-7.982
0
8.54
0
3.349
1
-0.536
1
-0.406
0
-5.903
1
0.536
1
1.37
0
-7.016
0
-1.683
0
0.1
0
1.203
1
0.394
1
-2.31
0
-4.818
1
0.323001
1
2.819
0
7.592
0
-3.896
1
1.932
1
-13.236
1
-1.172
0
-0.425
0
-2.974
0
3.43
1
-1.402
1
0.498
0
-7.316


-0.278
0
5.374
1
-0.158
0
-8.667
0
-2.534
0
-2.233
0
-1.643
0
-2.194
0
0.0820001
1
3.373
0
-5.225
1
1.774
1
-1.849
0
7.107
0
0.737
1
1.139
0
-7.033
0
0.138
0
-3.998
0
-5.148
0
-5.211
0
2.714
0
-0.519
0
-4.486
0
-4.195
1
-10.3
1
6.113
0
-4.742
0
-2.862
1
-2.504
0
0.592
0
-6.42
0
-1.993
0
4.779
1
-3.554
0
-2.376
1
-10.849
1
-2.308
0
-2.347
0
-4.04
1
-6.877
1
-1.017
0
1.874
0
1.486
1
-8.845
1
-0.278
-18.673
1
-1.623
0
-4.927
1
-3.331
1
-2.427
1
5.56
0
-4.522
0
-4.441
1
-1.029
1
-4.662
0
2.739
0
-3.628
1
10.067
1
-5.622
1
-9.692
1
2.827
0
-0.854
0
-1.85
0
0.342
0
-7.152
1
1.555
1
-3.36
0
-6.705
1
4.776
1
-3.685
0
0.533
1
8.505
1
-0.713
0
-7.202
0
-2.284
0
-10.957
1
-6.983
1
-1.213
0
-0.168
1
3.455
0
-1.784
1
-7.803
0
-4.916
0
6.495
1
-1.89
1
-2.604
1
-5.397
1
0.387
1
1.571
1
-1.721
1
-18.673
7.6
1
2.706
1
0.224
0
0.847
0
-4.562
0
-0.987
0
-2.347
1
0.0770001
0
-5.732
1
0.419
1
1.163
1
-1.729
1
-6.737
1
3.045
0
3.294
0
3.038
0
1.402
1
-0.126
1
5.239
1
1.431
0
-6.114
0
4.159
0
7.56
0
-6.327
0
-0.684
1
-8.812
1
5.62
1
1.411
0
-3.072
0
4.365
0
2.885
1
1.815
1
-0.0629995
0
2.8
0
4.958
0
5.54
1
1.123
1
-3.054
0
0.174
0
-6.464
1
3.322
1
-4.251
0
0.764
0
-0.165
1
5.154
0
7.6
-4.552
0
1.364
1
8.786
0
-1.542
0
-8.394
1
0.945
0
-15.355
1
2.215
0
-9.835
0
-3.096
1
-4.073
1
-0.239
0
-3.764
0
3.376
1
-13.297
0
5.324
0
1.261
1
10.946
0
0.243
1
3.933
1
3.567
1
5.185
1
-5.645
0
1.697
1
-3.72
0
1.947
0
0.852
1
-2.071
1
-11.735
0
1.216
1
-5.177
1
-5.078
1
-13.581
0
-0.447
1
1.83
0
-0.838
0
-2.266
0
4.096
0
1.781
1
3.809
1
4.061
0
-0.358
1
-1.46
1
1.597
0
-6.209
0
-4.552
-70.959
0
6.321
1
-3.198
1
-0.189
1
4.055
0
4.657
1
1.86
1
-7.442
0
-0.935
1
-1.128
1
-4.663
0
1.665
1
-16.742
1
-8.742
1
6.42
0
0.89
0
6.307
0
-2.781
1
-0.563
1
-4.352
1
-5.628
0
3.159
0
6.098
1
-0.857
1
4.217
1
-2.068
1
-5.612
0
0.471
0
-5.478
0
-2.16
0
-0.626
0
-1.411
0
-4.517
0
-1.863
1
-5.941
1
-3.582
0
-8.411
0
7.701
1
5.765
0
-2.288
0
-5.05
0
2.067
1
1.391
1
3.097
0
-0.152
0
-70.959
-15.617
0
9.903
0
-0.193
0
-7.757
1
3.406
1
-5.66
1
-1.038
1
-5.436
0
-2.78
1
-5.361
1
1.133
0
4.495
1
-6.585
0
-0.305
0
-1.911
0
-3.55
0
3.692
1
-4.15
0
-0.601
1
-9.031
1
1.161
1
3.763
0
-3.671
1
5.112
1
1.414
1
-1.153
1
-2.35
1
-9.406
1
-1.338
1
-6.447
1
5.411
1
-1.032
0
-5.493
1
-1.5
1
-3.216
0
2.39
0
-7.186
1
0.915
0
-3.025
1
-2.2
0
-3.406
1
-2.78
1
-1.984
0
-0.372
0
-1.179
0
-15.617
1.483
0
0.101
1
5.399
0
1.615
1
0.217
0
3.342
0
-0.571
0
4.969
1
2.967
1
-4.296
1
2.824
1
-5.193
0
0.153
1
-0.677
1
1.991
1
-4.7
1
-0.18
1
2.296
0
0.477
1
-1.449
1
1.704
0
2.704
0
-1.926
0
-3.412
0
5.295
0
-0.792
1
-7.07
0
3.167
0
5.586
0
1.561
1
-1.038
1
0.666
0
3.555
1
4.51
0
-10.106
1
2.549
1
-2.045
1
1.091
0
-5.61
0
-4.649
0
0.775
0
-3.263
1
-5.022
0
-3.214
1
-5.694
1
1.483
15.257
1
1.099
0
-3.582
1
-2.068
1
-4.959
0
2.476
1
-3.573
0
5.585
0
-2.295
1
4.18
1
-0.567
0
10.791
0
-1.269
0
-1.651
1
0.973
0
4.771
1
-0.452
1
-4.644
0
3.149
0
-2.589
0
6.345
1
-5.727
1
-1.548
0
7.199
0
-3.244
1
0.191
1
7.323
1
-9.409
0
-4.136
0
-1.814
1
-3.7
0
0.892
1
0.862
1
-6.74
1
2.228
1
1.536
0
-3.14
0
-1.882
1
2.215
0
-6.145
0
0.451
1
-5.661
1
-4.273
1
-10.858
0
3.298
0
15.257
-10.849
0
-7.161
1
2.183
0
-4.717
1
-3.88
0
2.404
0
-10.155
1
-0.104
1
-8.984
0
-0.839001
0
-4.387
0
6.683
0
1.455
1
1.773
0
-0.796
1
-1.349
1
4.361
0
3.636
1
2.352
1
-8.994
0
-5.592
1
2.005
0
-2.472
1
-8.309
0
7.306
0
0.207
1
8.076
1
0.491
0
0.332
1
9.637
1
-12.339
1
-2.405
1
-5.297
1
2.24
1
1.094
1
-4.609
1
9.157
1
-1.544
1
2.654
0
-3.708
1
3.281
0
-3.555
1
-7.304
1
-2.251
0
-9.765
0
-10.849
-82.083
1
7.945
0
-3.472
0
1.899
1
-4.975
0
-1.133
0
3.92
1
2.614
1
-4.327
0
-4.148
0
0.662
0
10.393
0
-6.554
0
-3.616
0
3.494
1
7.83
0
1.152
1
-0.378999
1
-9.635
0
3.102
0
-2.068
1
-0.523999
0
-4.064
1
0.921
0
-13.901
1
0.658
0
-0.477
0
9.231
1
-0.598
0
-4.784
0
-3.702
0
3.45
0
7.635
0
-2.903
0
-8.138
0
-7.612
1
-9.21
1
9.369
1
0.919
0
3.591
0
5.036
1
4.775
0
-2.502
0
5.807
0
-6.423
1
-82.083


-28.228
1
-9.984
0
-3.529
1
4.18
0
5.975
0
-1.531
1
5.894
0
1.717
1
5.214
1
-0.754
0
1.929
0
-2.536
1
-1.079
1
-2.88
0
0.786
1
1.428
1
-2.482
0
-4.402
0
4.802
0
2.349
0
-1.594
1
-6.297
0
-2.799
0
-5.763
1
-2.687
0
7.463
1
-4.944
0
-1.703
1
-5.439
0
-5.185
0
-2.263
1
0.158999
0
0.214
1
-1.012
1
10.358
0
0.384
0
-5.474
1
-2.971
1
0.871
1
-5.095
1
-6.249
0
-2.478
1
-9.808
0
-7.61
1
-3.289
1
-28.228
-36.874
1
-1.247
1
-0.0429997
0
7.712
0
2.178
0
-7.994
1
-1.723
1
-1.352
0
-3.786
0
-2.616
1
-0.254
0
-8.58
0
-6.158
1
-0.804
1
-0.378
1
1.585
0
0.436
0
-0.734
1
-7.83
0
2.747
0
-2.653
0
-8.585
0
-4.476
1
0.801
1
7.856
1
3.489
1
-1.027
0
-2.809
0
-3.444
1
2.623
0
2.345
1
4.85
1
-5.503
0
1.15
0
-4.952
1
-3.621
0
0.362
1
-6.081
0
4.57
0
0.585
0
0.95
1
4.265
1
-0.243
0
-10.002
1
-8.556
1
-36.874
-15.395
1
-19.488
1
-1.963
0
-5.618
0
-6.659
0
2.681
0
-3.922
0
-0.543
0
2.053
1
-5.63
1
7.787
1
-4.307
0
-5.253
0
-0.925
0
-4.297
0
4.477
1
-0.321
1
3.323
1
3.998
0
1.536
1
0.617
0
-4.213
1
-1.806
1
0.934
1
5.435
1
-0.00899994
0
-3.45
1
-3.549
1
-2.751
1
-2.031
1
-5.744
0
-6.012
0
-5.168
0
-3.813
0
2.103
0
-2.107
1
-1.991
1
-4.588
0
-2.597
0
-5.273
0
4.079
1
4.27
1
-9.994
0
2.872
1
-8.705
0
-15.395
-27.295
1
-0.388
1
2.111
0
-6.295
0
0.574
1
9.753
1
2.119
0
0.316
0
-3.429
1
-0.711
1
0.322
1
1.341
0
-2.533
1
1.082
1
-4.753
1
-0.744
1
2.816
0
-2.36
0
-0.491
1
-10.669
0
-3.102
0
-3.886
0
-4.956
0
0.766
1
2.36
1
-2.311
1
-3.713
0
-0.355
1
1.424
0
8.85
0
-1.62
0
-4.824
0
6.474
1
-0.752
1
0.47
1
-0.182
1
-3.685
1
0.872
0
3.262
1
-3.534
0
-3.119
1
2.285
0
3.117
0
-2.878
0
0.877
1
-27.295
-58.468
1
-1.952
0
9.371
1
-6.451
0
-1.45
1
5.452
1
3.317
0
-12.882
1
0.0820004
0
-6.91
0
1.446
1
0.0739998
1
-1.423
0
-2.139
0
2.162
0
-7.934
1
-1.756
0
0.263
1
3.24
1
1.437
0
1.367
0
-5.241
1
-5.677
1
-0.463
0
-3.798
0
-0.524
0
-3.937
1
-1.362
1
-1.824
1
2.45
1
-0.887
0
1.454
1
9.369
1
4.428
1
-1.779
1
3.235
0
-2.128
0
2.49
1
0.965
1
1.23
1
2.934
1
2.564
0
-4.283
0
11.35
1
5.039
0
-58.468
-8.015
0
4.562
0
1.915
0
9.733
1
-1.814
0
-3.715
0
5.058
0
-3.52
1
2.692
1
-0.445
0
-6.807
1
-5.464
0
3.799
1
-1.571
1
-0.163
0
0.983
1
-2.041
0
0.32
0
4.224
0
-8.241
1
-1.152
0
1.395
0
-8.952
1
-0.544
0
-1.079
1
-12.043
0
-1.428
1
0.94
0
-5.294
0
-0.764
0
2.625
1
-2.456
1
-1.549
1
-3.799
0
0.299
1
2.279
1
3.024
1
4.806
0
-0.0200003
1
-6.212
1
-1.213
0
5.687
0
1.781
1
-4.462
0
0.25
0
-8.015
-57.21
1
-4.429
0
0.854
0
2.213
1
2.016
0
1.101
1
13.699
0
-4.561
1
8.981
1
7.411
0
-2.852
1
-6.339
0
-9.252
0
-3.387
0
7.938
0
-7.995
0
-0.714
0
-0.506
1
-0.49
0
8.255
1
-5.159
0
-6.348
0
-7.979
1
1.675
0
-4.494
0
-4.126
1
2.335
1
12.812
1
-14.919
0
3.435
0
4.879
0
-3.545
1
-3.588
0
-8.771
0
0.733
0
3.085
1
3.893
0
-8.895
1
-2.014
1
-2.887
1
-1.319
0
-3.867
0
3.756
0
3.619
0
-5.202
0
-57.21
-10.256
1
-4.049
1
3.859
1
-4.801
1
-4.895
0
-6.155
1
2.415
1
3.542
1
0.224
1
15.534
0
-0.294
1
-4.42
1
1.294
0
-0.0410001
0
4.339
0
-3.088
0
2.78
1
-0.941
1
-0.144
1
5.471
0
-8.548
0
3.445
1
-0.111
1
-7.608
0
-2.873
1
-6.769
0
-6.368
0
-4.725
1
-11.673
0
-6.275
1
-8.88
1
-0.851
1
13.174
0
8.674
1
-2.246
1
3.147
1
3.851
1
1.06
0
-1.352
1
0.866
1
-0.304
1
-3.743
1
2.438
1
-1.145
0
-4.522
1
-10.256
-57.141
0
-7.34
1
5.106
0
-0.465
0
-2.741
0
-6.001
0
-4.761
0
-3.217
1
-3.335
0
-6.455
1
3.486
0
-2.019
0
-5.643
1
-2.816
0
-2.606
1
-5.76
1
-9.922
1
-2.907
0
-0.618
1
-0.776
1
0.304
0
1.684
1
-7.437
1
4.558
0
0.185
0
4.88
1
-1.715
0
-4.608
1
-6.236
0
0.708
1
-0.63
0
-0.9
0
-3.527
1
0.789
1
6.175
0
-7.223
0
5.295
0
0.133
1
-3.835
0
-6.988
0
6.151
1
-0.662
0
0.438
1
-6.535
0
-2.55
1
-57.141
-41.412
0
-10.045
0
-0.148
1
-6.795
1
-3.908
0
-9.324
0
0.718
1
-2.2
0
4.028
1
-2.084
1
0.887
1
6.812
1
-1.108
1
-6.833
0
-4.53
0
6.591
0
5.388
0
-1.351
0
1.731
0
6.04
0
-1.5
1
-3.637
1
-2.033
1
-5.392
0
-2.078
1
4.877
1
-5.393
1
-2.697
0
2.222
1
2.811
1
-2.125
0
0.582
0
-9.949
1
4.875
1
6.806
1
-1.044
0
-0.199999
0
-4.291
0
2.512
0
1.449
0
4.521
1
-1.796
1
-0.871
0
-5.482
0
-2.503
1
-41.412


-2.456
0
4.287
1
0.02
0
-2.247
0
5.159
0
-0.255
0
-2.189
1
-2.621
0
-2.252
0
-7.826
0
-12.867
1
-11.592
1
-7.06
1
-3.579
1
2.486
0
-0.168
0
-7.644
0
0.584
0
4.519
0
6.151
0
-6.694
0
-2.701
0
5.442
0
1.002
0
-0.767
0
18.181
0
-3.308
1
-2.063
0
-3.406
0
1.688
0
1.425
1
0
0
-0.516999
0
0.295
0
-2.914
0
5.939
0
-1.975
0
-4.461
0
-2.177
0
-5.874
0
-3.576
0
1.166
1
-0.00699997
0
-0.939
0
-3.072
1
-2.456
-3.327
0
1.61
0
-4.513
0
4.963
0
-13.518
0
-12.642
0
-4.726
0
-5.657
0
0.368
0
5.853
0
0.158
1
-0.852
1
3.984
0
1.504
1
-4.056
0
-1.919
1
-2.189
0
-7.16
0
-1.527
0
-0.264
0
1.579
0
0.027
0
4.572
1
0.59
0
-1.704
0
-1.34
0
-5.107
0
1.982
0
-0.154
0
-6.085
0
1.256
0
9.828
0
-0.892
0
-0.315
0
-7.736
0
-4.059
0
3.387
0
-3.268
0
-3.761
0
1.6
0
8.559
0
-6.169
0
-15.663
0
1.576
0
11.366
1
-3.327
0.449001
0
-6.357
1
-0.429
0
4.866
0
7.457
0
2.548
0
1.772
0
-0.441
1
2.224
0
3.906
0
3.076
0
2.899
1
-6.281
1
-1.093
0
-4.648
0
-7.636
0
2.263
0
-2.498
0
3.017
0
3.039
0
1.352
0
0.143
0
-5.717
0
-4.8
0
-3.742
0
-6.353
0
1.834
0
-8.091
0
-1.111
0
0.222
0
-7.235
0
5.845
0
-8.761
0
9.362
0
0.903
0
11.45
0
1.392
0
0.259
0
-3.519
0
-6.57
1
-0.0569999
0
-5.344
0
-11.932
0
-9.488
0
-0.308
1
0.449001
1.982
0
-3.109
0
-3.402
0
2.073
1
2.815
0
-3.292
1
0.769
0
-6.79
0
-1.944
0
3.767
0
-0.0329995
0
4.816
0
-2.661
1
-4.379
0
5.318
0
0
0
-3.078
0
-0.522
0
-2.947
1
0.036
0
-1.453
0
9.963
0
3.052
0
0.715
1
0.04
1
0.163
0
-3.938
0
0.514
0
-2.602
0
1.244
0
-0.0600007
0
-14.374
0
4.698
0
0.826
0
-0.872
0
-3.516
0
-0.219
0
-2.951
0
3.278
0
-3.504
0
-2.586
0
5.938
0
0.531
0
2.34
0
-1.398
1
1.982
