

 Layer 1

node  1		 link	 weight	 bias 0
		1  0	8.33
		2  0	2.83
		3  0	0.65
		4  0	1.25
		5  0	-6.94
		6  0	6.91
		7  0	5.05
		8  0	6.89
		9  0	-5
		10  0	-9.08
		11  0	-0.0900002
		12  0	9.73
		13  0	1.72
		14  0	-2.78
		15  0	-1.13
		16  0	-1.89
		17  0	5.94

node  2		 link	 weight	 bias 0
		1  0	3.77
		2  0	0.89
		3  0	3.01
		4  0	9.35
		5  0	-1.68
		6  0	-9.96
		7  0	4.22
		8  0	-2.97
		9  0	4.72
		10  0	2.93
		11  0	-3.02
		12  0	7.65
		13  0	5.98
		14  0	-5.81
		15  0	3.95
		16  0	3.32
		17  0	-7.79

node  3		 link	 weight	 bias 0
		1  0	7.69
		2  0	-0.73
		3  0	-3.7
		4  0	-0.3
		5  0	-2.75
		6  0	0.81
		7  0	-5.37
		8  0	1.31
		9  0	-2.49
		10  0	-7.18
		11  0	5.67
		12  0	-9.21
		13  0	9.69
		14  0	4.29
		15  0	-2.47
		16  0	-6.56
		17  0	3.87

node  4		 link	 weight	 bias 0
		1  0	-4.17
		2  0	-9.55
		3  0	1.44
		4  0	-1.98
		5  0	1.37
		6  0	9.35
		7  0	9.37
		8  0	-8.45
		9  0	-0.25
		10  0	-0.24
		11  0	9.36
		12  0	9.52
		13  0	-2.93
		14  0	-0.98
		15  0	6.56
		16  0	-7.94
		17  0	-5.42

node  5		 link	 weight	 bias 0
		1  0	-9.97
		2  0	0.42
		3  0	-6.68
		4  0	-7.65
		5  0	6.92
		6  0	-0.73
		7  0	3.29
		8  0	8.63
		9  0	-0.9
		10  0	-3.92
		11  0	-4.33
		12  0	-4.12
		13  0	-7.8
		14  0	3.74
		15  0	-7.26
		16  0	-2.69
		17  0	0.91

node  6		 link	 weight	 bias 0
		1  0	-2.76
		2  0	1.99
		3  0	0.69
		4  0	-7.91
		5  0	7.89
		6  0	-3.07
		7  0	9.76
		8  0	-1.55
		9  0	-9.49
		10  0	7.55
		11  0	5.1
		12  0	-2.16
		13  0	-5.15
		14  0	9.28
		15  0	4.45
		16  0	-6.33
		17  0	-9.23

node  7		 link	 weight	 bias 0
		1  0	-3.9
		2  0	-7.67
		3  0	3.33
		4  0	6.42
		5  0	-9.91
		6  0	9.53
		7  0	-7.16
		8  0	-3.08
		9  0	-5.51
		10  0	-2.52
		11  0	9.93
		12  0	0.62
		13  0	0.62
		14  0	-0.26
		15  0	-5.06
		16  0	-1.94
		17  0	8.94

node  8		 link	 weight	 bias 0
		1  0	-5.2
		2  0	-2.55
		3  0	2.49
		4  0	-7.72
		5  0	-8.82
		6  0	4.17
		7  0	-5.26
		8  0	4.2
		9  0	3.93
		10  0	-4.67
		11  0	8.43
		12  0	-4.32
		13  0	3.55
		14  0	8.5
		15  0	-0.48
		16  0	-9.53
		17  0	-4.69

node  9		 link	 weight	 bias 0
		1  0	6.11
		2  0	-0.72
		3  0	-5.29
		4  0	3.05
		5  0	2.48
		6  0	-7.19
		7  0	-1.49
		8  0	8.94
		9  0	-1.59
		10  0	3.04
		11  0	-2.71
		12  0	-4.46
		13  0	5.09
		14  0	3.59
		15  0	7.45
		16  0	-5.32
		17  0	-5.96

node  10		 link	 weight	 bias 0
		1  0	-0.52
		2  0	1.9
		3  0	-9.38
		4  0	-9.25
		5  0	-5.81
		6  0	-1.25
		7  0	9.73
		8  0	0.45
		9  0	6.94
		10  0	-5.75
		11  0	-7.68
		12  0	-8.14
		13  0	3.62
		14  0	7.63
		15  0	2.74
		16  0	3.49
		17  0	-3.59


 Layer 2

node  1		 link	 weight	 bias 1.156
		1  0	-10.642
		2  1	-2.209
		3  0	-9.551
		4  1	-7.039
		5  0	8.68
		6  0	-7.41
		7  0	-0.76
		8  0	7.755
		9  1	-1.96
		10  0	6.9
		11  1	10.085
		12  0	-7.467
		13  0	3.79
		14  0	-5.901
		15  1	-6.15
		16  1	7.95
		17  1	-9.269

node  2		 link	 weight	 bias -2.067
		1  0	-10.404
		2  0	-9.53
		3  0	-1.88
		4  0	-1.29
		5  0	-4.099
		6  0	-1.854
		7  0	2.27
		8  0	-9.852
		9  0	-1.38
		10  0	9.5
		11  0	-0.852
		12  0	-8.031
		13  0	1.534
		14  1	5.725
		15  0	-3.12
		16  1	-1.485
		17  0	8.768

node  3		 link	 weight	 bias -1.652
		1  1	4.61
		2  0	-9.81
		3  1	-5.48
		4  0	-9.135
		5  0	1.939
		6  0	-6.673
		7  1	-4.876
		8  0	6.83
		9  1	6.588
		10  0	-5.06
		11  0	4.364
		12  1	2.56
		13  1	2.5
		14  0	2.03
		15  1	-4.326
		16  0	3.537
		17  0	-4.815

node  4		 link	 weight	 bias -6.269
		1  1	-1.12
		2  0	-0.17
		3  1	0.719
		4  1	0.015
		5  1	0.345
		6  1	-0.042
		7  0	0.2
		8  0	0
		9  0	-0.256
		10  0	-0.00699997
		11  1	0
		12  0	0
		13  1	0.19
		14  1	0.984
		15  0	-0.74
		16  1	0
		17  1	-0.188

node  5		 link	 weight	 bias -0.946
		1  1	-0.898
		2  0	-0.364
		3  1	-0.925
		4  1	0.514
		5  0	0
		6  0	-0.061
		7  0	0
		8  0	-0.155
		9  1	0.457
		10  0	0
		11  1	-0.942
		12  1	0
		13  0	0
		14  1	0
		15  1	0
		16  1	0
		17  0	-0.112


 Layer 3

node  1		 link	 weight	 bias -1.476
		1  1	0
		2  0	0
		3  0	-0.295
		4  1	0.429
		5  0	0
		6  1	0
		7  1	-0.472
		8  0	-0.0560001
		9  0	0.904
		10  0	0
		11  0	0.446
		12  0	0.417
		13  1	-0.719
		14  0	-0.468
		15  1	1.808
		16  0	0.459
		17  1	1.175

node  2		 link	 weight	 bias -0.837
		1  1	0
		2  0	0
		3  0	-1.573
		4  0	0
		5  0	0
		6  0	0
		7  0	-0.101
		8  0	1.458
		9  0	0
		10  0	-0.774
		11  0	0
		12  0	-0.016
		13  1	-0.176
		14  1	0.957
		15  1	0
		16  1	0
		17  0	0

node  3		 link	 weight	 bias 0.845
		1  0	0.377
		2  1	0
		3  0	-1.298
		4  0	1.422
		5  0	-0.868
		6  0	-0.093
		7  0	0
		8  1	0
		9  1	0.0549999
		10  0	0
		11  0	-0.594
		12  0	0.807
		13  0	0
		14  0	-0.898
		15  0	-0.785
		16  0	-0.886
		17  1	0.741

node  4		 link	 weight	 bias -5.96046e-08
		1  1	0.201
		2  0	0.271
		3  1	-0.755
		4  0	0.575
		5  0	0
		6  0	-0.218
		7  0	0.767
		8  0	0
		9  0	-0.428
		10  1	0
		11  1	0.781
		12  1	0.704
		13  0	0.83
		14  1	0
		15  1	-0.543
		16  0	0.172
		17  1	-0.179

node  5		 link	 weight	 bias -0.284
		1  0	-0.295
		2  0	-0.169
		3  1	0.731
		4  0	-0.365
		5  1	1.373
		6  0	0.745
		7  1	0
		8  0	-0.494
		9  1	0
		10  0	0
		11  0	-0.958
		12  0	-1.798
		13  0	-1.582
		14  0	0
		15  1	-0.97
		16  0	-0.919
		17  1	0


 Layer 4

node  1		 link	 weight	 bias 1.706
		1  0	4.819
		2  0	7.998
		3  0	4.48
		4  1	7.8
		5  1	-0.254
		6  0	-1.254
		7  0	-5.849
		8  0	-5.218
		9  0	-7.474
		10  0	6.24
		11  0	3.166
		12  1	-4.1
		13  0	-6.23
		14  0	0.738
		15  0	9.88
		16  0	-5.4
		17  0	-6.901

node  2		 link	 weight	 bias -1.34
		1  1	8.3
		2  0	6.215
		3  0	8.27
		4  0	-9.526
		5  0	5.65
		6  0	-2.3
		7  1	8.319
		8  0	12.265
		9  0	6.784
		10  0	4.585
		11  0	4.71
		12  1	-5.089
		13  0	4.522
		14  1	-7.21
		15  0	-5.982
		16  0	2.47
		17  1	0.253

node  3		 link	 weight	 bias -0.124
		1  0	-8.89
		2  0	8.763
		3  0	-3.74
		4  0	-7.404
		5  1	3.996
		6  0	5.85
		7  0	9
		8  1	8.4
		9  0	-7.52
		10  0	-1.47
		11  0	-4.41
		12  1	0.774
		13  0	-5.97
		14  0	8.74
		15  0	-0.88
		16  0	-5.094
		17  1	0.475

node  4		 link	 weight	 bias 0.752
		1  0	3.13
		2  0	5.81
		3  1	0.27
		4  0	-7.77
		5  0	6.681
		6  1	3.602
		7  0	4.257
		8  1	-6.272
		9  1	4.795
		10  0	-5.538
		11  0	6.826
		12  0	-3.786
		13  0	5.26
		14  1	0.187
		15  1	-0.54
		16  1	6.203
		17  0	9.128
