

 Layer 1

node  1		 link	 weight	 bias 0
		1  0	-4.41
		2  0	7.9
		3  0	-5.26
		4  0	-3.63
		5  0	-5.37
		6  0	-3.82
		7  0	4.48
		8  0	-2.83
		9  0	-0.88
		10  0	-6.1
		11  0	-2.58
		12  0	5.63
		13  0	6
		14  0	-8.62
		15  0	-3.13
		16  0	-2.58
		17  0	2.8

node  2		 link	 weight	 bias 0
		1  0	-8.63
		2  0	2.23
		3  0	2.88
		4  0	-7.04
		5  0	3.12
		6  0	-5.02
		7  0	-6.68
		8  0	2.31
		9  0	-2.47
		10  0	3.23
		11  0	6.78
		12  0	1.53
		13  0	-6.28
		14  0	-1.57
		15  0	1.88
		16  0	5.95
		17  0	8.22

node  3		 link	 weight	 bias 0
		1  0	-7.32
		2  0	-5.61
		3  0	8.45
		4  0	8.56
		5  0	1.01
		6  0	-9.9
		7  0	-6.91
		8  0	-2.49
		9  0	2.96
		10  0	8.39
		11  0	7.94
		12  0	-9.97
		13  0	-4.42
		14  0	3.48
		15  0	2.31
		16  0	-4.82
		17  0	-6.21

node  4		 link	 weight	 bias 0
		1  0	-8.57
		2  0	-5.08
		3  0	-9.16
		4  0	9.25
		5  0	9.79
		6  0	-2.5
		7  0	0.29
		8  0	-8.22
		9  0	-9.81
		10  0	0.93
		11  0	-0.9
		12  0	9.47
		13  0	-6.4
		14  0	7.96
		15  0	-2.89
		16  0	8.51
		17  0	8.81

node  5		 link	 weight	 bias 0
		1  0	3.61
		2  0	-9.41
		3  0	-4.92
		4  0	9.78
		5  0	3.91
		6  0	-0.34
		7  0	6.64
		8  0	0.91
		9  0	-0.51
		10  0	6.77
		11  0	8.88
		12  0	-7.4
		13  0	9.51
		14  0	-3.97
		15  0	5.63
		16  0	-9.65
		17  0	-9.78

node  6		 link	 weight	 bias 0
		1  0	-9.98
		2  0	-5.74
		3  0	2.31
		4  0	0.65
		5  0	2.97
		6  0	-3.39
		7  0	2.84
		8  0	-6.42
		9  0	-0.23
		10  0	6.41
		11  0	-6.74
		12  0	-0.24
		13  0	-8.43
		14  0	-3.52
		15  0	3.31
		16  0	9.69
		17  0	-0.68

node  7		 link	 weight	 bias 0
		1  0	8.29
		2  0	-9.61
		3  0	6.95
		4  0	-2.34
		5  0	9
		6  0	-8.68
		7  0	-8.68
		8  0	-1.27
		9  0	-3.79
		10  0	2.55
		11  0	1.94
		12  0	3.74
		13  0	-9.42
		14  0	5.31
		15  0	-6.03
		16  0	9.76
		17  0	4.6

node  8		 link	 weight	 bias 0
		1  0	7.8
		2  0	-7.56
		3  0	-5.86
		4  0	1.72
		5  0	-4.71
		6  0	3.37
		7  0	8.12
		8  0	1.49
		9  0	-1.43
		10  0	-9.72
		11  0	4.99
		12  0	5.4
		13  0	4.45
		14  0	-2.33
		15  0	7.87
		16  0	-9.74
		17  0	-5.92

node  9		 link	 weight	 bias 0
		1  0	-0.61
		2  0	-3.73
		3  0	-5.82
		4  0	-4.26
		5  0	1.64
		6  0	-7.29
		7  0	3.17
		8  0	-0.66
		9  0	-8.15
		10  0	-4.93
		11  0	-7.54
		12  0	-6.49
		13  0	3.56
		14  0	-8.47
		15  0	7.01
		16  0	-5.91
		17  0	-0.52

node  10		 link	 weight	 bias 0
		1  0	-8.56
		2  0	9.97
		3  0	-2.1
		4  0	3.86
		5  0	-1.79
		6  0	4.09
		7  0	-8.7
		8  0	-3.63
		9  0	-6.57
		10  0	4.67
		11  0	8.32
		12  0	1.11
		13  0	-3.25
		14  0	0.43
		15  0	3.71
		16  0	1.37
		17  0	0.12


 Layer 2

node  1		 link	 weight	 bias -0.302
		1  0	7.947
		2  1	-6.383
		3  0	-0.196
		4  0	-8.88
		5  0	-6.47
		6  0	4.635
		7  0	5.41
		8  0	-5.595
		9  0	3.809
		10  0	6.33
		11  0	4.602
		12  0	-6.273
		13  0	1.16
		14  0	1.179
		15  0	-6.15
		16  1	-7.567
		17  1	-9.25

node  2		 link	 weight	 bias 2.135
		1  0	6.248
		2  1	-5.75
		3  1	6.783
		4  0	-2.775
		5  0	2.626
		6  1	4.755
		7  0	-1.96
		8  1	-3.769
		9  1	0.485
		10  0	-0.0779999
		11  1	-4.683
		12  1	9.45
		13  0	8.15
		14  1	-1.56
		15  1	-8.41
		16  0	-5.288
		17  0	-4.05

node  3		 link	 weight	 bias 0.746
		1  1	8.33
		2  0	5.05
		3  0	5.68
		4  0	1.284
		5  1	9.57
		6  1	-7.103
		7  0	-4.22
		8  0	0.04
		9  0	-0.6
		10  1	-5.04
		11  0	-2.26
		12  0	-7.159
		13  1	8.825
		14  0	-7.202
		15  0	-7.229
		16  0	7.367
		17  1	-6.04

node  4		 link	 weight	 bias 1.026
		1  0	-0.41
		2  0	0.509
		3  1	-1.119
		4  0	0
		5  1	0
		6  0	0
		7  1	0
		8  0	0
		9  0	0
		10  1	0
		11  1	0
		12  0	0
		13  0	0
		14  0	0
		15  1	0
		16  0	0
		17  0	0.061

node  5		 link	 weight	 bias 3.192
		1  0	0
		2  0	0
		3  0	0
		4  0	-0.749
		5  0	0
		6  1	0
		7  1	0.00699997
		8  1	0
		9  0	0
		10  1	0.477
		11  1	0
		12  0	-0.769
		13  0	0
		14  1	0
		15  0	0
		16  0	0.366
		17  1	0


 Layer 3

node  1		 link	 weight	 bias 1.153
		1  0	0
		2  0	0.725
		3  0	-0.431
		4  0	0
		5  1	0
		6  0	-0.947
		7  0	-0.082
		8  0	0
		9  0	0
		10  1	-0.103
		11  0	-0.732
		12  0	-0.979
		13  0	-0.026
		14  1	-0.923
		15  0	0
		16  0	0.339
		17  0	0

node  2		 link	 weight	 bias 1.117
		1  0	0
		2  0	0
		3  0	0
		4  0	0
		5  0	0
		6  1	0
		7  1	0
		8  1	0
		9  0	0.516
		10  1	-0.613
		11  1	0
		12  0	0
		13  0	0
		14  1	0
		15  1	0
		16  0	0
		17  0	0

node  3		 link	 weight	 bias 1.542
		1  1	-0.162
		2  1	0.837
		3  0	0.475
		4  0	0.131
		5  0	0.985
		6  1	0
		7  0	0.464
		8  1	0
		9  0	0
		10  1	0
		11  0	-0.597
		12  1	0
		13  0	0.401
		14  1	0
		15  0	0
		16  0	-1.044
		17  1	0

node  4		 link	 weight	 bias 0.181
		1  0	0.179
		2  1	0
		3  1	0
		4  0	-0.099
		5  1	0
		6  0	0
		7  1	0
		8  1	0
		9  0	-0.88
		10  0	0.251
		11  0	0
		12  0	-0.136
		13  0	0
		14  1	-0.95
		15  0	0
		16  0	0
		17  0	0

node  5		 link	 weight	 bias -1.552
		1  1	0
		2  0	0
		3  0	-0.198
		4  0	-0.884
		5  1	-0.843
		6  0	0
		7  0	0
		8  1	-0.275
		9  0	0
		10  0	0
		11  0	0
		12  0	-0.647
		13  1	0
		14  0	0
		15  1	0
		16  0	0
		17  0	-0.604


 Layer 4

node  1		 link	 weight	 bias -4.218
		1  1	-9.268
		2  0	-8.77
		3  1	-4.189
		4  0	-7.57
		5  0	-6.49
		6  1	-6.91
		7  0	3.63
		8  1	-7.04
		9  1	10.488
		10  1	-3.737
		11  0	3.4
		12  1	9.01
		13  0	1.51
		14  0	-1.321
		15  0	-9.748
		16  0	7.57
		17  0	2.907

node  2		 link	 weight	 bias -0.627
		1  0	2.4
		2  0	4.07
		3  0	5.67
		4  0	5.019
		5  0	7.3
		6  0	7.07
		7  0	-8.549
		8  0	9.26
		9  1	3.119
		10  0	0.431
		11  0	-4.22
		12  0	3.302
		13  0	3.76
		14  0	-2.4
		15  1	-7.454
		16  0	-6.61
		17  0	-3.14

node  3		 link	 weight	 bias -0.548
		1  0	-2.27
		2  0	2.124
		3  0	8.37
		4  0	-4.94
		5  1	9.523
		6  1	-3.43
		7  0	-4.75
		8  1	6.39
		9  0	9.9
		10  0	-7.406
		11  0	-3.18
		12  0	-7.6
		13  1	-7.97
		14  0	-2.458
		15  0	5.484
		16  0	-10.424
		17  0	1.481

node  4		 link	 weight	 bias -0.596
		1  0	-8.795
		2  0	-4.029
		3  0	-0.226
		4  0	8.56
		5  0	2.63
		6  0	-9.82
		7  0	-5.09
		8  0	2.8
		9  1	7.1
		10  0	-9.73
		11  0	-5.36
		12  1	-4.02
		13  1	7.722
		14  0	4.885
		15  0	-7.58
		16  0	-8.231
		17  0	7.24
