

 Layer 1

node  1		 link	 weight	 bias 0
		1  0	-0.67
		2  0	6.78
		3  0	-5.97
		4  0	0.0200005
		5  0	7.01
		6  0	-9.34
		7  0	-8.77
		8  0	-9.86
		9  0	5.03
		10  0	-3.26
		11  0	-8.01
		12  0	1.93
		13  0	8.24
		14  0	-7.9
		15  0	8.64
		16  0	-6.27
		17  0	-6.83

node  2		 link	 weight	 bias 0
		1  0	4.79
		2  0	-7.19
		3  0	7.77
		4  0	7.99
		5  0	-4.33
		6  0	-8.76
		7  0	3.13
		8  0	-9.13
		9  0	-2.56
		10  0	-1.71
		11  0	0.46
		12  0	4.41
		13  0	-7.31
		14  0	-6.62
		15  0	-0.77
		16  0	5.39
		17  0	-7.45

node  3		 link	 weight	 bias 0
		1  0	3.01
		2  0	-0.0699997
		3  0	-9.49
		4  0	5.3
		5  0	-3.41
		6  0	7.55
		7  0	6.89
		8  0	9.81
		9  0	-7.54
		10  0	3.74
		11  0	3.51
		12  0	6.91
		13  0	4.75
		14  0	7.26
		15  0	-4.82
		16  0	6.07
		17  0	1.11

node  4		 link	 weight	 bias 0
		1  0	8.52
		2  0	1.05
		3  0	6.11
		4  0	9.04
		5  0	-3.83
		6  0	-9.34
		7  0	3.2
		8  0	-9.42
		9  0	6.05
		10  0	0.34
		11  0	-7.65
		12  0	4.49
		13  0	-6.22
		14  0	3.52
		15  0	2.44
		16  0	3.7
		17  0	-5.06

node  5		 link	 weight	 bias 0
		1  0	-9.08
		2  0	-2.74
		3  0	-8.67
		4  0	-8.03
		5  0	-8.58
		6  0	6.06
		7  0	-2.92
		8  0	5.75
		9  0	-1.28
		10  0	2.06
		11  0	6.72
		12  0	-4.29
		13  0	-0.47
		14  0	3.86
		15  0	-3.04
		16  0	1.34
		17  0	-6.35

node  6		 link	 weight	 bias 0
		1  0	8.8
		2  0	-7.93
		3  0	-2.65
		4  0	-8.53
		5  0	0.72
		6  0	9.96
		7  0	7.1
		8  0	6.87
		9  0	5.17
		10  0	9.15
		11  0	6.51
		12  0	4.91
		13  0	-8.5
		14  0	-9.47
		15  0	-1.02
		16  0	-3.65
		17  0	-5.83

node  7		 link	 weight	 bias 0
		1  0	5.99
		2  0	2.97
		3  0	-0.49
		4  0	0.0900002
		5  0	-7.89
		6  0	-5.24
		7  0	2.53
		8  0	8.23
		9  0	8.55
		10  0	2.55
		11  0	0.93
		12  0	8.02
		13  0	4.56
		14  0	-3.48
		15  0	-7
		16  0	8.38
		17  0	-8.04

node  8		 link	 weight	 bias 0
		1  0	-2.43
		2  0	-3.12
		3  0	7.56
		4  0	8.45
		5  0	-3.78
		6  0	-9.99
		7  0	-5.66
		8  0	-1.14
		9  0	6.98
		10  0	-7.55
		11  0	-4.92
		12  0	-2.29
		13  0	9.59
		14  0	8.92
		15  0	7.3
		16  0	-9.28
		17  0	2.4

node  9		 link	 weight	 bias 0
		1  0	6.77
		2  0	-9.15
		3  0	4.77
		4  0	9.77
		5  0	-6.8
		6  0	4.74
		7  0	1.78
		8  0	8.22
		9  0	-8.28
		10  0	5.36
		11  0	2.45
		12  0	-4.19
		13  0	-4.42
		14  0	2.5
		15  0	1.96
		16  0	0.85
		17  0	7.24

node  10		 link	 weight	 bias 0
		1  0	-1.29
		2  0	-1.02
		3  0	7.6
		4  0	-5.25
		5  0	8.01
		6  0	5.04
		7  0	7.63
		8  0	-1.95
		9  0	3.09
		10  0	-6.85
		11  0	-3.3
		12  0	-3.58
		13  0	4.87
		14  0	7.58
		15  0	-4.43
		16  0	2.91
		17  0	8.56


 Layer 2

node  1		 link	 weight	 bias -3.05
		1  1	-1
		2  0	3.405
		3  1	7.958
		4  1	6.127
		5  1	-8.472
		6  0	7.937
		7  0	5.037
		8  0	-6.315
		9  0	-4.015
		10  1	5.916
		11  1	-12.842
		12  0	4.27
		13  1	-8.182
		14  0	-8.36
		15  1	-3.431
		16  1	6.252
		17  0	8.682

node  2		 link	 weight	 bias -5.849
		1  1	-3.121
		2  1	0.512
		3  0	-2.708
		4  1	-7.868
		5  1	8.052
		6  0	7.797
		7  1	-4.004
		8  1	-3.621
		9  1	5.357
		10  0	4.23
		11  0	-3.171
		12  1	-9.361
		13  1	7.276
		14  0	-12.837
		15  1	7.152
		16  0	-1.617
		17  1	4.74

node  3		 link	 weight	 bias -1.56
		1  1	4.367
		2  1	-2.213
		3  1	1.328
		4  1	2.351
		5  0	-12.165
		6  1	-4.191
		7  1	-4.866
		8  1	-1.476
		9  1	-3.964
		10  1	-1.751
		11  0	0.858
		12  0	7.496
		13  1	-5.8
		14  0	-5.186
		15  0	5.905
		16  1	4.385
		17  1	-4.745

node  4		 link	 weight	 bias 1.613
		1  0	-0.8
		2  0	-1.679
		3  1	-1.073
		4  0	-5.568
		5  0	1.021
		6  0	-0.621
		7  1	1.36
		8  1	0.491
		9  0	-0.294
		10  1	-2.254
		11  1	0.999
		12  1	-0.62
		13  0	0.814
		14  1	0.254
		15  1	-0.172
		16  0	-1.777
		17  0	-0.321

node  5		 link	 weight	 bias 3.882
		1  0	0.949
		2  1	-1.161
		3  1	0.129
		4  1	0.778
		5  0	-1.97
		6  0	-0.173
		7  1	1.594
		8  0	-2.534
		9  1	-2.86
		10  1	1.231
		11  0	1.49
		12  0	0.677
		13  1	-0.182
		14  0	0.082
		15  1	0.262
		16  1	1.118
		17  0	1.639

node  6		 link	 weight	 bias -7.082
		1  0	2.53
		2  0	-3.702
		3  1	-0.233
		4  0	0.512
		5  0	-1.421
		6  0	0.775
		7  1	-0.723
		8  1	-0.756
		9  0	1.168
		10  1	1.171
		11  1	1.146
		12  1	0.647
		13  1	-1.461
		14  0	0.701
		15  0	2.283
		16  0	-0.586
		17  0	-1.006


 Layer 3

node  1		 link	 weight	 bias -7.552
		1  1	0.612
		2  0	2.298
		3  0	-1.823
		4  1	-0.0960001
		5  0	1.33
		6  1	-1.588
		7  1	-0.937
		8  1	1.107
		9  0	-0.0889999
		10  0	-1.762
		11  0	-1.946
		12  0	0.12
		13  1	0.057
		14  0	1.505
		15  1	0.023
		16  0	-1.554
		17  1	0.677

node  2		 link	 weight	 bias -0.610001
		1  1	-0.364
		2  0	1.154
		3  1	1.925
		4  0	-1.09
		5  0	0.236
		6  1	-0.0969999
		7  1	-2.356
		8  1	0.499
		9  0	-3.405
		10  1	-0.673
		11  1	2.633
		12  0	1.736
		13  1	-1.715
		14  0	-1.857
		15  0	-0.075
		16  1	1.869
		17  0	0.146

node  3		 link	 weight	 bias -3.427
		1  1	0.842
		2  0	-2.378
		3  1	-2.88
		4  1	-1.061
		5  1	0.434
		6  0	1.218
		7  0	-0.0420001
		8  0	-0.437
		9  1	-0.871
		10  1	-0.549
		11  0	0.486
		12  1	-0.76
		13  0	0.025
		14  1	-0.517
		15  1	0.638
		16  0	-1.335
		17  1	-0.65

node  4		 link	 weight	 bias 18.414
		1  1	-2.545
		2  0	0.621
		3  0	1.993
		4  0	0.799
		5  0	-1.325
		6  1	-2.701
		7  1	-0.197
		8  0	0.91
		9  1	-0.724
		10  0	-3.317
		11  1	0.071
		12  1	-0.016
		13  0	-1.402
		14  1	-1.481
		15  1	0.449
		16  1	1.411
		17  0	1.485

node  5		 link	 weight	 bias 0.532
		1  1	1.006
		2  1	-0.58
		3  1	-1.029
		4  1	0.00700003
		5  0	-2.206
		6  0	-0.215
		7  0	0.592
		8  1	0.77
		9  0	-1.5
		10  0	-0.584
		11  0	-0.567
		12  0	0.611
		13  1	-2.151
		14  1	-0.042
		15  1	-2.145
		16  1	1.828
		17  0	-1.492

node  6		 link	 weight	 bias -5.665
		1  0	1.323
		2  0	1.498
		3  0	-0.875
		4  0	-1.083
		5  1	-1.277
		6  1	-1.254
		7  0	0.724
		8  0	-1.733
		9  0	-1.576
		10  1	2.986
		11  0	-0.399
		12  1	-3.294
		13  1	1.589
		14  0	-1.968
		15  0	-0.834
		16  0	-1.568
		17  0	-2.206


 Layer 4

node  1		 link	 weight	 bias 3.898
		1  1	-8.937
		2  0	-4.702
		3  0	0.665
		4  0	8.056
		5  1	0.915999
		6  0	8.276
		7  1	-8.518
		8  1	-11.007
		9  1	-5.024
		10  1	-6.493
		11  0	4.797
		12  0	-7.472
		13  0	6.302
		14  0	8.556
		15  0	2.004
		16  1	-8.042
		17  1	2.508

node  2		 link	 weight	 bias 7.352
		1  1	1.088
		2  1	1.121
		3  0	8.656
		4  0	-3.476
		5  1	-7.176
		6  0	-2.843
		7  1	1.628
		8  0	7.653
		9  1	5.76
		10  1	9.292
		11  0	0.577
		12  1	-0.77
		13  0	3.79
		14  0	1.465
		15  1	-0.359
		16  0	-10.838
		17  1	4.903

node  3		 link	 weight	 bias -0.469
		1  0	3.673
		2  0	-8.947
		3  0	-0.351
		4  0	-5.872
		5  0	-4.161
		6  0	-2.35
		7  0	2.753
		8  0	-6.882
		9  0	5.066
		10  0	-8.53
		11  1	-2.814
		12  0	-5.033
		13  0	0.19
		14  1	-4.576
		15  0	-2.272
		16  0	-3.14
		17  1	2.479

node  4		 link	 weight	 bias 2.036
		1  0	-5.423
		2  0	3.71
		3  0	-8.412
		4  0	-7.28
		5  1	-5.999
		6  0	-5.858
		7  0	5.765
		8  0	1.271
		9  1	8.777
		10  0	-7.559
		11  1	-0.0659997
		12  1	-5.169
		13  1	-5.62
		14  1	5.195
		15  0	-0.395
		16  1	0.204
		17  1	6.585
