

 Layer 1

node  1		 link	 weight	 bias 0
		1  0	-2.6
		2  0	1.97
		3  0	-7.71
		4  0	-8.42
		5  0	-4.87
		6  0	7.78
		7  0	7.29
		8  0	1.14
		9  0	2.82
		10  0	-9
		11  0	-8.92
		12  0	-1.43
		13  0	4.3
		14  0	-1.62
		15  0	-5.89
		16  0	-9.54
		17  0	-8.36

node  2		 link	 weight	 bias 0
		1  0	5.31
		2  0	-6.34
		3  0	-6.97
		4  0	0.44
		5  0	8.03
		6  0	5.06
		7  0	-6.54
		8  0	-6.21
		9  0	-4.31
		10  0	-7.15
		11  0	-0.91
		12  0	6.36
		13  0	0.49
		14  0	1.51
		15  0	-0.15
		16  0	6.44
		17  0	5.33

node  3		 link	 weight	 bias 0
		1  0	-0.31
		2  0	2.17
		3  0	0.74
		4  0	-8.38
		5  0	-9.43
		6  0	5.65
		7  0	0.79
		8  0	1.94
		9  0	-6.53
		10  0	-6.51
		11  0	-8.2
		12  0	-0.91
		13  0	0.8
		14  0	-5.13
		15  0	-4.64
		16  0	-2.07
		17  0	0.6

node  4		 link	 weight	 bias 0
		1  0	-0.21
		2  0	7
		3  0	-6.11
		4  0	-9.11
		5  0	8.94
		6  0	0.64
		7  0	-7.07
		8  0	1.39
		9  0	1.11
		10  0	0.88
		11  0	7.5
		12  0	-3.72
		13  0	-3.67
		14  0	-5.44
		15  0	3.65
		16  0	-7.58
		17  0	9

node  5		 link	 weight	 bias 0
		1  0	0.58
		2  0	9.2
		3  0	-6.31
		4  0	4.4
		5  0	5.51
		6  0	-0.49
		7  0	2.64
		8  0	-6.46
		9  0	-4.81
		10  0	-5.29
		11  0	-2.03
		12  0	1.01
		13  0	8.58
		14  0	-4.16
		15  0	-4.31
		16  0	8.06
		17  0	7.02

node  6		 link	 weight	 bias 0
		1  0	9.09
		2  0	-6.51
		3  0	0.39
		4  0	6.11
		5  0	-0.44
		6  0	-7.8
		7  0	2.98
		8  0	5.5
		9  0	5.21
		10  0	-4.38
		11  0	4.06
		12  0	4.69
		13  0	-9.13
		14  0	-2.71
		15  0	-9.47
		16  0	-3.37
		17  0	-5.52

node  7		 link	 weight	 bias 0
		1  0	6.58
		2  0	1.51
		3  0	-9.6
		4  0	7.51
		5  0	6.43
		6  0	-0.6
		7  0	2.98
		8  0	-6.32
		9  0	4.88
		10  0	2.03
		11  0	-1.33
		12  0	8.98
		13  0	4.92
		14  0	0.97
		15  0	-5.38
		16  0	-5.17
		17  0	-2.28

node  8		 link	 weight	 bias 0
		1  0	-7.76
		2  0	-7.17
		3  0	-8.5
		4  0	-7.27
		5  0	8.69
		6  0	8.4
		7  0	-3.32
		8  0	2.91
		9  0	1.14
		10  0	6.24
		11  0	-2.39
		12  0	9.14
		13  0	3.09
		14  0	2.96
		15  0	-7.73
		16  0	5.3
		17  0	-0.54

node  9		 link	 weight	 bias 0
		1  0	0.97
		2  0	8.38
		3  0	9.35
		4  0	-5.08
		5  0	0.79
		6  0	-6.27
		7  0	7.7
		8  0	-9.86
		9  0	8.32
		10  0	7.08
		11  0	8.5
		12  0	-5.33
		13  0	-7.81
		14  0	-8.2
		15  0	-0.77
		16  0	-0.19
		17  0	-8.47

node  10		 link	 weight	 bias 0
		1  0	-8.98
		2  0	5.15
		3  0	-0.98
		4  0	-0.53
		5  0	7.59
		6  0	-0.84
		7  0	-7.7
		8  0	7.92
		9  0	0.89
		10  0	3.68
		11  0	1.54
		12  0	9.86
		13  0	-9.77
		14  0	-0.6
		15  0	-1.41
		16  0	-4.98
		17  0	3.57


 Layer 2

node  1		 link	 weight	 bias -0.706
		1  1	1.05
		2  0	11.009
		3  1	-9.124
		4  1	-8.67
		5  0	7.621
		6  0	3.743
		7  0	2.582
		8  1	8.504
		9  0	10.276
		10  0	6.383
		11  0	-2.544
		12  1	8.634
		13  1	0.106
		14  0	-8.402
		15  1	-2.907
		16  0	-6.471
		17  0	1.094

node  2		 link	 weight	 bias 2.529
		1  1	-4.595
		2  1	9.998
		3  1	0.52
		4  0	5.883
		5  0	-8.598
		6  1	-0.399
		7  0	0.642
		8  1	8.893
		9  0	-2.438
		10  0	6.036
		11  0	-6.33
		12  1	-2.387
		13  0	3.34
		14  0	2.891
		15  1	8.468
		16  1	-2.9
		17  1	-4.557

node  3		 link	 weight	 bias -3.059
		1  0	6.497
		2  1	-7.07
		3  1	-6.304
		4  0	10.867
		5  0	5.75
		6  1	-6.94
		7  0	1.308
		8  1	-3.858
		9  1	5.792
		10  0	-3.471
		11  1	2.049
		12  1	-8.944
		13  1	0.584
		14  0	0.694
		15  1	8.843
		16  0	-10.252
		17  0	4.8

node  4		 link	 weight	 bias -2.984
		1  1	-0.445
		2  0	1.378
		3  1	0.304
		4  1	-1.365
		5  0	0.893
		6  0	1.109
		7  1	-0.783
		8  0	0.478
		9  0	-0.185
		10  1	0.794
		11  1	-3.053
		12  1	-1.365
		13  1	-1.634
		14  0	0.748
		15  1	-2.845
		16  0	-1.43
		17  0	-1.73

node  5		 link	 weight	 bias -5.435
		1  0	-1.141
		2  1	1.414
		3  0	-0.054
		4  0	-0.507
		5  0	-0.594
		6  0	0.891
		7  0	0.136
		8  0	1.176
		9  1	-0.242
		10  1	0.153
		11  0	0.098
		12  1	1.635
		13  0	0.722
		14  0	-0.047
		15  1	-1.605
		16  0	-0.492
		17  1	1.715

node  6		 link	 weight	 bias -0.618
		1  1	3.301
		2  1	0.607
		3  1	-1.265
		4  0	-1.515
		5  0	-0.436
		6  1	1.336
		7  1	-2.088
		8  1	0.602
		9  1	3.131
		10  0	1.315
		11  1	1.049
		12  0	-0.96
		13  0	0.858
		14  0	0.858
		15  1	-1.59
		16  1	0.326
		17  1	-0.549


 Layer 3

node  1		 link	 weight	 bias 4.326
		1  1	-1.97
		2  0	0.625
		3  1	2.375
		4  1	-0.00200009
		5  1	-0.41
		6  0	-0.372
		7  0	0.738
		8  1	1.007
		9  1	0.672
		10  1	-1.287
		11  0	2.134
		12  0	-0.043
		13  0	0.181
		14  1	0.24
		15  1	-1.519
		16  1	0.342
		17  1	0.923

node  2		 link	 weight	 bias 2.961
		1  0	-0.48
		2  0	-1.117
		3  1	1.031
		4  1	-3.402
		5  0	-2.206
		6  0	2.723
		7  0	-0.968
		8  1	0.00200003
		9  0	-0.928
		10  1	-1.545
		11  0	-2.16
		12  0	-3.012
		13  0	-0.356
		14  0	-1.334
		15  0	1.675
		16  0	-0.339
		17  0	1.486

node  3		 link	 weight	 bias -2.467
		1  0	-2.449
		2  1	0.558
		3  1	2.166
		4  0	-0.541
		5  1	-0.257
		6  0	-0.155
		7  0	-1.289
		8  0	0.81
		9  0	-0.37
		10  0	-2.116
		11  0	2.508
		12  0	-0.587
		13  1	-0.145
		14  1	0.76
		15  1	0.83
		16  0	-0.107
		17  1	-1.621

node  4		 link	 weight	 bias 1.597
		1  0	-0.513
		2  1	1.065
		3  0	0.757
		4  1	1.139
		5  1	0.419
		6  1	-0.13
		7  0	-0.55
		8  0	1.086
		9  1	0.00799996
		10  0	0.742
		11  1	0.172
		12  1	-1.538
		13  0	-0.635
		14  1	-1.146
		15  0	1.371
		16  1	0
		17  0	0.412

node  5		 link	 weight	 bias 1.128
		1  1	1.366
		2  1	2.038
		3  1	-0.725
		4  1	0.127
		5  1	0.235
		6  1	1.814
		7  1	-2.308
		8  1	0.58
		9  1	-1.06
		10  1	0
		11  0	-1.077
		12  0	-1.386
		13  0	-0.687
		14  0	0.234
		15  1	-2.145
		16  0	0.292
		17  0	-0.429

node  6		 link	 weight	 bias -2.211
		1  0	1.162
		2  0	-1.498
		3  1	-0.801
		4  0	0.549
		5  1	0.46
		6  1	0.0429999
		7  1	0.354
		8  1	-2.341
		9  0	-0.661
		10  0	-0.293
		11  0	-0.061
		12  1	-1.287
		13  1	2.014
		14  0	-0.226
		15  1	-0.702
		16  0	-1.458
		17  0	2.412


 Layer 4

node  1		 link	 weight	 bias -0.0689998
		1  0	-7.557
		2  0	-8.134
		3  0	-5.256
		4  0	6.269
		5  1	9.194
		6  1	11.846
		7  1	9.895
		8  1	-5.839
		9  0	-0.827
		10  0	1.439
		11  0	0.176
		12  0	-2.413
		13  0	0.811
		14  0	3.955
		15  0	-5.093
		16  1	-2.886
		17  0	4.4

node  2		 link	 weight	 bias 1.969
		1  1	1.588
		2  0	-1.943
		3  0	5.163
		4  0	-0.158
		5  0	-6.963
		6  1	1.306
		7  0	-8.944
		8  0	-2.619
		9  1	-0.645
		10  0	8.984
		11  0	-2.631
		12  1	11.084
		13  0	-1.944
		14  0	-0.942
		15  0	-1.405
		16  1	-0.263
		17  0	-5.946

node  3		 link	 weight	 bias -0.777
		1  0	-5.27
		2  0	9.445
		3  0	3.183
		4  0	5.042
		5  1	7.493
		6  1	-2.806
		7  0	8.288
		8  0	-6.65
		9  0	4.13
		10  0	0.99
		11  1	8.5
		12  0	-0.729
		13  1	8.387
		14  1	-8.016
		15  0	-4.104
		16  0	-3.145
		17  1	-3.745

node  4		 link	 weight	 bias 0.59
		1  0	-6.725
		2  0	6.247
		3  0	-7.043
		4  0	-1.592
		5  1	5.546
		6  0	3.358
		7  0	1.81
		8  0	0.435
		9  1	4.838
		10  0	1.096
		11  1	2.354
		12  0	3.046
		13  1	4.231
		14  0	9.65
		15  0	-7.235
		16  0	-3.884
		17  0	-9.798
