

 Layer 1

node  1		 link	 weight	 bias 0
		1  0	2.88
		2  0	9.56
		3  0	-6.12
		4  0	4.95
		5  0	1.43
		6  0	9.39
		7  0	-1.9
		8  0	5.03
		9  0	2.29
		10  0	-3.93
		11  0	1.44
		12  0	-5.71
		13  0	-3.79
		14  0	-2.76
		15  0	-2.19
		16  0	4.44
		17  0	-8.77

node  2		 link	 weight	 bias 0
		1  0	-9.8
		2  0	-2.48
		3  0	4.59
		4  0	2.4
		5  0	-2.52
		6  0	6.24
		7  0	4.85
		8  0	-8.59
		9  0	3.33
		10  0	-4.17
		11  0	6.48
		12  0	-8.12
		13  0	-8.59
		14  0	1.27
		15  0	-4.67
		16  0	3.86
		17  0	6.77

node  3		 link	 weight	 bias 0
		1  0	8.54
		2  0	-4.37
		3  0	-2.98
		4  0	3.75
		5  0	8.78
		6  0	6.48
		7  0	-7.93
		8  0	-2.24
		9  0	7.38
		10  0	-1.52
		11  0	7.71
		12  0	-9.34
		13  0	-8.47
		14  0	-4.18
		15  0	-8.01
		16  0	-7.68
		17  0	8.32

node  4		 link	 weight	 bias 0
		1  0	-7.66
		2  0	5.27
		3  0	-6.4
		4  0	-7.05
		5  0	-5.68
		6  0	-0.0100002
		7  0	1.16
		8  0	4.37
		9  0	-8.4
		10  0	-3.03
		11  0	-9.14
		12  0	3.31
		13  0	1
		14  0	8.26
		15  0	5.54
		16  0	-8.94
		17  0	4

node  5		 link	 weight	 bias 0
		1  0	-8.19
		2  0	-2.5
		3  0	-8.41
		4  0	2.41
		5  0	-3.69
		6  0	-9.54
		7  0	7.31
		8  0	0.42
		9  0	6.31
		10  0	-0.72
		11  0	-8.04
		12  0	-9.19
		13  0	0.0500002
		14  0	9.38
		15  0	1.71
		16  0	-2.3
		17  0	-4.1

node  6		 link	 weight	 bias 0
		1  0	1.27
		2  0	0.42
		3  0	-6.85
		4  0	2.19
		5  0	7.12
		6  0	-4.39
		7  0	-0.2
		8  0	-8.8
		9  0	-3.66
		10  0	-0.63
		11  0	0.19
		12  0	-2.62
		13  0	-8.69
		14  0	3.26
		15  0	-2.13
		16  0	-3.74
		17  0	9.84

node  7		 link	 weight	 bias 0
		1  0	0.19
		2  0	-8.81
		3  0	-3.15
		4  0	-9.72
		5  0	-7.55
		6  0	5.92
		7  0	5.89
		8  0	9.2
		9  0	-3.95
		10  0	9.77
		11  0	0.41
		12  0	5.69
		13  0	8.62
		14  0	-8.48
		15  0	6.19
		16  0	0.7
		17  0	-8.02

node  8		 link	 weight	 bias 0
		1  0	4.62
		2  0	0.8
		3  0	-6.75
		4  0	-0.89
		5  0	7.58
		6  0	8.52
		7  0	-5.82
		8  0	5.38
		9  0	-0.66
		10  0	9.99
		11  0	-8.81
		12  0	8.9
		13  0	0.98
		14  0	4.03
		15  0	-6.82
		16  0	-9.19
		17  0	4.73

node  9		 link	 weight	 bias 0
		1  0	-7.72
		2  0	7.68
		3  0	7.6
		4  0	-1.36
		5  0	-5.87
		6  0	-9.4
		7  0	9.79
		8  0	-5.23
		9  0	-5.92
		10  0	5.49
		11  0	-6.2
		12  0	-0.69
		13  0	1.08
		14  0	5.37
		15  0	4.97
		16  0	2.54
		17  0	-7.57

node  10		 link	 weight	 bias 0
		1  0	-3.1
		2  0	-4.22
		3  0	6.14
		4  0	-3.58
		5  0	-4.96
		6  0	7.77
		7  0	-7.82
		8  0	6.87
		9  0	-2.76
		10  0	5.64
		11  0	8.01
		12  0	-8.35
		13  0	-6.41
		14  0	6.97
		15  0	-3.41
		16  0	-2.89
		17  0	-4.75


 Layer 2

node  1		 link	 weight	 bias -0.0319999
		1  0	4.149
		2  1	-4.428
		3  1	0.269
		4  0	8.029
		5  0	-8.347
		6  1	-6.297
		7  1	-6.813
		8  0	5.174
		9  0	5.795
		10  1	3.919
		11  1	-4.254
		12  1	-2.548
		13  0	-9.339
		14  1	2.702
		15  1	7.203
		16  1	-0.567
		17  1	8.436

node  2		 link	 weight	 bias 3.196
		1  0	9.58
		2  1	3.412
		3  0	-6.684
		4  1	9.658
		5  0	0.807
		6  0	9.497
		7  0	8.376
		8  1	-6.28
		9  0	8.95
		10  1	-8.28
		11  1	-2.163
		12  0	-3.1
		13  0	5.201
		14  0	4.97
		15  1	9.92
		16  1	4.679
		17  1	2.402

node  3		 link	 weight	 bias -5.436
		1  0	0.423
		2  0	-9.187
		3  1	2.853
		4  0	-0.807
		5  0	-5.781
		6  0	-7.002
		7  1	1.52
		8  0	-5.372
		9  1	-2.221
		10  0	-0.688
		11  1	4.681
		12  0	4.795
		13  0	6.94
		14  0	9.314
		15  0	3.424
		16  0	-7.351
		17  1	-0.817

node  4		 link	 weight	 bias 9.209
		1  0	-0.326
		2  1	-0.65
		3  0	-1.726
		4  1	-0.36
		5  1	-0.867
		6  0	0.374
		7  1	-0.309
		8  1	1.978
		9  1	0
		10  0	-1.458
		11  1	1.206
		12  0	-1.576
		13  0	-0.882
		14  0	0
		15  0	-1.501
		16  0	0.246
		17  0	0

node  5		 link	 weight	 bias 0.405
		1  0	-0.203
		2  1	0.684
		3  0	-1.43
		4  0	-0.585
		5  0	0.632
		6  0	-0.84
		7  0	-2.659
		8  1	-1.547
		9  1	-1.697
		10  0	0
		11  0	0.926
		12  1	-0.786
		13  1	0.849
		14  0	0.232
		15  1	0.289
		16  0	-1.928
		17  0	0.731

node  6		 link	 weight	 bias -3.928
		1  1	-1.256
		2  1	0.161
		3  0	-0.258
		4  0	0.231
		5  0	0
		6  1	0
		7  0	-1.748
		8  0	0.8
		9  0	0.406
		10  1	-0.376
		11  0	-1.597
		12  0	-1.393
		13  0	0.612
		14  0	-0.656
		15  0	0.732
		16  1	-1.33
		17  1	1.59


 Layer 3

node  1		 link	 weight	 bias 2.484
		1  0	-0.664
		2  0	-0.683
		3  1	1.79
		4  1	0.417
		5  0	-0.282
		6  0	-0.0919999
		7  1	-0.084
		8  0	-1.483
		9  1	0
		10  1	0.427
		11  1	0.872
		12  1	-0.215
		13  1	-0.935
		14  1	-1.312
		15  0	0.00699997
		16  0	0.357
		17  1	-2.104

node  2		 link	 weight	 bias 6.243
		1  0	-1.329
		2  0	2.53
		3  0	-0.527
		4  1	-0.921
		5  0	2.806
		6  0	-0.394
		7  0	0.663
		8  0	-0.809
		9  1	0.69
		10  0	1.725
		11  1	1.955
		12  0	-0.06
		13  1	-1.51
		14  0	-1.407
		15  1	0.987
		16  0	-0.948
		17  0	0.71

node  3		 link	 weight	 bias -1.115
		1  1	0.498
		2  1	0
		3  0	0
		4  1	-0.759
		5  1	-0.799
		6  1	0.543
		7  0	-0.406
		8  0	-0.952
		9  0	0.118
		10  1	0
		11  0	0.949
		12  0	0.343
		13  1	0.686
		14  1	-0.884
		15  1	0.689
		16  0	-0.856
		17  1	-0.639

node  4		 link	 weight	 bias -1.513
		1  1	1.591
		2  1	-0.783
		3  0	0.0420001
		4  1	0.298
		5  1	-0.944
		6  0	-0.716
		7  1	0
		8  1	-0.525
		9  1	-2.825
		10  0	-0.857
		11  0	-1.107
		12  1	-1.969
		13  0	-1.64
		14  0	-0.997
		15  0	-2.091
		16  1	1.187
		17  0	1.459

node  5		 link	 weight	 bias -2.514
		1  1	-0.091
		2  1	-0.127
		3  0	0.751
		4  1	0.707
		5  0	-2.035
		6  1	0
		7  0	0.03
		8  1	0.09
		9  0	0.269
		10  1	0.237
		11  1	-0.322
		12  1	0.568
		13  0	0.382
		14  0	0.693
		15  1	-1.528
		16  1	-0.906
		17  1	1.884

node  6		 link	 weight	 bias -1.562
		1  1	-0.005
		2  1	-0.2
		3  1	1.08
		4  1	-0.536
		5  1	0.937
		6  0	1.037
		7  1	-0.49
		8  0	-1.246
		9  1	-0.995
		10  0	-0.969
		11  1	-0.336
		12  0	0.502
		13  1	0
		14  0	0.074
		15  0	-2.326
		16  1	-0.226
		17  1	-0.299


 Layer 4

node  1		 link	 weight	 bias -4.611
		1  0	6.001
		2  0	-3.111
		3  0	6.589
		4  1	-7.78
		5  0	7.57
		6  1	9.353
		7  1	-6.83
		8  0	-7.518
		9  1	0.86
		10  0	7.111
		11  1	-2.215
		12  0	-2.161
		13  0	-4.167
		14  1	-0.0100002
		15  1	1.97
		16  1	-0.85
		17  0	-0.64

node  2		 link	 weight	 bias -1.548
		1  0	7.967
		2  1	6.463
		3  1	3.99
		4  0	-5.366
		5  0	-4.419
		6  1	-7.425
		7  1	6.929
		8  0	-3.833
		9  0	3.628
		10  1	10.83
		11  0	4.943
		12  0	5.334
		13  0	9.74
		14  0	6.558
		15  0	4.574
		16  0	3.968
		17  0	3.2

node  3		 link	 weight	 bias 1.019
		1  0	1.916
		2  0	-3.8
		3  0	-4.03
		4  0	0.562
		5  0	-6.766
		6  0	-8.396
		7  0	11.159
		8  1	10.526
		9  1	0.537
		10  0	-1.727
		11  1	-2.378
		12  0	-5.298
		13  1	-4.402
		14  1	-9.493
		15  0	-5.063
		16  0	-2.655
		17  0	-8.494

node  4		 link	 weight	 bias 0.282
		1  0	1.725
		2  0	-10.861
		3  0	-8.993
		4  0	-6.361
		5  0	6.887
		6  1	9.379
		7  0	3.475
		8  1	3.803
		9  1	6.017
		10  0	-2.71
		11  1	-3.753
		12  0	-8.416
		13  0	-8.431
		14  1	-6.234
		15  0	-8.17
		16  0	8.125
		17  0	9.892
