

 Layer 1

node  1		 link	 weight	 bias 0
		1  0	5.59
		2  0	-8.37
		3  0	8.78
		4  0	5.87
		5  0	0.36
		6  0	9.58
		7  0	-0.45
		8  0	5.68
		9  0	2.34
		10  0	-7.78
		11  0	-3.72
		12  0	3.96
		13  0	3.91
		14  0	-7.18
		15  0	5.89
		16  0	-3.77
		17  0	-3.23

node  2		 link	 weight	 bias 0
		1  0	9.38
		2  0	-6.75
		3  0	-7.69
		4  0	-2.76
		5  0	-9.97
		6  0	4.76
		7  0	8.51
		8  0	1.9
		9  0	3.14
		10  0	5.26
		11  0	-8.24
		12  0	7.89
		13  0	6.07
		14  0	3.05
		15  0	-2.94
		16  0	-3.84
		17  0	-8.5

node  3		 link	 weight	 bias 0
		1  0	-8.44
		2  0	-4.69
		3  0	-8.33
		4  0	0.87
		5  0	9.66
		6  0	2.97
		7  0	-1.61
		8  0	6.84
		9  0	9.35
		10  0	-6.39
		11  0	1.81
		12  0	3.03
		13  0	-0.68
		14  0	-5.38
		15  0	-7.28
		16  0	-7.05
		17  0	-1.03

node  4		 link	 weight	 bias 0
		1  0	-5.62
		2  0	-4.14
		3  0	8.55
		4  0	-2.48
		5  0	4.4
		6  0	-4.49
		7  0	-2.33
		8  0	8.87
		9  0	-9.47
		10  0	3.15
		11  0	1.66
		12  0	5.94
		13  0	2.91
		14  0	-7.83
		15  0	1.94
		16  0	9.76
		17  0	3.57

node  5		 link	 weight	 bias 0
		1  0	1.08
		2  0	3.8
		3  0	2.9
		4  0	-1.61
		5  0	5.9
		6  0	-2.63
		7  0	-4.78
		8  0	-7.88
		9  0	-6.09
		10  0	-2.69
		11  0	-4.66
		12  0	4.54
		13  0	0.68
		14  0	5.68
		15  0	-8.96
		16  0	4.95
		17  0	7.14

node  6		 link	 weight	 bias 0
		1  0	4.41
		2  0	-9.86
		3  0	-3.83
		4  0	-6.81
		5  0	-7.66
		6  0	-1.64
		7  0	0.75
		8  0	8.11
		9  0	-7.15
		10  0	4.54
		11  0	-8.43
		12  0	9.96
		13  0	-3.23
		14  0	8.34
		15  0	6.29
		16  0	-0.0799999
		17  0	0.75

node  7		 link	 weight	 bias 0
		1  0	3.73
		2  0	4.82
		3  0	-6.45
		4  0	4.68
		5  0	0.47
		6  0	-4.54
		7  0	3.58
		8  0	-4.38
		9  0	2.66
		10  0	-2.65
		11  0	-1.68
		12  0	8.09
		13  0	0.99
		14  0	-7.67
		15  0	2.13
		16  0	1.88
		17  0	-1.29

node  8		 link	 weight	 bias 0
		1  0	1.2
		2  0	3.17
		3  0	5.12
		4  0	-1.74
		5  0	-0.52
		6  0	-7.41
		7  0	3.1
		8  0	-0.8
		9  0	7.99
		10  0	9.74
		11  0	-6.32
		12  0	1.96
		13  0	6.6
		14  0	7.98
		15  0	-1.4
		16  0	-1.71
		17  0	-0.56

node  9		 link	 weight	 bias 0
		1  0	-2.37
		2  0	7.39
		3  0	-4.9
		4  0	5.78
		5  0	0.32
		6  0	-3.19
		7  0	8.31
		8  0	-2.78
		9  0	-6.77
		10  0	-4.15
		11  0	4.84
		12  0	7.78
		13  0	-2.31
		14  0	-9.78
		15  0	1.98
		16  0	-9.06
		17  0	8.94

node  10		 link	 weight	 bias 0
		1  0	4.65
		2  0	3.45
		3  0	-2.91
		4  0	-2.29
		5  0	-9.25
		6  0	-6.2
		7  0	-6.57
		8  0	1.36
		9  0	0.35
		10  0	-9.19
		11  0	4.18
		12  0	-2.95
		13  0	9.28
		14  0	0.88
		15  0	-9.56
		16  0	1.51
		17  0	-7.12


 Layer 2

node  1		 link	 weight	 bias 2.001
		1  0	8.055
		2  1	-4.134
		3  0	-6.325
		4  0	-7.719
		5  1	-2.79
		6  0	-11.244
		7  1	-8.28
		8  1	8.216
		9  0	-5.915
		10  0	-7.072
		11  0	-1.276
		12  1	5.14
		13  0	0.976
		14  0	8.435
		15  0	1.247
		16  0	-0.113
		17  0	7.305

node  2		 link	 weight	 bias 8.815
		1  1	-4.15
		2  0	-8.097
		3  1	-6.347
		4  0	-8.874
		5  0	2.667
		6  1	5.64
		7  1	6.944
		8  1	7.555
		9  0	-1.923
		10  0	6.77
		11  0	4.445
		12  1	-0.441
		13  0	1.931
		14  0	9.885
		15  1	8.787
		16  1	-3.657
		17  0	3.91

node  3		 link	 weight	 bias 2.265
		1  1	8.143
		2  1	5.527
		3  1	-4.205
		4  0	1.747
		5  1	-1.164
		6  0	7.955
		7  0	-7
		8  0	7.555
		9  0	6.49
		10  1	-2.28
		11  0	3.892
		12  1	-3.547
		13  0	9.719
		14  0	7.818
		15  0	6.107
		16  1	4.203
		17  1	-8.673

node  4		 link	 weight	 bias -5.125
		1  0	-0.609
		2  0	0.169
		3  0	-0.0640001
		4  1	-0.413
		5  1	2.037
		6  0	-0.68
		7  0	0
		8  0	-0.306
		9  0	-0.595
		10  0	0.202
		11  1	-0.468
		12  0	-0.22
		13  1	-0.62
		14  1	1.004
		15  0	0.105
		16  0	0
		17  0	-0.274

node  5		 link	 weight	 bias 2.976
		1  0	2.749
		2  0	1.835
		3  1	-0.27
		4  1	0.4
		5  1	-1.135
		6  0	1.558
		7  1	-1.364
		8  1	0.155
		9  1	0.005
		10  1	0.57
		11  0	1.329
		12  0	0.856
		13  1	0
		14  0	-1.031
		15  1	-1.55
		16  0	-2.337
		17  1	-2.914


 Layer 3

node  1		 link	 weight	 bias -0.88
		1  0	-0.364
		2  1	-0.858
		3  0	0.287
		4  0	0.075
		5  0	-0.139
		6  0	1.013
		7  0	-0.094
		8  1	1.47
		9  1	0.195
		10  1	-0.269
		11  0	-0.583
		12  0	0.377
		13  1	-0.132
		14  0	0.91
		15  1	-1.172
		16  0	-0.659
		17  0	1.745

node  2		 link	 weight	 bias 3.473
		1  1	0.783
		2  0	0.347
		3  1	-1.629
		4  1	-1.103
		5  0	0
		6  0	-0.483
		7  0	0.824
		8  0	0.326
		9  1	0.031
		10  1	-0.486
		11  0	0.21
		12  0	1.217
		13  0	0
		14  0	-0.853
		15  1	-0.266
		16  1	-1.085
		17  1	-0.976

node  3		 link	 weight	 bias -1.548
		1  1	-0.542
		2  1	-1.023
		3  1	0.844
		4  0	1.33
		5  1	0.65
		6  1	0.848
		7  0	0.846
		8  1	0
		9  0	-0.0490001
		10  0	0.22
		11  1	-1.069
		12  0	0
		13  0	0.789
		14  0	1.078
		15  1	-0.732
		16  0	1.355
		17  1	0.413

node  4		 link	 weight	 bias 2.212
		1  0	-1.167
		2  1	0.813
		3  0	-0.166
		4  0	0.974
		5  0	-1.04
		6  1	-0.00299996
		7  1	0
		8  1	1.37
		9  1	1.5
		10  0	-0.946
		11  0	-1.152
		12  0	0.705
		13  1	0.15
		14  1	0
		15  0	-2
		16  1	-0.651
		17  0	-0.334

node  5		 link	 weight	 bias 5.06
		1  1	-0.743
		2  1	1.568
		3  0	0.795
		4  0	0.000999928
		5  0	-0.966
		6  1	-0.035
		7  0	-0.237
		8  0	-0.089
		9  1	1.524
		10  0	0.913
		11  1	0.11
		12  1	0.031
		13  1	-0.817
		14  0	-0.495
		15  1	-0.42
		16  0	-0.077
		17  0	0


 Layer 4

node  1		 link	 weight	 bias 0.41
		1  0	-8.244
		2  0	8.198
		3  0	8.48
		4  0	3.173
		5  0	9.288
		6  0	-3.204
		7  1	-4.18
		8  0	1.505
		9  0	5.762
		10  0	6.131
		11  0	-0.694
		12  0	0.483
		13  1	-4.135
		14  0	0.674
		15  0	2.869
		16  0	-1.227
		17  1	3.253

node  2		 link	 weight	 bias 0.869
		1  0	7.7
		2  0	9.34
		3  0	-2.353
		4  0	2.733
		5  0	-5.85
		6  0	-0.291
		7  0	-7.505
		8  0	10.622
		9  1	2.37
		10  0	-9.094
		11  0	-7.617
		12  0	-4.787
		13  0	3.582
		14  0	-1.42
		15  1	0.0380004
		16  0	7.828
		17  1	-6.513

node  3		 link	 weight	 bias -0.669
		1  0	-8.358
		2  0	7.32
		3  0	-2.116
		4  0	2.758
		5  0	-6.333
		6  0	-5.186
		7  0	-5.477
		8  0	-5.421
		9  0	-4.564
		10  0	9.296
		11  1	6.444
		12  1	-6.94
		13  1	-6.084
		14  1	0.9
		15  0	-7.371
		16  0	-4.779
		17  1	-2.825

node  4		 link	 weight	 bias -0.11
		1  0	-4.658
		2  0	-0.0190004
		3  0	0.954
		4  1	-1.4
		5  1	-0.58
		6  1	2.03
		7  0	-5.672
		8  0	9.875
		9  0	9.585
		10  0	-0.47
		11  0	-3.348
		12  1	-7.265
		13  0	-8.641
		14  1	-2.672
		15  0	1.198
		16  0	1.115
		17  1	-6.24
