
======================================================
Score	8.25727e+14
Z	0.00957574
alpha	-0.329327
betta	0.297142
gamma	0.0114739
Vx	-0.854688
Vy	-0.0222161
Vz	-0.0234873
engIng	0
cFuel	69
tfuel	223.862
======================================================

Initial Parametrs
rOa	{ 114 ; 56 ; -131 }

V	{ 13 ; 0.09 ; 0.03 }

w	{ 0.0008 ; -0.0028 ; -0.0026 }

alpha	-0.00084
betta	-0.00305
gamma	0.00189
======================================================

 Layer 2

node  1		 link	 weight	 bias -105.017
		1  0	0.179
		2  0	-3.208
		3  0	-3.939
		4  1	6.952
		5  1	0.651
		6  0	8.081
		7  0	-10.029
		8  0	-10.302
		9  0	-3.739
		10  0	-0.919

node  2		 link	 weight	 bias -15.698
		1  0	2.698
		2  1	-7.448
		3  0	-11.907
		4  0	2.85
		5  1	-0.401
		6  1	-9.44
		7  1	0.721
		8  0	-2.907
		9  0	10.917
		10  0	0.551

node  3		 link	 weight	 bias -16.885
		1  0	-4.614
		2  1	-7.527
		3  1	-5.338
		4  0	4.994
		5  0	-1.93
		6  1	-3.537
		7  0	5.848
		8  0	2.152
		9  0	6.413
		10  1	-0.305

node  4		 link	 weight	 bias -74.202
		1  0	-9.777
		2  0	-8.56
		3  0	0.661
		4  1	3.46
		5  1	4.137
		6  1	-5.422
		7  0	-0.696
		8  1	0.242
		9  0	6.905
		10  1	-2.146

node  5		 link	 weight	 bias -32.681
		1  0	-3.343
		2  0	-6.531
		3  1	-3.011
		4  0	2.476
		5  1	-1.17
		6  0	-11.945
		7  0	0.422
		8  0	3.517
		9  0	3.321
		10  0	-1.859

node  6		 link	 weight	 bias -77.204
		1  1	-3.063
		2  1	-1.538
		3  1	-3.33
		4  0	-8.939
		5  0	1.737
		6  0	-5.661
		7  1	11.513
		8  1	-5.365
		9  0	-1.405
		10  1	-1.534

node  7		 link	 weight	 bias 17.073
		1  0	-10.056
		2  0	1.017
		3  0	-0.369
		4  0	-0.466
		5  0	-9.619
		6  1	4.628
		7  1	-14.659
		8  0	-3.134
		9  0	-5.803
		10  1	-0.775

node  8		 link	 weight	 bias -76.889
		1  1	-4.963
		2  0	2.561
		3  0	-7.651
		4  0	4.455
		5  1	-9.159
		6  0	-6.128
		7  1	1.864
		8  0	0.0309998
		9  0	-2.405
		10  1	-8.454

node  9		 link	 weight	 bias -38.893
		1  0	4.07
		2  1	4.302
		3  1	-11.005
		4  0	1.509
		5  1	-8.142
		6  1	1.244
		7  1	-11.021
		8  1	4.784
		9  1	-2.212
		10  1	-2.989

node  10		 link	 weight	 bias -34.376
		1  1	4.739
		2  0	1.267
		3  1	4.327
		4  0	-12.35
		5  1	5.802
		6  1	-23.326
		7  0	1.607
		8  1	-0.497
		9  1	0.496
		10  0	-2.124


 Layer 3

node  1		 link	 weight	 bias -25.819
		1  0	1.516
		2  0	1.873
		3  0	8.267
		4  1	1.434
		5  1	-6.839
		6  1	2.045
		7  1	-3.327
		8  0	-4.872
		9  1	2.395
		10  1	-4.514
		15  0	2.216
		16  1	-3.8
		17  1	-4.597
		18  0	2.229
		19  0	1.795
		20  0	-2.146
		21  0	-12.752
		22  0	0.126
		23  0	9.289
		24  0	-2.82

node  2		 link	 weight	 bias -37.219
		1  0	1.209
		2  1	-0.389
		3  1	3.863
		4  0	-8.687
		5  0	14.634
		6  1	2.86
		7  1	-5.235
		8  0	-4.972
		9  0	-1.144
		10  0	-0.23
		15  1	-11.074
		16  0	2.736
		17  1	-7.08
		18  0	-1.742
		19  0	-2.084
		20  1	3.934
		21  0	4.032
		22  0	-0.681
		23  0	-1.322
		24  1	1.531

node  3		 link	 weight	 bias 16.519
		1  0	0.123
		2  1	3.823
		3  0	1.781
		4  1	-1.895
		5  1	0.6
		6  1	-0.00700004
		7  1	2.757
		8  1	-1.686
		9  1	-2.831
		10  0	7.816
		15  0	0.407
		16  0	-0.319
		17  1	3.39
		18  0	0.142
		19  0	-1.521
		20  0	-0.218
		21  0	3.872
		22  1	-0.14
		23  1	0.721
		24  0	0.601

node  4		 link	 weight	 bias -57.52
		1  1	-3.878
		2  0	1.55
		3  1	2.061
		4  0	6.76
		5  1	2.403
		6  0	-0.0920001
		7  1	-2.337
		8  1	-11.353
		9  0	-1.659
		10  0	-4.439
		15  1	-1.03
		16  0	-2.732
		17  0	-2.873
		18  0	-1.163
		19  1	7.366
		20  1	0.256
		21  1	-9.944
		22  0	-0.614
		23  0	-9.019
		24  0	5.755

node  5		 link	 weight	 bias -18.219
		1  1	4.77
		2  0	-6.97
		3  0	2.714
		4  1	1.449
		5  0	-16.078
		6  1	-11.157
		7  1	-4.134
		8  1	-9.164
		9  1	-13.703
		10  1	-3.166
		15  0	-2.087
		16  0	2.461
		17  0	0.307
		18  0	0.491
		19  0	-6.679
		20  0	-3.219
		21  1	-10.38
		22  1	-1.858
		23  0	3.025
		24  0	2.453

node  6		 link	 weight	 bias -97.41
		1  1	-3.957
		2  1	-3.531
		3  0	0.234
		4  0	-1.316
		5  1	1.351
		6  0	-3.926
		7  0	-4.879
		8  1	-7.408
		9  0	1.158
		10  0	-2.009
		15  0	-2.567
		16  1	-0.1
		17  1	-2.941
		18  1	2.669
		19  1	-1.028
		20  0	-5.318
		21  1	-8.91
		22  1	-3.182
		23  0	-2.382
		24  0	-6.481

node  7		 link	 weight	 bias -18.299
		1  0	-5.858
		2  1	-1.465
		3  0	-0.567
		4  0	-1.779
		5  0	-1.887
		6  1	4.056
		7  1	-6.174
		8  1	2.422
		9  0	-7.097
		10  0	-2.693
		15  1	1.13
		16  1	-6.308
		17  1	-7.686
		18  0	5.622
		19  0	-1.273
		20  0	-0.273
		21  1	1.272
		22  1	2.807
		23  1	-1.185
		24  1	1.547

node  8		 link	 weight	 bias -82.98
		1  0	0.338
		2  1	2.045
		3  0	-6.585
		4  1	-1
		5  1	-11.712
		6  0	4.86
		7  1	0.394
		8  0	-9.304
		9  1	-0.996
		10  1	1.713
		15  1	-1.92
		16  0	-3.411
		17  1	3.635
		18  1	-1.711
		19  0	-5.394
		20  0	6.646
		21  0	-3.747
		22  0	1.468
		23  0	3.967
		24  1	0.862

node  9		 link	 weight	 bias -59.286
		1  1	-5.527
		2  0	-5.049
		3  1	-4.74
		4  1	0.699
		5  0	10.945
		6  1	-8.596
		7  1	-4.236
		8  1	-2.116
		9  1	6.499
		10  0	2.041
		15  1	-4.198
		16  0	-2.125
		17  1	-8.24
		18  1	8.48
		19  1	4.316
		20  0	-6.832
		21  1	-4.928
		22  0	-0.261
		23  0	-2.838
		24  1	0.548

node  10		 link	 weight	 bias -21.529
		1  0	-1.98
		2  1	-5.409
		3  0	-1.701
		4  0	-6.13
		5  1	-1.926
		6  1	4.074
		7  0	7.912
		8  0	0.348
		9  0	2.507
		10  0	-7.957
		15  0	3.367
		16  0	-3.602
		17  1	5.519
		18  1	4.35
		19  0	2.36
		20  1	1.197
		21  1	-3.907
		22  1	0.35
		23  0	-6.446
		24  0	-0.645


 Layer 4

node  1		 link	 weight	 bias 3.669
		1  0	8.98
		2  1	1.337
		3  0	-11.527
		4  0	-6.194
		5  1	-5.032
		6  1	-0.00299982
		7  0	1.054
		8  0	-4.888
		9  1	-2.315
		10  0	-7.531
		15  1	-5.605
		16  0	-7.303
		17  0	2.041
		18  0	-7.593
		19  1	-9.962
		20  1	-8.726
		21  1	-3.021
		22  1	-2.89
		23  1	5.567
		24  1	0.664
		25  0	4.286
		26  0	-6.03
		27  1	5.864
		28  1	-2.803
		29  0	4.163
		30  0	8.509
		31  1	9.008
		32  1	-0.58
		33  1	-0.792
		34  1	10.561

node  2		 link	 weight	 bias -38.932
		1  0	-2.88
		2  1	5.142
		3  0	7.028
		4  0	-1.225
		5  0	0.233
		6  1	-4.186
		7  0	1.144
		8  1	3.729
		9  1	-10.712
		10  0	-3.339
		15  1	-6.828
		16  0	-4.389
		17  0	-6.331
		18  1	1.447
		19  0	-5.22
		20  0	-7.328
		21  1	-3.046
		22  1	-0.447
		23  1	0.114
		24  0	-1.424
		25  1	-0.529
		26  0	-1.673
		27  1	2.848
		28  1	-8.309
		29  1	5.197
		30  0	3.751
		31  0	0.764
		32  1	-3.47
		33  0	2.635
		34  0	6.735

node  3		 link	 weight	 bias -52.662
		1  0	-7.281
		2  1	-2.088
		3  0	-7.51
		4  1	-5.959
		5  0	4.96
		6  1	-0.707
		7  1	-7.548
		8  1	-3.919
		9  0	-1.381
		10  1	-3.455
		15  1	-5.234
		16  1	9.711
		17  0	3.329
		18  1	0.726
		19  1	1.445
		20  1	11.439
		21  1	4.592
		22  0	-3.251
		23  1	0.253
		24  0	0.978
		25  1	-0.54
		26  0	-7.084
		27  0	0.944
		28  0	6.965
		29  0	2.01
		30  1	-5.85
		31  1	-3.36
		32  0	-1.274
		33  1	-4.99
		34  0	-3.184

node  4		 link	 weight	 bias 18.125
		1  0	-3.187
		2  1	-0.443
		3  0	-3.507
		4  0	-1.983
		5  1	9.12
		6  1	4.069
		7  0	-2.03
		8  1	-10.318
		9  1	-1.434
		10  0	-2.821
		15  0	1.867
		16  1	1.81
		17  1	0.532
		18  1	-1.678
		19  1	-0.539
		20  0	-3.058
		21  0	1.531
		22  1	-4.395
		23  1	5.578
		24  0	-2.271
		25  1	-1.941
		26  0	0.0670001
		27  0	2.515
		28  1	1.23
		29  1	6.143
		30  1	1.84
		31  1	2.605
		32  1	6.695
		33  1	-0.255
		34  0	-8.974

node  5		 link	 weight	 bias 18.373
		1  1	-2.026
		2  1	6.743
		3  0	-2.563
		4  0	6.241
		5  0	-1.475
		6  0	-1.447
		7  0	-3.604
		8  0	-0.25
		9  1	2.923
		10  0	-1.639
		15  0	2.035
		16  1	-2.436
		17  0	1.433
		18  1	1.405
		19  0	1.982
		20  1	10.306
		21  0	2.978
		22  1	1.468
		23  0	-7.242
		24  0	0.821
		25  1	9.407
		26  1	0.835
		27  1	2.125
		28  1	-6.593
		29  1	-1.906
		30  0	0.628
		31  1	-0.0940001
		32  1	5.179
		33  0	-6.165
		34  0	-6.871

node  6		 link	 weight	 bias 15.412
		1  1	-3.636
		2  0	-0.192
		3  0	-3.12
		4  1	-1.741
		5  1	-1.881
		6  0	-0.616
		7  0	-10.184
		8  0	-12.582
		9  0	-1.152
		10  1	-2.329
		15  1	-4.14
		16  1	-1.504
		17  0	5.371
		18  0	-3.259
		19  1	-3.618
		20  1	-0.963
		21  0	-6.384
		22  1	-6.193
		23  1	-6.613
		24  0	4.901
		25  1	0.194
		26  1	2.662
		27  0	-2.292
		28  0	5.319
		29  0	-2.167
		30  0	-4.179
		31  1	5.931
		32  1	-8.343
		33  0	-1.172
		34  0	4.167

node  7		 link	 weight	 bias -20.002
		1  1	1.658
		2  0	-5.095
		3  1	-7.127
		4  0	0.283
		5  1	-4.802
		6  0	-4.072
		7  0	-4.75
		8  1	-7.089
		9  0	-3.196
		10  0	0.581
		15  1	6.212
		16  0	0.0479999
		17  1	1.783
		18  1	-2.488
		19  1	-1.276
		20  1	2.332
		21  0	0.536
		22  1	-5.313
		23  0	-4.346
		24  0	6.895
		25  0	-2.077
		26  1	7.058
		27  0	-6.39
		28  0	-6.608
		29  0	-3.531
		30  1	0.984
		31  1	-4.805
		32  0	-2.85
		33  1	6.763
		34  0	1.841

node  8		 link	 weight	 bias -37.8
		1  0	5.555
		2  0	6.864
		3  0	-7.338
		4  1	-1.037
		5  1	3.105
		6  1	5.559
		7  1	-8.506
		8  0	-3.611
		9  1	-3.582
		10  0	3.628
		15  1	0.893
		16  1	7.668
		17  1	1.666
		18  1	-4.659
		19  1	0.675
		20  0	0.578
		21  1	1.273
		22  1	-7.735
		23  1	-1.34
		24  0	4.791
		25  1	3.507
		26  1	1.87
		27  1	0.631
		28  1	2.57
		29  0	-3.647
		30  0	-1.826
		31  1	-6.002
		32  0	-4.028
		33  1	-1.488
		34  1	-11.113

node  9		 link	 weight	 bias -64.312
		1  1	-1.002
		2  1	0.95
		3  0	-10.474
		4  0	-0.383
		5  0	-2.673
		6  0	0.573
		7  1	-3.716
		8  1	0.541
		9  1	-2.738
		10  1	2.669
		15  1	-2.947
		16  1	7.578
		17  0	-1.156
		18  0	6.836
		19  1	-4.555
		20  0	5.231
		21  0	-2.662
		22  0	4.516
		23  1	5.442
		24  0	-3.252
		25  0	3.164
		26  0	10.245
		27  0	-4.173
		28  0	1.503
		29  0	-3.903
		30  0	0.354
		31  0	-6.13
		32  0	-2.781
		33  1	-1.155
		34  1	0.861

node  10		 link	 weight	 bias -60.679
		1  0	-2.87
		2  1	2.473
		3  1	2.225
		4  1	-2.452
		5  0	-11.833
		6  1	0.656
		7  0	2.294
		8  0	-3.59
		9  0	0.193
		10  0	-0.595
		15  0	2.864
		16  0	-0.33
		17  0	2.272
		18  0	-3.657
		19  0	0.515
		20  0	11.467
		21  0	-3.175
		22  0	6.608
		23  1	-8.211
		24  1	-0.671
		25  1	-9.481
		26  1	3.037
		27  0	-7.723
		28  0	6.702
		29  1	-5.735
		30  1	-1.09
		31  1	2.685
		32  0	-2.483
		33  1	-7.83
		34  0	7.35


 Layer 5

node  1		 link	 weight	 bias 6.649
		1  0	-1.64
		2  0	3.006
		3  0	3.969
		4  1	-0.331
		5  0	-2.35
		6  0	-9.079
		7  0	-1.983
		8  0	2.871
		9  0	-0.549
		10  0	-0.0720002
		15  0	-15.173
		16  0	-13.256
		17  0	-6.166
		18  1	-0.76
		19  0	-4.153
		20  0	-7.274
		21  0	5.09
		22  0	3.209
		23  0	-1.845
		24  0	0.565
		25  0	1.031
		26  0	0.06
		27  0	3.098
		28  0	-9.259
		29  0	7.202
		30  0	-3.694
		31  1	3.435
		32  1	-0.554
		33  0	-3.286
		34  0	4.424
		35  0	-0.185
		36  0	-2.894
		37  1	1.943
		38  1	1.7
		39  1	0.255
		40  1	3.719
		41  1	-0.0310001
		42  1	-0.761
		43  0	5.3
		44  0	-12.278

node  2		 link	 weight	 bias 0.704
		1  0	4.372
		2  0	-4.205
		3  0	-2.677
		4  0	-0.451
		5  0	-2.94
		6  1	-2.712
		7  1	2.322
		8  1	0.075
		9  1	1.072
		10  0	-2.18
		15  0	0.242
		16  0	1.247
		17  0	-7.887
		18  0	-8.711
		19  0	2.468
		20  0	-1.863
		21  0	-4.359
		22  0	-3.02
		23  0	0.872
		24  0	-6.652
		25  0	-5.197
		26  1	-1.56
		27  0	-1.498
		28  0	4.723
		29  0	3.908
		30  0	-5.266
		31  0	-1.485
		32  0	-0.407
		33  0	-2.966
		34  1	0.448
		35  0	-2
		36  0	7.147
		37  0	-5.048
		38  1	-0.266
		39  0	-6.253
		40  0	-0.75
		41  0	3.851
		42  0	-2.531
		43  1	-0.19
		44  0	-6.749

node  3		 link	 weight	 bias 2.216
		1  0	-4.093
		2  1	-3.277
		3  1	2.254
		4  1	6.94
		5  1	2.623
		6  1	-2.397
		7  0	-3.216
		8  0	-6.927
		9  0	4.059
		10  0	-8.57
		15  0	-4.106
		16  0	-1.104
		17  1	3.779
		18  1	-2.661
		19  0	2.724
		20  0	2.041
		21  0	-14.343
		22  1	1.055
		23  0	1.453
		24  0	6.55
		25  1	-0.759
		26  0	1.519
		27  1	1.158
		28  0	-5.252
		29  0	3.204
		30  0	-0.00400019
		31  0	1.3
		32  0	0.814
		33  0	-4.188
		34  1	3.988
		35  0	-8.241
		36  0	-7.35
		37  0	5.29
		38  1	1.351
		39  1	-0.115
		40  0	-0.358
		41  1	-0.299
		42  0	5.74
		43  0	4.566
		44  1	0

node  4		 link	 weight	 bias -2.67
		1  0	-4.429
		2  0	-5.076
		3  1	-0.501
		4  0	-1.496
		5  0	1.143
		6  1	4.076
		7  1	-4.279
		8  1	8.076
		9  0	-2.145
		10  0	-8.068
		15  0	1.313
		16  0	-13.39
		17  1	-2.844
		18  0	-0.798
		19  0	-5.243
		20  0	3.395
		21  0	-11.951
		22  1	1.7
		23  1	0
		24  0	0.957
		25  1	2.156
		26  0	-8.58
		27  1	-0.225
		28  0	3.426
		29  0	-6.181
		30  0	3.481
		31  0	3.612
		32  0	-0.686
		33  0	-0.69
		34  0	4.377
		35  1	2.935
		36  0	-3.392
		37  0	0.617
		38  0	1.178
		39  0	-3.997
		40  0	-9.36
		41  0	1.09
		42  0	-10.139
		43  0	-4.128
		44  0	-4.628
