
======================================================
Score	5.25768e+14
Z	0.00110641
alpha	-1.79812
betta	-0.0784559
gamma	-0.0504153
Vx	-0.176241
Vy	-0.0212992
Vz	-0.0302232
engIng	0
cFuel	92
tfuel	193.27
======================================================

Initial Parametrs
rOa	{ 143 ; 194 ; -59 }

V	{ 11 ; 0 ; 5 }

w	{ -0.29 ; -0.37 ; 0.19 }

alpha	0.131
betta	0.077
gamma	-0.302
======================================================

 Layer 2

node  1		 link	 weight	 bias -0.196
		1  0	1.212
		2  0	-3.585
		3  0	3.1
		4  1	0
		5  1	-2.404
		6  0	5.879
		7  0	-8.56
		8  0	-1.346
		9  0	1.767
		10  0	-3.264

node  2		 link	 weight	 bias -1.382
		1  0	-1.154
		2  0	-0.314
		3  1	-1.638
		4  0	-1.914
		5  1	0.22
		6  0	-3.434
		7  0	-2.561
		8  0	-10.929
		9  0	-4.855
		10  0	8.282

node  3		 link	 weight	 bias 10.899
		1  1	4.648
		2  1	-25.452
		3  1	-20.854
		4  0	2.782
		5  0	-1.484
		6  1	-0.991
		7  1	1.626
		8  0	2.908
		9  1	-34.548
		10  1	-23.483

node  4		 link	 weight	 bias -21.272
		1  0	0.0849999
		2  1	2.647
		3  1	1.998
		4  1	1.416
		5  0	-6.226
		6  1	-0.996
		7  0	-2.379
		8  0	2.688
		9  0	0.851
		10  1	1.976

node  5		 link	 weight	 bias -0.464999
		1  0	2.535
		2  1	8.199
		3  1	0.367
		4  1	0.0149999
		5  0	4.811
		6  1	0.242
		7  0	-1.037
		8  1	-0.344
		9  1	3.316
		10  0	-2.674

node  6		 link	 weight	 bias 5.144
		1  1	0.741
		2  0	4.897
		3  1	-9.529
		4  1	1.467
		5  0	-1.739
		6  1	-17.899
		7  0	-4.036
		8  1	-1.27
		9  1	-1.781
		10  0	-2.008

node  7		 link	 weight	 bias -45.258
		1  1	1.904
		2  0	1.775
		3  1	1.375
		4  0	-6.922
		5  1	5.159
		6  0	-6.232
		7  1	-2.306
		8  1	-4.443
		9  0	-1.556
		10  0	3.252

node  8		 link	 weight	 bias -68.974
		1  0	-3.763
		2  1	3.286
		3  0	-11.978
		4  1	-3.948
		5  1	-1.387
		6  1	0.512
		7  1	0.049
		8  1	-4.709
		9  0	-7.17
		10  1	-3.035

node  9		 link	 weight	 bias -4.449
		1  0	0.468
		2  0	1.738
		3  1	-1.83
		4  0	-6.709
		5  0	-0.258
		6  0	0.234
		7  1	-4.586
		8  0	-5.014
		9  0	1.251
		10  1	-3.461

node  10		 link	 weight	 bias -1.739
		1  0	3.021
		2  1	1.636
		3  1	4.437
		4  0	-8.125
		5  0	-6.927
		6  0	-9.497
		7  0	-2.757
		8  1	0.872
		9  0	-2.832
		10  1	7.079


 Layer 3

node  1		 link	 weight	 bias -0.278
		1  0	0.628
		2  1	-0.158
		3  0	-6.543
		4  0	-2.438
		5  0	0.466
		6  0	-3.469
		7  0	0.2
		8  0	-0.793
		9  1	3.373
		10  0	-5.225
		15  1	1.139
		16  0	-5.748
		17  0	2.776
		18  0	-0.627
		19  0	-9.866
		20  0	0
		21  0	2.714
		22  0	-0.0929998
		23  0	-5.002
		24  0	0.879

node  2		 link	 weight	 bias -17.46
		1  0	-2.062
		2  0	-1.36
		3  1	-1.303
		4  1	-0.447
		5  1	3.025
		6  0	-3.559
		7  0	-4.139
		8  0	-2.633
		9  1	-1.895
		10  0	4.964
		15  1	-1.671
		16  0	-2.323
		17  0	-1.503
		18  0	-2.187
		19  1	-6.502
		20  1	-1.049
		21  1	-2.023
		22  0	-6.263
		23  0	7.049
		24  0	-3.475

node  3		 link	 weight	 bias 7.65
		1  1	2.706
		2  1	0.224
		3  0	-0.0630002
		4  0	2.204
		5  0	-0.725
		6  0	0.0600001
		7  1	0.0770001
		8  0	-2.238
		9  1	0.419
		10  1	1.163
		15  0	5.493
		16  1	0
		17  1	-0.126
		18  1	5.239
		19  1	1.431
		20  0	-2.056
		21  0	1.499
		22  0	5.661
		23  0	-4.255
		24  0	-1.254

node  4		 link	 weight	 bias -6.931
		1  0	2.903
		2  1	2.748
		3  0	0.863
		4  1	-4.783
		5  1	-0.651
		6  0	-6.109
		7  1	2.932
		8  0	-7.435
		9  0	-3.04
		10  1	-0.715
		15  0	1.816
		16  1	1.148
		17  1	6.226
		18  0	-1.166
		19  1	1.585
		20  1	5.401
		21  0	4.803
		22  0	-2.932
		23  1	0.87
		24  1	-5.597

node  5		 link	 weight	 bias -45.494
		1  1	2.784
		2  0	-1.186
		3  0	-2.013
		4  0	-2.943
		5  1	1.568
		6  1	1.785
		7  0	-8.526
		8  0	0.276
		9  1	0.655
		10  1	-1.848
		15  0	3.083
		16  0	1.61
		17  0	-3.637
		18  1	0.419
		19  1	-0.837
		20  0	1.032
		21  1	-0.981
		22  1	5.891
		23  1	1.125
		24  1	6.165

node  6		 link	 weight	 bias -6.895
		1  0	6.675
		2  0	0.836
		3  0	-3.956
		4  1	3.363
		5  1	-3.862
		6  1	0.350001
		7  0	-3.267
		8  1	-6.349
		9  1	-2.244
		10  0	2.446
		15  1	-0.367
		16  0	2.557
		17  0	-2.895
		18  1	-1.644
		19  1	-5.781
		20  0	0.153
		21  0	2.374
		22  1	-5.985
		23  0	3.771
		24  1	3.638

node  7		 link	 weight	 bias 20.92
		1  0	-1.065
		2  1	0.241
		3  1	3.33
		4  0	2.201
		5  0	4.637
		6  0	1.162
		7  0	1.595
		8  0	1.298
		9  0	-5.673
		10  1	2.528
		15  0	-4.319
		16  1	0.637
		17  0	1.27
		18  1	1.385
		19  0	0.118
		20  1	0.045
		21  0	0.116
		22  1	-1.926
		23  1	1.615
		24  0	1.47

node  8		 link	 weight	 bias 1.512
		1  1	-3.318
		2  0	-0.0210001
		3  1	-3.36
		4  0	-7.826
		5  0	2.642
		6  0	-2.873
		7  0	6.246
		8  1	-3.697
		9  1	4.831
		10  0	-0.567
		15  1	1.329
		16  1	-0.283
		17  0	-1.489
		18  0	0.973
		19  0	-1.574
		20  1	5.458
		21  0	1.478
		22  1	0.663
		23  1	0.268
		24  1	-4.195

node  9		 link	 weight	 bias -5.783
		1  0	0.328
		2  0	-0.256
		3  1	-0.876
		4  0	-5.901
		5  1	2.179
		6  1	-8.29
		7  1	-1.778
		8  0	-5.404
		9  1	-1.07
		10  0	1.581
		15  1	0.297
		16  1	4.597
		17  0	0.933
		18  1	-0.816
		19  0	-4.166
		20  0	-1.229
		21  0	1.522
		22  0	-0.703
		23  0	-6.234
		24  0	3.744

node  10		 link	 weight	 bias -34.555
		1  1	3.675
		2  0	-2.489
		3  0	-3.489
		4  1	-2.954
		5  1	-1.594
		6  1	0.995
		7  0	1.429
		8  0	-2.227
		9  0	-2.272
		10  0	-0.966
		15  1	6.21
		16  0	-2.198
		17  0	0.97
		18  1	-5.57
		19  1	1.82
		20  0	0.885
		21  1	3.016
		22  0	-1.076
		23  1	-1.705
		24  0	-7.981


 Layer 4

node  1		 link	 weight	 bias 4.275
		1  1	-8.129
		2  1	-3.292
		3  1	4.311
		4  0	2.438
		5  0	0.985
		6  0	1.84
		7  1	3.495
		8  1	2.367
		9  1	-0.448
		10  0	5.086
		15  0	-1.699
		16  1	-1.857
		17  0	-3.367
		18  1	2.677
		19  1	1.525
		20  0	1.687
		21  0	-4.605
		22  0	-2.446
		23  0	-4.367
		24  1	-3.131
		25  1	3.412
		26  0	-1.432
		27  0	-0.995
		28  1	-3.144
		29  0	-2.308
		30  0	-2.673
		31  1	2.441
		32  1	0.754
		33  0	-1.652
		34  1	4.356

node  2		 link	 weight	 bias -12.768
		1  0	-1.174
		2  1	-2.405
		3  0	2.155
		4  0	0.322
		5  0	-3.83
		6  1	-2.108
		7  0	-1.22
		8  1	-3.598
		9  1	-3.183
		10  0	-4.408
		15  1	1.894
		16  1	-0.593
		17  1	0.725
		18  1	-2.135
		19  0	4.649
		20  1	0.0210001
		21  0	-5.464
		22  1	-5.983
		23  0	-0.55
		24  1	7.538
		25  0	2.998
		26  0	-2.83
		27  0	-3.706
		28  1	-4.002
		29  0	-1.665
		30  1	0.64
		31  1	1.394
		32  0	-6.102
		33  1	2.834
		34  0	-5.402

node  3		 link	 weight	 bias 13.144
		1  0	-10.792
		2  1	0.31
		3  0	-4.984
		4  1	-5.627
		5  1	4.363
		6  1	-1.904
		7  1	1.592
		8  0	1.15
		9  1	-3.925
		10  0	0.682
		15  0	4.8
		16  0	1.525
		17  0	2.625
		18  0	2.994
		19  0	-1.951
		20  0	3.441
		21  1	-1.787
		22  1	3.18
		23  1	-4.272
		24  1	5.625
		25  0	-2.023
		26  0	-4.43
		27  0	-2.805
		28  0	1.012
		29  1	-2.806
		30  1	-5.938
		31  1	-4.621
		32  0	-1.18
		33  0	-5.427
		34  1	1.831

node  4		 link	 weight	 bias -15.537
		1  0	-0.00300014
		2  1	2.468
		3  1	-3.476
		4  0	3.531
		5  0	9.356
		6  1	1.416
		7  1	-1.161
		8  0	-2.949
		9  0	0.075
		10  1	-1.44
		15  1	-3.686
		16  0	1.988
		17  0	-2.526
		18  1	-2.176
		19  1	-5.277
		20  1	-0.768
		21  0	-3.047
		22  1	-5.289
		23  0	4.049
		24  1	3.401
		25  0	-6.726
		26  1	-4.41
		27  1	-0.306
		28  0	1.756
		29  0	7.24
		30  0	-3.787
		31  0	-4.405
		32  1	2.164
		33  0	0.344
		34  0	-2.13

node  5		 link	 weight	 bias -11.876
		1  1	-4.568
		2  1	10.529
		3  0	-0.602
		4  1	-2.73
		5  1	4.03
		6  1	2.047
		7  0	-10.49
		8  1	-0.55
		9  0	-9.763
		10  0	-1.801
		15  1	-6.565
		16  0	0.316
		17  1	0.299
		18  1	3.567
		19  1	0.714
		20  1	5.765
		21  1	-2.026
		22  0	-1.961
		23  1	-1.311
		24  1	-4.002
		25  0	2.434
		26  1	-5.527
		27  0	0.246
		28  1	1.758
		29  0	4.608
		30  0	1.166
		31  1	-1.649
		32  0	6.456
		33  1	2.764
		34  1	-2.694

node  6		 link	 weight	 bias -2.881
		1  0	4.333
		2  1	-1.848
		3  0	8.498
		4  0	1.187
		5  0	-6.182
		6  0	7.964
		7  0	-0.578
		8  1	2.242
		9  1	-1.632
		10  0	-3.858
		15  0	1.509
		16  1	-1.252
		17  1	0.845
		18  0	3.387
		19  0	-2.437
		20  0	0.11
		21  0	1.267
		22  0	-3.543
		23  0	0
		24  0	-2.4
		25  1	-8.023
		26  0	-1.685
		27  0	0
		28  0	-5.184
		29  0	-0.9
		30  1	2.358
		31  1	-1.6
		32  0	-4.343
		33  1	-3.703
		34  1	-0.0539999

node  7		 link	 weight	 bias -61.167
		1  1	-5.199
		2  1	0.854
		3  1	2.489
		4  0	0.925
		5  1	1.171
		6  1	9.767
		7  1	-2.449
		8  0	6.012
		9  0	3.486
		10  1	0.989
		15  1	-4.696
		16  0	2.924
		17  1	1.617
		18  0	2.722
		19  1	9.549
		20  1	-1.417
		21  0	-3.879
		22  1	-4.63
		23  1	0.0630001
		24  1	-1.556
		25  0	-1.053
		26  0	1.695
		27  0	7.622
		28  0	-7.365
		29  1	3.13
		30  0	4.635
		31  0	-4.961
		32  1	-2.407
		33  0	-3.842
		34  0	2.869

node  8		 link	 weight	 bias 1.334
		1  0	-0.249
		2  0	0.403
		3  1	0.542
		4  1	-6.716
		5  0	-4.454
		6  1	-1.623
		7  1	1.433
		8  0	1.006
		9  0	10.841
		10  0	-0.0929999
		15  0	2.924
		16  0	-0.549
		17  1	2.768
		18  0	-0.887
		19  1	8.753
		20  0	-4.645
		21  1	5.261
		22  0	-0.848
		23  1	-4.892
		24  1	-2.518
		25  0	-5.873
		26  0	-2.171
		27  0	-2.449
		28  1	-6.761
		29  0	-3.764
		30  1	-10.062
		31  1	1.814
		32  0	9.031
		33  0	6.54
		34  1	0.612

node  9		 link	 weight	 bias -57.605
		1  1	-2.773
		2  0	2.029
		3  1	-3.689
		4  0	-5.331
		5  1	-0.473
		6  1	0.518
		7  0	-1.555
		8  1	-0.583
		9  1	-0.571
		10  1	1.483
		15  0	-1.929
		16  1	-7.705
		17  0	-1.201
		18  0	-4.46
		19  0	-3.056
		20  1	-1.838
		21  0	3.498
		22  1	-4.721
		23  1	1.589
		24  1	3.541
		25  0	1.514
		26  0	3.573
		27  1	-2.607
		28  0	-5.003
		29  0	2.46
		30  0	-5.646
		31  1	-0.639
		32  0	0.341
		33  1	3.926
		34  1	4.55

node  10		 link	 weight	 bias -11.963
		1  1	-7.51
		2  1	-0.217
		3  1	-2.1
		4  1	-6.315
		5  0	-5.703
		6  1	-3.017
		7  0	0.703
		8  0	5.914
		9  1	1.307
		10  1	-2.717
		15  1	7.103
		16  0	8.051
		17  0	-0.404
		18  1	-1.034
		19  0	-0.188999
		20  0	-2.781
		21  1	-3.637
		22  0	-5.697
		23  1	-7.841
		24  0	-0.056
		25  0	6.996
		26  1	-3.479
		27  0	-3.287
		28  1	1.828
		29  0	4.544
		30  0	-1.054
		31  1	-1.317
		32  1	-5.826
		33  0	6.879
		34  1	2.485


 Layer 5

node  1		 link	 weight	 bias -2.455
		1  0	5.018
		2  1	0.02
		3  0	-5.946
		4  0	5.184
		5  0	2.826
		6  0	0.623
		7  1	-2.621
		8  0	1.378
		9  0	-5.821
		10  0	-5.065
		15  0	1.261
		16  0	-6.368
		17  1	0
		18  0	3.212
		19  0	2.831
		20  0	-7.223
		21  0	-0.814
		22  0	-0.952
		23  0	1.431
		24  0	0.28
		25  0	7.507
		26  0	-2.819
		27  1	-2.063
		28  0	-2.76
		29  0	1.003
		30  0	-2.623
		31  0	0
		32  0	2.524
		33  0	-2.395
		34  0	-5.076
		35  0	4.11
		36  0	-4.222
		37  0	-2.807
		38  0	-0.305
		39  0	-6.28
		40  0	-2.222
		41  0	-0.976
		42  1	-0.00699997
		43  0	-0.547
		44  0	-0.435

node  2		 link	 weight	 bias -3.327
		1  0	3.232
		2  0	-1.852
		3  0	5.351
		4  0	-6.173
		5  0	-5.628
		6  0	-2.055
		7  0	-2.194
		8  1	0
		9  0	5.029
		10  0	0.758
		15  0	-1.459
		16  1	-2.189
		17  0	-3.548
		18  0	-2.34
		19  0	-2.834
		20  0	2.27
		21  0	2.462
		22  0	2.607
		23  1	0.59
		24  0	1.43
		25  0	-0.393
		26  0	-1.255
		27  0	-0.222
		28  0	-2.654
		29  0	-3.866
		30  0	3.405
		31  0	4.705
		32  0	-1.989
		33  0	-1.588
		34  0	-6.018
		35  0	-0.708
		36  0	-1.68
		37  0	-3.286
		38  0	-1.07
		39  0	1.407
		40  0	3.565
		41  0	-5.39
		42  0	-13.108
		43  0	0.61
		44  0	4.044

node  3		 link	 weight	 bias 0.449001
		1  0	1.412
		2  1	-0.429
		3  0	-0.897
		4  0	6.233
		5  0	0.334
		6  0	-0.383
		7  0	-1.538
		8  1	2.224
		9  0	1.038
		10  0	3.639
		15  0	-6.302
		16  0	-1.285
		17  0	-3.67
		18  0	-1.089
		19  0	5.63
		20  0	-0.62
		21  0	-2.568
		22  0	-3.693
		23  0	-0.578
		24  0	2.656
		25  0	-5.216
		26  0	0.901
		27  0	-5.729
		28  0	-4.769
		29  0	0.545
		30  0	-7.089
		31  0	4.555
		32  0	-1.55
		33  0	7.207
		34  0	-1.007
		35  0	8.872
		36  0	-0.842
		37  0	1.483
		38  0	-2.484
		39  0	-5.602
		40  1	-0.0569999
		41  0	-5.149
		42  0	-8.688
		43  0	-4.415
		44  0	2.845

node  4		 link	 weight	 bias 1.982
		1  0	-0.339
		2  0	0.865
		3  0	0.454
		4  1	2.815
		5  0	-2.274
		6  1	0.769
		7  0	-0.945
		8  0	0.378
		9  0	2.169
		10  0	3.055
		15  1	0
		16  0	-0.015
		17  0	3.027
		18  0	-3.151
		19  1	0.036
		20  0	-2.224
		21  0	4.69
		22  0	-1.726
		23  0	1.779
		24  1	0.04
		25  1	0.163
		26  0	-5.858
		27  0	-0.347
		28  0	-5.451
		29  0	-0.963
		30  0	2.022
		31  0	-9.591
		32  0	-1.024
		33  1	0
		34  0	-4.409
		35  1	0
		36  0	3.567
		37  0	-0.965
		38  0	4.152
		39  0	-2.767
		40  0	1.992
		41  0	0.538
		42  0	3.396
		43  0	1.994
		44  0	-1.156
