
======================================================
Score	7.56066e+15
Z	0.000581554
alpha	0.00775604
betta	-0.114629
gamma	0.147817
Vx	-0.175219
Vy	-0.0111952
Vz	-0.0189463
engIng	0
cFuel	11
tfuel	297.653
======================================================

Initial Parametrs
rOa	{ 87 ; 61 ; -232 }

V	{ 10 ; 0.13 ; 0.17 }

w	{ 0.0005 ; 0.0021 ; -0.0022 }

alpha	0.00238
betta	0.00308
gamma	-0.00056
======================================================

 Layer 2

node  1		 link	 weight	 bias -112.354
		1  0	0.179
		2  0	-0.996
		3  0	-3.939
		4  1	5.61
		5  0	-0.497
		6  0	8.081
		7  1	-10.029
		8  0	-10.302
		9  1	-3.617
		10  0	-0.919

node  2		 link	 weight	 bias -25.619
		1  0	0.52
		2  0	-9.454
		3  0	-11.907
		4  0	-1.179
		5  1	-0.401
		6  1	-9.44
		7  1	0.721
		8  0	-3.774
		9  0	8.114
		10  0	-3.996

node  3		 link	 weight	 bias -7.157
		1  0	-4.614
		2  1	-7.527
		3  1	-7.111
		4  0	4.994
		5  0	-0.136
		6  1	-3.537
		7  1	5.176
		8  1	4.254
		9  0	6.85
		10  1	-0.305

node  4		 link	 weight	 bias -87.707
		1  0	-9.777
		2  0	-8.653
		3  0	0.257
		4  1	5.895
		5  0	3.464
		6  1	-5.515
		7  1	-2.77
		8  1	2.153
		9  0	8.231
		10  1	-1.906

node  5		 link	 weight	 bias -31.119
		1  0	-3.343
		2  0	-6.531
		3  1	-4.241
		4  1	0.494
		5  0	-3.21
		6  0	-11.945
		7  0	0.422
		8  1	3.517
		9  0	3.321
		10  0	-1.859

node  6		 link	 weight	 bias -91.236
		1  1	-3.063
		2  0	-1.538
		3  1	-3.33
		4  0	-13.494
		5  0	1.737
		6  1	-5.661
		7  1	11.513
		8  1	-5.365
		9  0	-2.456
		10  1	-1.623

node  7		 link	 weight	 bias 18.392
		1  1	-8.742
		2  1	4.621
		3  0	-0.369
		4  0	-0.466
		5  0	-9.619
		6  0	4.628
		7  1	-15.869
		8  1	-3.134
		9  0	-7.769
		10  1	-0.845

node  8		 link	 weight	 bias -79.706
		1  1	-4.963
		2  0	1.644
		3  1	-7.651
		4  0	5.955
		5  0	-8.161
		6  0	-5.224
		7  1	1.864
		8  1	0.0309998
		9  0	-6.213
		10  1	-8.454

node  9		 link	 weight	 bias -40.173
		1  1	3.956
		2  1	1.82
		3  1	-11.005
		4  0	2.995
		5  1	-6.886
		6  1	1.244
		7  1	-11.717
		8  0	6.421
		9  1	-5.808
		10  1	-2.989

node  10		 link	 weight	 bias -30.184
		1  0	3.865
		2  1	3.453
		3  1	4.327
		4  0	-10.672
		5  1	5.331
		6  1	-24.121
		7  0	3.168
		8  1	1.981
		9  1	0.496
		10  0	-1.568


 Layer 3

node  1		 link	 weight	 bias -40.202
		1  0	-2.456
		2  0	2.118
		3  0	8.267
		4  1	1.434
		5  1	-6.839
		6  0	2.045
		7  1	-3.327
		8  0	-6.02
		9  0	2.395
		10  1	-4.514
		15  0	2.216
		16  1	-1.379
		17  0	-3.381
		18  1	2.229
		19  0	1.795
		20  0	-2.977
		21  0	-12.752
		22  1	2.514
		23  0	9.289
		24  0	-0.826

node  2		 link	 weight	 bias -44.289
		1  0	1.209
		2  1	-1.629
		3  1	3.875
		4  0	-8.687
		5  0	15.265
		6  1	1.87
		7  1	-5.235
		8  0	-4.972
		9  1	-2.558
		10  0	-1.064
		15  1	-8.701
		16  1	2.736
		17  1	-7.08
		18  0	-0.729
		19  0	-6.54
		20  1	3.934
		21  1	4.032
		22  0	0.53
		23  0	-1.322
		24  1	1.531

node  3		 link	 weight	 bias 8.796
		1  0	-4.639
		2  1	3.823
		3  0	-0.258
		4  1	-2.431
		5  1	2.192
		6  1	-2.181
		7  1	4.998
		8  1	-0.666
		9  1	-2.831
		10  0	6.025
		15  0	0.407
		16  0	-0.319
		17  1	3.39
		18  0	0.142
		19  0	-1.521
		20  0	0.519
		21  0	3.872
		22  1	-1.885
		23  1	-0.798
		24  0	-0.675

node  4		 link	 weight	 bias -45.931
		1  1	-2.895
		2  0	1.55
		3  1	2.061
		4  0	7.266
		5  1	2.403
		6  0	-0.0920001
		7  1	-1.198
		8  1	-13.07
		9  0	-1.659
		10  0	-4.439
		15  0	1.442
		16  1	-3.023
		17  0	-1.936
		18  1	0.85
		19  1	7.366
		20  1	-1.217
		21  1	-8.764
		22  0	-0.614
		23  0	-9.019
		24  0	3.952

node  5		 link	 weight	 bias -17.793
		1  1	4.77
		2  0	-8.964
		3  1	2.714
		4  1	-0.897
		5  0	-17.759
		6  1	-11.383
		7  1	-4.134
		8  1	-9.164
		9  1	-12.152
		10  1	-3.166
		15  0	-2.087
		16  0	2.461
		17  0	0.307
		18  0	0.491
		19  1	-6.726
		20  0	-1.297
		21  1	-10.38
		22  0	-1.858
		23  1	3.895
		24  1	1.881

node  6		 link	 weight	 bias -88.214
		1  0	-3.957
		2  1	-1.078
		3  1	0.234
		4  0	-2.776
		5  1	2.231
		6  0	-3.926
		7  1	-4.879
		8  1	-7.781
		9  1	1.158
		10  1	-2.243
		15  0	-2.153
		16  1	-0.1
		17  1	-1.514
		18  0	2.057
		19  1	-1.028
		20  1	-6.722
		21  0	-8.408
		22  0	-3.182
		23  0	-2.382
		24  1	-7.106

node  7		 link	 weight	 bias -9.889
		1  0	-3.569
		2  1	-1.442
		3  1	-3.646
		4  0	-1.049
		5  0	-1.803
		6  1	4.056
		7  0	-6.174
		8  1	2.617
		9  1	-5.296
		10  0	-3.48
		15  1	1.786
		16  1	-6.308
		17  1	-7.686
		18  0	5.622
		19  1	-1.273
		20  1	-0.273
		21  0	3.25
		22  0	2.807
		23  0	-1.185
		24  1	1.547

node  8		 link	 weight	 bias -78.505
		1  1	1.71
		2  0	2.675
		3  0	-4.485
		4  0	-1.392
		5  0	-11.712
		6  0	3.768
		7  0	0.394
		8  1	-8.682
		9  1	1.085
		10  1	-0.575
		15  1	-0.72
		16  0	-3.411
		17  1	6.387
		18  0	0.584
		19  0	-5.394
		20  0	6.646
		21  0	-6.198
		22  0	0.941
		23  0	4.626
		24  1	0.862

node  9		 link	 weight	 bias -75.778
		1  1	-6.661
		2  0	-4.188
		3  0	-3.613
		4  1	-1.314
		5  0	10.945
		6  0	-8.905
		7  0	-3.429
		8  1	-2.116
		9  1	7.678
		10  0	2.041
		15  1	-4.198
		16  1	-3.381
		17  0	-8.97
		18  1	9.657
		19  1	4.316
		20  0	-7.237
		21  1	-7.961
		22  1	-0.395
		23  1	-3.208
		24  1	0.548

node  10		 link	 weight	 bias -28.207
		1  0	-2.269
		2  1	-7.439
		3  0	-2.576
		4  1	-6.13
		5  1	-2.975
		6  1	4.074
		7  1	6.036
		8  0	0.348
		9  1	2.507
		10  0	-7.351
		15  0	3.367
		16  1	-3.602
		17  1	3.8
		18  1	3.241
		19  0	2.281
		20  1	1.268
		21  1	-3.907
		22  1	0.35
		23  1	-6.446
		24  0	-0.743


 Layer 4

node  1		 link	 weight	 bias 9.479
		1  0	9.268
		2  0	1.337
		3  0	-11.527
		4  0	-5.615
		5  1	-5.032
		6  0	1.24
		7  0	-0.273
		8  0	-4.888
		9  1	-2.821
		10  0	-7.531
		15  1	-5.605
		16  1	-10.071
		17  0	0.769
		18  0	-7.593
		19  0	-9.962
		20  1	-8.726
		21  1	-3.021
		22  0	-1.961
		23  1	5.567
		24  0	0.664
		25  0	5.475
		26  0	-8.496
		27  0	4.32
		28  1	-5.263
		29  0	4.163
		30  0	8.509
		31  0	9.008
		32  1	-0.58
		33  0	-0.792
		34  1	10.561

node  2		 link	 weight	 bias -27.951
		1  0	-4.626
		2  1	3.778
		3  0	7.028
		4  0	-1.225
		5  0	3.324
		6  1	-4.186
		7  1	1.197
		8  1	1.4
		9  1	-10.712
		10  1	-3.339
		15  0	-6.16
		16  0	-1.824
		17  0	-6.087
		18  0	2.514
		19  1	-5.22
		20  1	-9.053
		21  1	-0.0979999
		22  1	-0.447
		23  1	-1.458
		24  1	-2.437
		25  1	-0.529
		26  0	-3.293
		27  1	2.848
		28  0	-8.309
		29  0	5.197
		30  0	6.716
		31  0	0.764
		32  1	-3.47
		33  1	2.635
		34  0	6.735

node  3		 link	 weight	 bias -52.131
		1  1	-8.541
		2  0	0.386
		3  0	-6.87
		4  1	-5.959
		5  0	5.326
		6  1	-0.707
		7  0	-6.829
		8  1	-4.611
		9  0	-1.381
		10  1	-3.448
		15  1	-7.654
		16  1	10.986
		17  0	5.638
		18  1	0.726
		19  0	1.445
		20  0	11.439
		21  1	4.193
		22  1	-3.251
		23  0	0.253
		24  1	0.978
		25  1	-1.341
		26  1	-7.084
		27  0	1.281
		28  0	6.965
		29  1	-0.42
		30  1	-5.85
		31  1	-4.659
		32  1	-1.057
		33  1	-3.255
		34  0	-2.206

node  4		 link	 weight	 bias 16.504
		1  1	-0.845
		2  1	-1.185
		3  0	0.654
		4  1	-1.983
		5  1	8.331
		6  1	2.71
		7  0	-3.504
		8  1	-10.582
		9  1	-1.434
		10  0	-1.822
		15  0	3.1
		16  0	1.975
		17  1	1.77
		18  1	1.035
		19  1	-0.539
		20  1	-4.575
		21  0	0.519
		22  1	-6.143
		23  1	5.783
		24  0	-0.632
		25  0	-1.941
		26  0	0.0670001
		27  0	4.99
		28  0	1.23
		29  1	6.143
		30  1	3.771
		31  1	4.777
		32  0	6.695
		33  0	-0.255
		34  0	-8.974

node  5		 link	 weight	 bias 34.166
		1  1	-2.315
		2  0	6.743
		3  1	-1.794
		4  0	5.584
		5  0	0.344
		6  1	-1.332
		7  0	-3.604
		8  0	-1.274
		9  0	2.923
		10  0	-0.658
		15  0	3.99
		16  0	-2.436
		17  0	4.741
		18  1	1.405
		19  0	1.546
		20  1	9.404
		21  0	2.978
		22  1	1.468
		23  1	-6.003
		24  0	-0.206
		25  0	9.407
		26  0	0.751
		27  1	1.204
		28  1	-6.593
		29  0	-1.906
		30  1	-1.732
		31  1	-0.0940001
		32  0	5.179
		33  0	-7.113
		34  0	-6.871

node  6		 link	 weight	 bias 20.043
		1  1	-3.636
		2  0	-2.508
		3  1	-3.12
		4  0	-1.741
		5  0	-0.982
		6  0	-0.616
		7  0	-10.523
		8  0	-12.582
		9  1	-2.632
		10  1	-5.981
		15  0	-4.3
		16  1	-1.504
		17  1	4.486
		18  1	-3.259
		19  1	-3.211
		20  1	-0.963
		21  1	-6.801
		22  1	-6.193
		23  0	-6.613
		24  0	3.268
		25  1	0.988
		26  0	2.662
		27  0	-2.292
		28  1	3.249
		29  1	-2.167
		30  1	-4.179
		31  0	5.931
		32  1	-8.343
		33  0	-1.172
		34  1	5.716

node  7		 link	 weight	 bias -29.213
		1  0	1.658
		2  0	-5.095
		3  0	-3.41
		4  0	0.283
		5  1	-2.458
		6  0	-4.072
		7  0	-4.75
		8  0	-6.121
		9  0	-3.196
		10  0	-0.049
		15  1	5.722
		16  1	0.0479999
		17  0	1.609
		18  1	-1.648
		19  0	0.389
		20  0	3.525
		21  0	-2.241
		22  1	-5.313
		23  0	-4.346
		24  0	6.895
		25  0	-1.403
		26  0	7.058
		27  1	-6.39
		28  1	-6.608
		29  1	-4.344
		30  0	-0.519
		31  1	-4.805
		32  0	-4.532
		33  0	7.109
		34  0	1.278

node  8		 link	 weight	 bias -46.907
		1  0	5.555
		2  1	5.323
		3  1	-8.788
		4  1	-1.037
		5  1	0.114
		6  1	5.929
		7  1	-8.506
		8  1	-5.911
		9  1	-4.414
		10  0	3.628
		15  1	2.631
		16  1	8.878
		17  0	1.457
		18  1	-4.659
		19  1	1.226
		20  0	-0.265
		21  0	1.273
		22  1	-5.477
		23  1	0.74
		24  0	4.791
		25  1	3.114
		26  1	2.724
		27  1	-0.749
		28  1	2.57
		29  0	-3.647
		30  1	-1.964
		31  0	-3.515
		32  0	-4.028
		33  1	1.156
		34  1	-11.113

node  9		 link	 weight	 bias -64.893
		1  0	-1.002
		2  1	0.95
		3  0	-9.209
		4  0	0.88
		5  0	-2.6
		6  0	0.573
		7  0	-4.348
		8  1	0.541
		9  1	-1.889
		10  1	2.669
		15  1	-6.718
		16  1	7.578
		17  0	-0.501
		18  0	6.836
		19  1	-4.555
		20  0	5.231
		21  0	-2.662
		22  0	4.516
		23  0	5.442
		24  0	-2.737
		25  0	3.164
		26  1	9.742
		27  1	-5.66
		28  0	3.648
		29  1	-3.871
		30  0	0.354
		31  1	-9.174
		32  0	-2.781
		33  1	0.19
		34  0	0.0150001

node  10		 link	 weight	 bias -46.731
		1  0	-2.87
		2  1	2.473
		3  1	3.44
		4  1	-0.535
		5  0	-11.833
		6  1	-0.213
		7  1	-1.256
		8  0	-4.552
		9  1	0.216
		10  1	-0.595
		15  0	2.864
		16  0	-0.33
		17  0	2.272
		18  0	-3.527
		19  1	0.515
		20  1	12.247
		21  1	-4.61
		22  1	6.608
		23  1	-10.439
		24  1	-0.671
		25  1	-7.309
		26  1	3.037
		27  1	-8.598
		28  0	4.989
		29  1	-7.447
		30  0	-1.09
		31  0	5.075
		32  0	-2.483
		33  1	-7.83
		34  0	7.35


 Layer 5

node  1		 link	 weight	 bias 7.977
		1  0	1.254
		2  0	3.006
		3  0	4.385
		4  0	0.782
		5  1	-2.35
		6  0	-11.407
		7  0	-3.186
		8  0	1.006
		9  0	-2.851
		10  1	-0.0720002
		15  0	-14.52
		16  0	-13.256
		17  0	-4.103
		18  1	-0.76
		19  0	-3.028
		20  0	-7.274
		21  0	5.09
		22  0	4.877
		23  0	-1.845
		24  1	-1.226
		25  0	1.031
		26  0	-2.004
		27  0	3.098
		28  0	-14.05
		29  1	7.091
		30  1	-3.694
		31  1	3.435
		32  1	-2.517
		33  0	-3.211
		34  1	4.424
		35  0	-0.185
		36  1	-2.894
		37  1	1.943
		38  1	1.7
		39  1	0.255
		40  0	3.719
		41  1	-0.0310001
		42  1	0.284
		43  0	5.3
		44  0	-12.278

node  2		 link	 weight	 bias -3.246
		1  0	4.453
		2  0	-1.89
		3  0	-2.677
		4  0	-0.013
		5  0	-2.94
		6  1	-2.53
		7  1	2.322
		8  0	0.075
		9  1	1.072
		10  0	-5.595
		15  0	-1.789
		16  1	0.448
		17  0	-7.43
		18  0	-8.711
		19  0	2.468
		20  1	-2.185
		21  0	-4.359
		22  0	-3.905
		23  1	0.872
		24  0	-7.436
		25  0	-2.672
		26  1	-1.56
		27  0	0.17
		28  0	4.723
		29  0	4.765
		30  0	-6.391
		31  0	-2.211
		32  0	-0.407
		33  0	-2.966
		34  0	1.171
		35  0	-6.959
		36  0	7.147
		37  0	-4.576
		38  1	1.835
		39  0	-6.253
		40  0	-1.91
		41  0	2.028
		42  0	-2.531
		43  1	-0.19
		44  0	-7.251

node  3		 link	 weight	 bias 1.147
		1  0	-2.687
		2  0	-3.277
		3  0	1.211
		4  1	7.265
		5  1	4.865
		6  1	-2.361
		7  1	-3.216
		8  1	-4.08
		9  0	3.093
		10  0	-8.779
		15  0	-4.106
		16  0	-1.104
		17  1	3.779
		18  1	-2.661
		19  0	2.724
		20  0	2.041
		21  0	-16.457
		22  0	1.055
		23  0	1.453
		24  0	6.55
		25  1	-0.759
		26  0	1.519
		27  1	2.126
		28  0	-4.697
		29  1	1.663
		30  0	-1.904
		31  0	1.653
		32  0	0.814
		33  0	-4.188
		34  1	3.988
		35  0	-8.241
		36  0	-6.123
		37  0	5.29
		38  1	1.351
		39  0	0.977
		40  0	-3.405
		41  1	-0.299
		42  0	7.069
		43  0	3.859
		44  0	0

node  4		 link	 weight	 bias -2.495
		1  0	-5.415
		2  0	-6.29
		3  1	0.504
		4  0	-3.004
		5  0	1.143
		6  1	5.451
		7  0	-2.742
		8  1	9.221
		9  1	-1.775
		10  0	-6.162
		15  0	-0.292
		16  0	-13.39
		17  1	-2.844
		18  0	-1.309
		19  0	-5.629
		20  0	5.882
		21  0	-12.224
		22  1	1.7
		23  1	0.205
		24  0	2.317
		25  1	2.068
		26  0	-10.01
		27  1	0.824
		28  0	1.627
		29  0	-4.38
		30  0	4.078
		31  0	3.497
		32  0	-0.59
		33  0	1.168
		34  0	4.129
		35  1	2.935
		36  0	-3.392
		37  1	0.617
		38  0	0.213
		39  0	-3.997
		40  0	-9.36
		41  0	1.09
		42  0	-10.139
		43  0	-4.128
		44  0	-2.541
