
======================================================
Score	5.45362e+14
Z	0.00173079
alpha	-1.79812
betta	-0.0784559
gamma	-0.0499032
Vx	-0.137217
Vy	-0.0159642
Vz	-0.0215216
engIng	0
cFuel	92
tfuel	193.39
======================================================

Initial Parametrs
rOa	{ 143 ; 194 ; -59 }

V	{ 11 ; 0 ; 5 }

w	{ -0.29 ; -0.37 ; 0.19 }

alpha	0.131
betta	0.077
gamma	-0.302
======================================================

 Layer 2

node  1		 link	 weight	 bias -0.196
		1  0	-0.877
		2  0	-3.661
		3  0	-0.7
		4  0	-2.91
		5  1	-2.404
		6  0	3.593
		7  0	-9.629
		8  0	-1.607
		9  0	-2.911
		10  0	0.423

node  2		 link	 weight	 bias -1.37
		1  0	-3.597
		2  0	-5.979
		3  1	-1.638
		4  0	-2.021
		5  1	0.22
		6  0	-3.332
		7  0	-5.095
		8  0	-9.636
		9  0	-8.737
		10  0	10.908

node  3		 link	 weight	 bias 16.189
		1  1	14.701
		2  0	-31.369
		3  1	-18.064
		4  0	-0.114
		5  1	-1.533
		6  0	-3.948
		7  1	1.657
		8  0	2.84
		9  1	-70.92
		10  0	-44.656

node  4		 link	 weight	 bias -20.771
		1  1	0.0849999
		2  1	2.647
		3  1	1.998
		4  1	1.38
		5  0	-10.815
		6  1	-0.863
		7  0	-0.325
		8  1	0.558
		9  0	1.208
		10  1	1.976

node  5		 link	 weight	 bias -0.531999
		1  0	0.864
		2  1	10.705
		3  1	0.367
		4  1	0.0179999
		5  0	5.642
		6  1	0.419
		7  0	0.709
		8  1	-0.344
		9  1	4.422
		10  0	-9.064

node  6		 link	 weight	 bias -32.056
		1  1	-3.874
		2  1	-4.558
		3  0	-11.142
		4  0	-1.566
		5  0	-2.841
		6  1	-17.816
		7  0	-5.439
		8  1	-1.913
		9  1	-1.845
		10  0	-8.244

node  7		 link	 weight	 bias -44.008
		1  0	5.512
		2  0	3.142
		3  0	0.4
		4  1	-4.621
		5  1	4.831
		6  0	-9.434
		7  1	-2.107
		8  1	-1.33
		9  0	-8.492
		10  1	4.799

node  8		 link	 weight	 bias -72.874
		1  1	-1.607
		2  0	8.16
		3  0	-12.889
		4  1	-10.691
		5  1	0.84
		6  0	1.347
		7  0	-2.006
		8  0	-4.145
		9  1	-7.552
		10  0	-6.383

node  9		 link	 weight	 bias -4.406
		1  0	0.614
		2  0	-5.407
		3  1	-1.83
		4  0	0.308
		5  0	0.128
		6  0	0.549
		7  1	-4.586
		8  0	-6.468
		9  0	-0.429
		10  1	-3.461

node  10		 link	 weight	 bias -9.416
		1  0	-6.733
		2  0	5.975
		3  1	8.329
		4  1	-3.637
		5  1	-8.002
		6  0	-6.26
		7  0	-5.764
		8  1	1.673
		9  0	0.124999
		10  1	6.383


 Layer 3

node  1		 link	 weight	 bias -0.278
		1  0	4.862
		2  1	-0.158
		3  0	-7.976
		4  0	-4.199
		5  0	-0.193999
		6  0	-1.643
		7  0	-3.486
		8  0	1.097
		9  1	3.373
		10  0	-3.684
		15  1	1.139
		16  0	-7.033
		17  0	0.393
		18  0	-5.744
		19  0	-6.892
		20  0	-3.492
		21  0	-0.0209998
		22  0	0.511
		23  0	-7.426
		24  0	-4.195

node  2		 link	 weight	 bias -4.356
		1  0	-1.623
		2  1	-4.927
		3  1	-3.149
		4  0	-1.071
		5  0	8.874
		6  1	-1.426
		7  0	-6.627
		8  0	2.375
		9  0	-4.662
		10  1	2.739
		15  0	1.211
		16  0	-2.392
		17  1	-0.122999
		18  1	1.916
		19  0	-5.594
		20  1	1.577
		21  0	-4.993
		22  0	-7.228
		23  0	4.099
		24  1	-3.163

node  3		 link	 weight	 bias 7.596
		1  1	2.706
		2  1	0.224
		3  0	2.45
		4  0	-5.098
		5  0	0.0450002
		6  0	2.854
		7  1	0.0770001
		8  0	-5.963
		9  1	0.419
		10  1	1.163
		15  0	5.256
		16  0	0.826
		17  1	-0.126
		18  1	5.239
		19  1	1.431
		20  0	-3.274
		21  0	2.862
		22  0	6.042
		23  0	-3.619
		24  0	-2.465

node  4		 link	 weight	 bias -16.307
		1  1	1.364
		2  0	9.831
		3  0	-1.724
		4  0	-9.883
		5  0	-0.535
		6  1	-14.283
		7  1	2.215
		8  1	-12.238
		9  0	-3.448
		10  0	-4.073
		15  0	3.953
		16  1	2.318
		17  1	9.178
		18  1	1.823
		19  1	4.154
		20  0	1.324
		21  0	4.019
		22  1	-3.294
		23  1	6.187
		24  1	-3.608

node  5		 link	 weight	 bias -74.88
		1  1	6.407
		2  1	-0.997
		3  0	-0.189
		4  0	4.055
		5  0	6.462
		6  1	2.578
		7  1	-5.692
		8  1	-3.473
		9  1	0.833
		10  0	-2.839
		15  0	0.89
		16  1	4.379
		17  0	-6.403
		18  1	1.183
		19  1	-4.414
		20  0	-5.628
		21  0	5.175
		22  0	5.259
		23  0	-0.154
		24  0	4.31

node  6		 link	 weight	 bias -27.2
		1  1	9.432
		2  0	-1.32
		3  0	-6.208
		4  1	4.088
		5  1	-4.349
		6  1	-1.038
		7  0	-3.089
		8  0	-4.606
		9  1	-4.594
		10  0	4.991
		15  0	-3.55
		16  1	1.425
		17  0	-5.321
		18  0	-0.601
		19  1	-9.404
		20  0	-0.814
		21  1	3.763
		22  1	-4.65
		23  0	6.441
		24  0	2.213

node  7		 link	 weight	 bias 12.748
		1  0	1.426
		2  0	10.73
		3  0	-0.0490001
		4  0	1.813
		5  1	0.712
		6  1	-1.741
		7  0	3.23
		8  1	5.826
		9  1	-3.743
		10  0	-1.918
		15  1	-4.7
		16  0	-0.0910002
		17  0	4.44
		18  0	3.132
		19  1	-0.848
		20  1	3.911
		21  0	1.758
		22  0	-1.926
		23  0	-9.049
		24  1	8.233

node  8		 link	 weight	 bias 23.63
		1  0	3.446
		2  1	-5.217
		3  1	-2.534
		4  0	-4.995
		5  1	3.945
		6  0	-3.573
		7  1	6.551
		8  1	-4.615
		9  1	4.18
		10  1	-0.55
		15  1	5.606
		16  0	-0.452
		17  1	-6.336
		18  0	2.417
		19  0	-2.589
		20  0	8.283
		21  0	-4.538
		22  0	-1.548
		23  1	6.271
		24  0	-5.161

node  9		 link	 weight	 bias -21.76
		1  0	-9.007
		2  1	0.577
		3  0	-2.635
		4  1	-3.207
		5  1	0.378
		6  0	-10.155
		7  1	3.163
		8  0	-9.443
		9  0	1.827
		10  1	-1.498
		15  0	0.511
		16  1	9.519
		17  0	1.849
		18  1	5.652
		19  1	-9.927
		20  0	-6.877
		21  0	2.438
		22  0	-5.171
		23  0	-7.53
		24  0	5.51

node  10		 link	 weight	 bias -82.88
		1  0	7.945
		2  0	-1.046
		3  0	-1.216
		4  0	-5.493
		5  0	-0.66
		6  0	4.392
		7  0	9.105
		8  0	-5.914
		9  1	-4.917
		10  0	1.162
		15  1	12.194
		16  1	-1.025
		17  1	-0.378999
		18  1	-10.397
		19  0	4.386
		20  0	-4.196
		21  0	0.927001
		22  0	-4.648
		23  1	-3.39
		24  0	-13.901


 Layer 4

node  1		 link	 weight	 bias -20.967
		1  1	-9.984
		2  1	-7.119
		3  1	6.244
		4  1	4.142
		5  0	-1.531
		6  0	3.061
		7  0	1.626
		8  0	3.172
		9  0	-0.754
		10  0	3.056
		15  0	0.98
		16  0	-2.765
		17  1	-3.597
		18  0	4.363
		19  1	3.684
		20  0	-2.924
		21  0	-8.175
		22  1	-4.753
		23  0	-5.763
		24  0	-0.892
		25  0	7.463
		26  1	-1.649
		27  1	-5.324
		28  0	-5.35
		29  0	-10.605
		30  1	-7.907
		31  0	-2.03
		32  0	0.214
		33  1	-1.012
		34  1	10.358

node  2		 link	 weight	 bias -51.616
		1  1	-2.691
		2  1	1.033
		3  1	4.65
		4  0	0.916
		5  0	-11.329
		6  0	-0.588
		7  0	-1.731
		8  0	-8.75
		9  1	-0.491
		10  1	-1.953
		15  1	1.55
		16  0	-1.602
		17  1	-0.734
		18  1	-8.938
		19  0	2.747
		20  0	-2.381
		21  1	-8.749
		22  0	-5.773
		23  0	-0.646
		24  1	6.995
		25  0	3.463
		26  1	-1.027
		27  0	-4.585
		28  1	-1.118
		29  1	4.909
		30  1	2.863
		31  0	2.996
		32  0	-4.494
		33  0	-0.919
		34  0	-5.042

node  3		 link	 weight	 bias -22.945
		1  0	-16.299
		2  0	-0.275
		3  0	-5.618
		4  0	-7.028
		5  0	4.898
		6  0	-2.645
		7  0	-2.183
		8  0	3.487
		9  0	-7.275
		10  1	5.93
		15  0	2.816
		16  1	-0.24
		17  1	4.622
		18  1	2.722
		19  0	-3.251
		20  0	2.431
		21  1	-4.213
		22  1	-1.806
		23  1	-0.715
		24  1	4.634
		25  1	0.449
		26  0	-5.153
		27  0	-5.83
		28  1	-2.751
		29  0	0.721
		30  0	-7.612
		31  1	-4.178
		32  1	-7.111
		33  0	-3.625
		34  0	1.345

node  4		 link	 weight	 bias -30.243
		1  1	-5.869
		2  0	1.614
		3  1	-5.267
		4  1	1.387
		5  0	9.538
		6  1	3.312
		7  1	2.233
		8  1	-0.263
		9  1	-5.219
		10  0	-0.354
		15  1	-2.33
		16  1	3.138
		17  0	-2.36
		18  1	-1.485
		19  0	-9.827
		20  0	-3.913
		21  1	-3.886
		22  0	-6.876
		23  0	-3.404
		24  0	4.455
		25  0	0.153
		26  0	-3.988
		27  0	-0.515
		28  1	0.881001
		29  0	8.939
		30  0	-4.462
		31  0	-4.353
		32  0	6.881
		33  1	-2.068
		34  0	-4.401

node  5		 link	 weight	 bias -67.125
		1  1	-1.952
		2  1	8.529
		3  1	-8.455
		4  0	0.131999
		5  0	3.131
		6  0	7.726
		7  0	-12.882
		8  0	-1.128
		9  0	-6.91
		10  1	0.315
		15  0	-8.688
		16  0	-5.185
		17  0	-0.894
		18  0	3.236
		19  0	3.926
		20  1	0.251
		21  1	-3.125
		22  1	-5.677
		23  0	-1.032
		24  0	-3.798
		25  1	-2.578
		26  0	-6.769
		27  1	-1.362
		28  1	-1.902
		29  1	3.07
		30  1	-1.585
		31  1	3.025
		32  0	7.794
		33  0	2.517
		34  0	-3.544

node  6		 link	 weight	 bias -11.611
		1  0	5.267
		2  0	1.915
		3  0	5.948
		4  1	-4.074
		5  0	-2.416
		6  0	6.328
		7  0	-3.982
		8  0	0.469
		9  1	0.178
		10  0	-7.913
		15  1	0.983
		16  0	-2.041
		17  0	4.801
		18  0	6.177
		19  0	-10.6
		20  1	-1.152
		21  0	1.262
		22  0	-13.139
		23  0	1.933
		24  0	-4.927
		25  1	-12.535
		26  0	-2.4
		27  0	-5.73
		28  0	-9.956
		29  1	-0.781
		30  1	-0.951999
		31  1	-3.657
		32  1	-1.549
		33  1	-3.799
		34  1	-2.263

node  7		 link	 weight	 bias -72.886
		1  1	-4.679
		2  0	5.103
		3  0	4.609
		4  0	3.445
		5  1	1.92
		6  1	11.318
		7  0	-6.05
		8  1	9.629
		9  1	6.742
		10  1	-3.759
		15  1	-7.995
		16  1	-7.198
		17  0	-1.65
		18  0	1.187
		19  0	6.62
		20  1	-6.553
		21  1	-6.535
		22  0	-7.979
		23  0	2.251
		24  0	-5.053
		25  0	-2.556
		26  0	-0.275
		27  0	12.812
		28  0	-15.704
		29  1	1.076
		30  1	0.414
		31  1	-3.545
		32  0	-3.588
		33  0	-10.11
		34  0	0.733

node  8		 link	 weight	 bias -22.078
		1  1	-4.007
		2  0	3.009
		3  1	-6.274
		4  1	-5.027
		5  0	-8.591
		6  0	2.922
		7  0	3.055
		8  1	0.653
		9  1	14.684
		10  0	-0.412
		15  1	-2.235
		16  0	0.296
		17  1	-1.265
		18  1	1.607
		19  1	6.679
		20  0	-10.21
		21  0	-0.657
		22  0	-0.526
		23  1	-7.608
		24  1	-2.873
		25  1	-2.877
		26  0	-6.154
		27  1	1.089
		28  1	-10.865
		29  0	-10.61
		30  0	-9.705
		31  1	1.633
		32  1	11.613
		33  0	4.868
		34  1	-1.453

node  9		 link	 weight	 bias -61.515
		1  0	-6.355
		2  0	5.718
		3  0	-0.465
		4  1	-0.772
		5  0	-6.001
		6  0	-3.974
		7  0	-4.417
		8  1	-3.448
		9  0	-9.673
		10  1	0.608
		15  1	-5.76
		16  0	-7.774
		17  0	-8.149
		18  1	0.418
		19  0	-0.361
		20  1	2.244
		21  0	1.684
		22  1	-5.453
		23  1	1.167
		24  1	0.475
		25  0	2.81
		26  1	-0.284
		27  0	-6.513
		28  0	-7.72
		29  1	0.708
		30  0	-2.18
		31  1	-1.398
		32  1	-5.164
		33  0	3.441
		34  0	3.715

node  10		 link	 weight	 bias -35.481
		1  0	-10.045
		2  1	-0.148
		3  1	-5.582
		4  0	-4.757
		5  1	-7.834
		6  0	1.57
		7  0	-0.584
		8  0	4.951
		9  0	-2.084
		10  1	0.887
		15  0	6.591
		16  0	4.758
		17  1	0.12
		18  0	0.989
		19  1	8.174
		20  1	-1.205
		21  1	-3.288
		22  1	-2.542
		23  0	-5.023
		24  0	-4.408
		25  1	6.409
		26  1	-6.591
		27  0	-0.656
		28  1	2.222
		29  1	2.957
		30  1	2.813
		31  1	0.582
		32  0	-11.799
		33  1	5.391
		34  0	1.266


 Layer 5

node  1		 link	 weight	 bias -2.456
		1  0	6.742
		2  1	0.02
		3  0	-0.25
		4  0	6.749
		5  0	-1.549
		6  0	-2.189
		7  1	-2.621
		8  0	0.605
		9  0	-7.987
		10  0	-12.867
		15  0	1.673
		16  0	-7.903
		17  0	1.906
		18  0	4.984
		19  0	3.942
		20  0	-5.111
		21  0	-3.111
		22  0	2.834
		23  0	1.002
		24  0	-1.183
		25  0	17.626
		26  0	-1.111
		27  1	-2.063
		28  0	-5.723
		29  0	3.025
		30  0	1.38
		31  0	0
		32  0	1.929
		33  0	2.952
		34  0	-5.079
		35  0	4.053
		36  0	-2.465
		37  0	-4.36
		38  0	2.031
		39  0	-5.874
		40  0	-2.677
		41  0	-3.498
		42  1	-0.00699997
		43  0	-3.066
		44  0	-5.089

node  2		 link	 weight	 bias -3.327
		1  0	2.462
		2  0	-4.513
		3  0	2.801
		4  0	-13.518
		5  0	-12.212
		6  0	-4.799
		7  0	-6.063
		8  0	0.398
		9  0	8.435
		10  0	2.832
		15  0	1.668
		16  1	-2.189
		17  0	-8.723
		18  0	-3.926
		19  0	3.955
		20  0	-0.922
		21  0	-0.877
		22  0	5.013
		23  1	0.59
		24  0	-2.237
		25  0	-1.493
		26  0	-5.107
		27  0	4.212
		28  0	-1.755
		29  0	-6.303
		30  0	-1.495
		31  0	9.231
		32  0	-1.797
		33  0	-0.315
		34  0	-12.017
		35  0	-5.594
		36  0	3.387
		37  0	-5.375
		38  0	-8.547
		39  0	1.6
		40  0	11.453
		41  0	-4.482
		42  0	-15.663
		43  0	-1.873
		44  0	7.705

node  3		 link	 weight	 bias 0.449001
		1  0	-6.357
		2  1	-0.429
		3  0	2.252
		4  0	9.79
		5  0	4.124
		6  0	0.782
		7  0	-3.324
		8  1	2.224
		9  0	2.891
		10  0	1.413
		15  0	-6.725
		16  0	-1.105
		17  0	0.502
		18  0	7.415
		19  0	3.039
		20  1	-0.000999928
		21  0	0.143
		22  0	-2.368
		23  0	-6.28
		24  0	-3.742
		25  0	-6.353
		26  0	-0.649
		27  0	-5.038
		28  0	-1.757
		29  0	1.671
		30  0	-7.235
		31  0	7.074
		32  0	-9.474
		33  0	10.261
		34  0	4.714
		35  0	13.113
		36  0	-0.878
		37  0	-2.431
		38  0	-3.519
		39  0	-6.483
		40  1	-0.0569999
		41  0	-4.317
		42  0	-14.293
		43  0	-10.865
		44  0	-1.612

node  4		 link	 weight	 bias 1.982
		1  0	-4.892
		2  0	-3.402
		3  0	0.276
		4  1	2.815
		5  0	-4.579
		6  1	0.769
		7  0	-6.79
		8  0	-1.535
		9  0	2.327
		10  0	0.225
		15  0	-1.478
		16  0	-6.855
		17  0	-0.522
		18  0	-1.885
		19  1	0.036
		20  0	-1.373
		21  0	11.552
		22  0	2.76
		23  0	0.715
		24  1	0.04
		25  1	0.163
		26  0	-0.986
		27  0	-0.204
		28  0	-0.41
		29  0	-2.483
		30  0	1.594
		31  0	-14.374
		32  0	5.885
		33  0	-1.425
		34  0	-0.834
		35  0	-2.563
		36  0	-5.617
		37  0	-3.804
		38  0	2.001
		39  0	-5.404
		40  0	-0.0990002
		41  0	4.659
		42  0	-4.107
		43  0	1.668
		44  0	-1.398
