
======================================================
Score	4.75686e+15
Z	0.00407974
alpha	-0.0267229
betta	0.24674
gamma	0.077232
Vx	-0.308535
Vy	0.0353907
Vz	0.0926891
engIng	0
cFuel	29
tfuel	168.174
======================================================

Initial Parametrs
rOa	{ 29 ; 7 ; -72 }

V	{ 10 ; 0.08 ; 0.18 }

w	{ -0.0037 ; -0.0021 ; -0.001 }

alpha	-0.00251
betta	0.00141
gamma	0.00288
======================================================

 Layer 2

node  1		 link	 weight	 bias -98.812
		1  1	-0.57
		2  0	-3.208
		3  0	-3.939
		4  1	6.952
		5  0	-0.864
		6  0	5.301
		7  0	-9.997
		8  0	-8.21
		9  1	-2.722
		10  1	-2.028

node  2		 link	 weight	 bias -0.601001
		1  0	2.469
		2  1	-7.721
		3  1	-10.283
		4  1	2.85
		5  0	-0.401
		6  1	-7.16
		7  1	0.812
		8  0	-2.907
		9  1	10.931
		10  0	-2.901

node  3		 link	 weight	 bias 0.443
		1  0	-4.563
		2  0	-7.027
		3  1	-3.29
		4  0	0.968
		5  1	-3.098
		6  1	-2.993
		7  0	6.331
		8  0	-2.143
		9  0	4.259
		10  0	-1.089

node  4		 link	 weight	 bias -70.1
		1  0	-7.246
		2  0	-8.245
		3  1	1.54
		4  0	3.46
		5  1	5.281
		6  0	-5.422
		7  0	-3.05
		8  1	1.637
		9  1	5.049
		10  1	-1.219

node  5		 link	 weight	 bias -6.602
		1  0	-3.346
		2  0	-5.504
		3  1	-1.468
		4  0	1.422
		5  0	-1.17
		6  0	-7.36
		7  0	-0.608
		8  1	3.517
		9  1	3.321
		10  0	-0.604

node  6		 link	 weight	 bias -67.233
		1  0	-4.125
		2  1	0.772
		3  1	0.378
		4  0	-8.108
		5  0	1.714
		6  1	-6.091
		7  1	9.291
		8  1	-3.232
		9  0	1.247
		10  1	-0.421

node  7		 link	 weight	 bias 23.69
		1  0	-7.962
		2  0	1.017
		3  0	-0.369
		4  1	0.976
		5  1	-11.483
		6  1	4.713
		7  1	-13.344
		8  0	-3.251
		9  0	-5.803
		10  1	-4.101

node  8		 link	 weight	 bias -57.28
		1  1	-4.963
		2  0	1.241
		3  0	-7.651
		4  0	4.455
		5  1	-9.159
		6  0	-6.383
		7  1	0.0940001
		8  0	0.0309998
		9  0	-2.405
		10  1	-6.104

node  9		 link	 weight	 bias -31.453
		1  0	4.07
		2  1	3.732
		3  1	-9.611
		4  0	1.509
		5  1	-5.812
		6  0	1.179
		7  0	-6.567
		8  1	4.784
		9  0	-3.891
		10  0	-2.989

node  10		 link	 weight	 bias -32.089
		1  1	3.61
		2  0	1.267
		3  1	6.646
		4  0	-7.922
		5  0	5.802
		6  0	-23.326
		7  0	5.048
		8  0	-2.283
		9  1	0.496
		10  1	-1.848


 Layer 3

node  1		 link	 weight	 bias -17.051
		1  1	1.516
		2  1	2.165
		3  0	8.267
		4  0	1.509
		5  1	-5.49
		6  0	2.52
		7  0	-4.988
		8  0	-6.997
		9  1	2.395
		10  1	-6.237
		15  0	1.376
		16  0	-2.224
		17  1	-6.337
		18  0	0.625
		19  0	1.795
		20  1	-1.183
		21  0	-12.752
		22  1	-3.037
		23  0	5.004
		24  1	-1.302

node  2		 link	 weight	 bias -10.381
		1  0	-0.0960003
		2  1	-0.389
		3  1	3.863
		4  1	-4.216
		5  0	11.242
		6  1	4.699
		7  0	-2.889
		8  1	-3.613
		9  0	-0.949
		10  0	-0.23
		15  0	-7.446
		16  0	2.302
		17  0	-7.028
		18  0	-1.742
		19  0	-0.118
		20  0	6.611
		21  0	4.032
		22  0	-1.169
		23  1	-1.71
		24  1	0.223

node  3		 link	 weight	 bias 4.081
		1  0	0.123
		2  0	3.823
		3  0	5.278
		4  1	-1.895
		5  1	-0.72
		6  1	-0.00700004
		7  0	1.045
		8  1	-1.686
		9  1	-2.814
		10  0	7.816
		15  1	0.407
		16  1	-0.0179999
		17  1	3.39
		18  0	1.872
		19  1	-2.183
		20  1	-0.218
		21  0	-0.468
		22  1	0.18
		23  0	-0.759
		24  1	0.601

node  4		 link	 weight	 bias -40.59
		1  1	-3.878
		2  1	1.656
		3  0	2.061
		4  0	7.308
		5  1	2.754
		6  0	2.155
		7  1	-5.394
		8  1	-11.353
		9  1	-1.659
		10  0	-3.222
		15  1	-2.786
		16  0	-2.732
		17  1	1.273
		18  0	-1.163
		19  1	9.443
		20  1	2.014
		21  1	-7.524
		22  0	-0.614
		23  0	-10.192
		24  0	3.409

node  5		 link	 weight	 bias -2.354
		1  1	0.973
		2  1	-7.376
		3  0	2.714
		4  0	1.301
		5  1	-13.949
		6  1	-10.159
		7  1	-4.134
		8  1	-11.033
		9  1	-13.703
		10  1	-1.159
		15  0	-2.087
		16  0	3.843
		17  0	3.062
		18  0	0.491
		19  1	-6.972
		20  0	-3.219
		21  1	-8.243
		22  0	0.524
		23  0	-0.151
		24  1	0.023

node  6		 link	 weight	 bias -115.519
		1  1	-4.04
		2  1	-3.531
		3  0	-0.665
		4  0	-1.316
		5  0	1.351
		6  1	-2.412
		7  0	-3.381
		8  1	-5.944
		9  0	0.804
		10  0	-0.387
		15  0	-2.567
		16  0	-2.1
		17  1	-2.941
		18  1	1.02
		19  1	0.921
		20  0	-5.15
		21  1	-7.317
		22  0	-3.182
		23  0	-1.678
		24  1	-4.509

node  7		 link	 weight	 bias -33.626
		1  1	-7.032
		2  1	-2.539
		3  1	-0.61
		4  0	-1.779
		5  1	-3.209
		6  0	4.056
		7  0	-4.043
		8  1	-0.672
		9  0	-6.28
		10  1	-2.962
		15  0	-0.067
		16  1	-3.384
		17  1	-6.586
		18  0	5.622
		19  1	-0.804
		20  0	-1.236
		21  0	-0.494
		22  1	2.807
		23  1	0.623
		24  1	1.547

node  8		 link	 weight	 bias -71.739
		1  0	-0.564
		2  1	2.118
		3  0	-4.158
		4  1	-1
		5  1	-11.712
		6  0	1.124
		7  0	-0.129
		8  0	-7.086
		9  1	-2.69
		10  0	2.747
		15  1	0.03
		16  1	-3.464
		17  0	1.86
		18  1	0.237
		19  0	-8.751
		20  0	4.521
		21  1	-1.791
		22  0	1.468
		23  0	3.967
		24  1	0.862

node  9		 link	 weight	 bias -67.978
		1  0	-2.58
		2  1	-3.926
		3  1	-3.293
		4  1	-1.758
		5  0	10.945
		6  1	-8.596
		7  1	-4.236
		8  1	-2.116
		9  0	6.499
		10  1	0.256
		15  1	-2.871
		16  0	-2.125
		17  0	-9.496
		18  1	8.48
		19  1	4.316
		20  1	-6.832
		21  0	-4.928
		22  1	-0.261
		23  0	-2.838
		24  1	1.903

node  10		 link	 weight	 bias -14.699
		1  0	1.751
		2  1	-4.138
		3  0	-0.526
		4  0	-6.13
		5  0	-1.761
		6  1	3.785
		7  0	4.787
		8  0	-0.247
		9  1	-0.0729996
		10  0	-8.32
		15  0	2.58
		16  0	-3.602
		17  0	5.519
		18  1	3.681
		19  0	0.129
		20  0	2.777
		21  0	-1.709
		22  0	-1.594
		23  0	-4.896
		24  1	-0.645


 Layer 4

node  1		 link	 weight	 bias -0.725
		1  0	8.98
		2  1	-1.098
		3  0	-11.527
		4  0	-7.009
		5  0	-0.845
		6  0	1.029
		7  1	-0.177
		8  0	-4.888
		9  0	-0.219
		10  0	-5.477
		15  1	-4.35
		16  0	-7.303
		17  1	3.616
		18  1	-5.658
		19  1	-7.022
		20  0	-7.291
		21  1	-0.935
		22  1	0.905
		23  1	5.567
		24  0	0.699
		25  0	2.09
		26  0	-6.03
		27  0	5.864
		28  0	-1.48
		29  0	4.163
		30  0	3.76
		31  1	7.981
		32  1	1.318
		33  0	-0.792
		34  0	10.748

node  2		 link	 weight	 bias -11.196
		1  0	-2.88
		2  1	3.013
		3  0	2.872
		4  1	-1.225
		5  1	2.04
		6  0	-0.447
		7  0	1.836
		8  0	2.754
		9  1	-4.513
		10  0	0.308
		15  1	-9.115
		16  1	-4.389
		17  1	-5.807
		18  1	1.983
		19  0	-0.289
		20  1	-5.609
		21  1	-3.046
		22  0	-1.078
		23  1	0.114
		24  0	-1.153
		25  0	-3.088
		26  0	1.782
		27  1	2.848
		28  1	-7.313
		29  0	3.299
		30  0	1.678
		31  0	-0.255
		32  0	-1.214
		33  0	2.792
		34  1	6.307

node  3		 link	 weight	 bias -46.676
		1  0	-7.281
		2  1	-3.597
		3  0	-6.503
		4  1	-4.317
		5  1	3.561
		6  1	0.69
		7  0	-7.379
		8  1	-2.107
		9  1	-1.381
		10  0	-0.894
		15  0	-5.234
		16  1	8.734
		17  0	1.555
		18  0	2.322
		19  0	-0.611
		20  1	8.272
		21  1	4.592
		22  1	-2.775
		23  1	-0.102
		24  1	1.643
		25  0	-0.54
		26  1	-6.102
		27  1	0.944
		28  0	6.965
		29  0	2.973
		30  0	-5.149
		31  1	-3.868
		32  1	-0.462
		33  1	-4.583
		34  0	0.208

node  4		 link	 weight	 bias 13.352
		1  0	-3.187
		2  0	-2.137
		3  0	-5.391
		4  1	-1.983
		5  0	7.535
		6  1	3.754
		7  0	-2.03
		8  1	-8.23
		9  1	-4.269
		10  0	0.795
		15  0	3.027
		16  1	0.869
		17  1	1.451
		18  1	-0.294
		19  1	-0.539
		20  1	-3.058
		21  0	0.721
		22  0	-4.395
		23  1	4.822
		24  0	-1.056
		25  1	-1.941
		26  1	1.396
		27  0	0.209
		28  0	-2.786
		29  0	6.143
		30  0	1.232
		31  0	2.794
		32  1	6.695
		33  0	-0.126
		34  1	-8.731

node  5		 link	 weight	 bias 12.079
		1  1	-2.026
		2  1	6.743
		3  1	-2.563
		4  1	4.326
		5  0	-2.414
		6  0	-1.447
		7  1	-2.755
		8  1	-0.25
		9  1	2.923
		10  0	-1.639
		15  1	1.585
		16  0	1.703
		17  0	1.63
		18  1	0.633
		19  0	1.982
		20  0	7.959
		21  0	4.264
		22  0	1.363
		23  0	-8.222
		24  0	-1.104
		25  1	9.407
		26  0	1.496
		27  1	3.152
		28  0	1.268
		29  0	-1.906
		30  1	-0.487
		31  1	-2.109
		32  1	3.572
		33  1	-1.233
		34  0	-2.894

node  6		 link	 weight	 bias -6.364
		1  1	-2.161
		2  1	-1.885
		3  0	-1.193
		4  0	-4.001
		5  0	-0.556
		6  1	-0.616
		7  0	-9.451
		8  1	-10.694
		9  0	-4.519
		10  1	-2.329
		15  1	-4.167
		16  1	-0.309
		17  1	-2.406
		18  1	-3.259
		19  1	-3.618
		20  1	-0.783
		21  1	-5.225
		22  1	-3.938
		23  1	-6.029
		24  0	4.901
		25  1	1.221
		26  1	2.662
		27  0	-1.755
		28  0	7.305
		29  0	-0.215
		30  0	-1.753
		31  1	3.601
		32  1	-5.892
		33  0	-0.185
		34  1	0.0920002

node  7		 link	 weight	 bias -5.466
		1  1	0.955
		2  1	-5.508
		3  0	-7.127
		4  1	2.238
		5  1	-4.802
		6  0	-4.035
		7  0	-4.75
		8  1	-7.089
		9  1	-2.487
		10  1	0.581
		15  1	6.212
		16  1	0.0479999
		17  0	0.112
		18  1	-2.488
		19  0	-0.262
		20  1	2.332
		21  0	1.044
		22  1	-5.313
		23  0	-2.07
		24  0	6.126
		25  0	-2.077
		26  0	7.058
		27  0	-4.8
		28  1	-5.83
		29  0	-3.531
		30  1	0.984
		31  0	-4.805
		32  0	-1.455
		33  1	4.871
		34  0	0.715

node  8		 link	 weight	 bias -41.568
		1  0	5.555
		2  0	5.529
		3  1	-5.72
		4  0	-2.851
		5  1	4.311
		6  1	5.559
		7  1	-6.991
		8  1	-3.611
		9  1	-3.582
		10  0	5.625
		15  1	-1.296
		16  0	5.477
		17  1	1.162
		18  1	-4.111
		19  1	0.761
		20  0	-3.27
		21  1	1.273
		22  0	-9.92
		23  0	0.763
		24  0	4.791
		25  1	3.507
		26  0	1.839
		27  1	0.545
		28  1	-1.949
		29  1	-3.647
		30  1	-0.793
		31  1	-5.882
		32  0	-3.967
		33  1	-1.488
		34  1	-9.274

node  9		 link	 weight	 bias -68.122
		1  1	-1.002
		2  0	3.109
		3  0	-7.715
		4  1	1.732
		5  0	-1.394
		6  0	-1.389
		7  1	-3.716
		8  1	2.833
		9  1	-2.057
		10  0	1.802
		15  1	-2.282
		16  1	5.913
		17  0	-1.156
		18  0	6.836
		19  0	-1.732
		20  1	0.678
		21  0	-3.082
		22  1	4.418
		23  0	5.442
		24  0	-2.478
		25  0	2.846
		26  1	7.113
		27  0	-6.183
		28  0	-0.187
		29  0	-3.903
		30  1	0.354
		31  0	-9.473
		32  0	-1.875
		33  1	-1.041
		34  0	0.5

node  10		 link	 weight	 bias -45.558
		1  0	-2.87
		2  0	1.049
		3  1	2.225
		4  0	-2.452
		5  0	-10.665
		6  1	0.656
		7  0	3.595
		8  0	-5.406
		9  0	0.193
		10  0	-1.873
		15  0	4.146
		16  1	-3.389
		17  0	0.579
		18  0	-2.268
		19  0	2.105
		20  0	7.542
		21  0	-3.175
		22  0	6.608
		23  1	-4.3
		24  1	-0.671
		25  1	-7.145
		26  1	5.398
		27  1	-6.302
		28  0	4.714
		29  0	-5.735
		30  1	-1.148
		31  1	1.978
		32  1	-1.015
		33  1	-6.722
		34  1	8.116


 Layer 5

node  1		 link	 weight	 bias 1.84
		1  0	-1.425
		2  0	3.553
		3  0	5.998
		4  1	0.463
		5  0	-3.862
		6  1	-7.908
		7  1	-1.983
		8  0	2.426
		9  0	0.433
		10  0	-0.126
		15  0	-15.173
		16  0	-9.61
		17  0	-6.166
		18  1	-0.76
		19  0	-3.477
		20  0	-5.208
		21  1	2.759
		22  0	1.872
		23  1	0.356
		24  0	0.565
		25  0	1.031
		26  0	-0.11
		27  1	1.194
		28  0	-9.576
		29  0	8.692
		30  0	-4.613
		31  0	1.093
		32  1	-0.554
		33  0	-1.526
		34  0	3.391
		35  0	-1.405
		36  1	-1.167
		37  1	0.629
		38  1	1.7
		39  1	0
		40  1	3.719
		41  1	-0.0310001
		42  1	-0.761
		43  0	5.3
		44  0	-12.278

node  2		 link	 weight	 bias -3.219
		1  0	4.372
		2  0	-4.205
		3  0	-5.462
		4  1	-0.451
		5  0	-1.199
		6  1	-3.812
		7  1	1.308
		8  1	0.075
		9  0	-0.903
		10  0	-2.18
		15  0	-1.274
		16  0	1.247
		17  0	-6.265
		18  0	-10.649
		19  0	2.468
		20  0	-2.171
		21  0	-4.686
		22  0	-3.02
		23  0	0.872
		24  0	-7.372
		25  0	-3.954
		26  1	-1.56
		27  0	-0.186
		28  0	3.596
		29  0	6.196
		30  0	-5.838
		31  0	0.541
		32  0	-0.642
		33  1	-1.79
		34  1	0.448
		35  0	-2
		36  0	7.147
		37  0	-3.193
		38  0	-0.266
		39  0	-7.565
		40  0	3.044
		41  0	2.125
		42  0	-2.531
		43  0	-4.018
		44  0	-4.458

node  3		 link	 weight	 bias -1.377
		1  0	-2.821
		2  0	0.175
		3  0	3.347
		4  0	4.759
		5  1	2.119
		6  0	-4.445
		7  0	-4.294
		8  1	-3.817
		9  1	3.065
		10  0	-6.379
		15  0	-4.106
		16  0	-1.104
		17  1	1.851
		18  0	-2.661
		19  0	3.326
		20  0	3.944
		21  0	-10.352
		22  0	0
		23  0	2.179
		24  0	3.591
		25  0	-0.759
		26  0	-0.285
		27  1	1.158
		28  0	-3.636
		29  0	3.204
		30  0	-0.00400019
		31  0	1.521
		32  0	0.814
		33  0	-4.188
		34  1	1.619
		35  0	-8.241
		36  0	-6.237
		37  0	5.511
		38  1	1.351
		39  0	-0.441
		40  0	-2.394
		41  0	-0.372
		42  0	4.069
		43  0	2.333
		44  1	0

node  4		 link	 weight	 bias 1.957
		1  0	-4.672
		2  0	-4.611
		3  1	-0.501
		4  0	-1.496
		5  0	1.143
		6  1	3.289
		7  1	-0.466
		8  1	8.887
		9  0	-2.202
		10  0	-5.671
		15  0	1.313
		16  0	-13.24
		17  1	-2.844
		18  0	1.03
		19  0	-4.264
		20  0	3.659
		21  0	-9.579
		22  1	1.7
		23  1	0
		24  0	0.957
		25  1	2.156
		26  0	-8.58
		27  1	-0.225
		28  0	2.321
		29  0	-3.677
		30  0	1.354
		31  0	4.988
		32  0	-0.686
		33  0	-0.69
		34  0	4.377
		35  1	2.935
		36  0	-4.017
		37  0	0.617
		38  0	-2.93
		39  0	-3.997
		40  0	-9.36
		41  0	2.134
		42  0	-11.07
		43  0	-4.128
		44  0	-4.628
