
======================================================
Score	0
Z	-76.9013
alpha	0.739599
betta	-0.59752
gamma	0.51884
Vx	-10.8757
Vy	17
Vz	7
engIng	1
cFuel	0
tfuel	0
======================================================

Initial Parametrs
rOa	{ 56 ; 13 ; -78 }

V	{ 10 ; 17 ; 7 }

w	{ 0.2 ; -0.34 ; 0.28 }

alpha	0.314
betta	0.126
gamma	-0.077
======================================================

 Layer 2

node  1		 link	 weight	 bias 0
		1  0	0
		2  0	0
		3  0	0
		4  0	0
		5  0	0
		6  0	0
		7  0	0
		8  0	0
		9  0	0
		10  0	0

node  2		 link	 weight	 bias 0
		1  0	0
		2  0	0
		3  0	0
		4  0	0
		5  0	0
		6  0	0
		7  0	0
		8  0	0
		9  0	0
		10  0	0


 Layer 3

node  1		 link	 weight	 bias 0
		1  0	0
		2  0	0
		3  0	0
		4  0	0
		5  0	0
		6  0	0
		7  0	0
		8  0	0
		9  0	0
		10  0	0
		15  0	0
		16  0	0

node  2		 link	 weight	 bias 0
		1  0	0
		2  0	0
		3  0	0
		4  0	0
		5  0	0
		6  0	0
		7  0	0
		8  0	0
		9  0	0
		10  0	0
		15  0	0
		16  0	0


 Layer 4

node  1		 link	 weight	 bias 0
		1  0	0
		2  0	0
		3  0	0
		4  0	0
		5  0	0
		6  0	0
		7  0	0
		8  0	0
		9  0	0
		10  0	0
		15  0	0
		16  0	0
		17  0	0
		18  0	0

node  2		 link	 weight	 bias 0
		1  0	0
		2  0	0
		3  0	0
		4  0	0
		5  0	0
		6  0	0
		7  0	0
		8  0	0
		9  0	0
		10  0	0
		15  0	0
		16  0	0
		17  0	0
		18  0	0


 Layer 5

node  1		 link	 weight	 bias 0
		1  0	0
		2  0	0
		3  0	0
		4  0	0
		5  0	0
		6  0	0
		7  0	0
		8  0	0
		9  0	0
		10  0	0
		15  0	0
		16  0	0
		17  0	0
		18  0	0
		19  0	0
		20  0	0

node  2		 link	 weight	 bias 0
		1  0	0
		2  0	0
		3  0	0
		4  0	0
		5  0	0
		6  0	0
		7  0	0
		8  0	0
		9  0	0
		10  0	0
		15  0	0
		16  0	0
		17  0	0
		18  0	0
		19  0	0
		20  0	0


 Layer 6

node  1		 link	 weight	 bias 0
		1  0	0
		2  0	0
		3  0	0
		4  0	0
		5  0	0
		6  0	0
		7  0	0
		8  0	0
		9  0	0
		10  0	0
		15  0	0
		16  0	0
		17  0	0
		18  0	0
		19  0	0
		20  0	0
		21  0	0
		22  0	0

node  2		 link	 weight	 bias 0
		1  0	0
		2  0	0
		3  0	0
		4  0	0
		5  0	0
		6  0	0
		7  0	0
		8  0	0
		9  0	0
		10  0	0
		15  0	0
		16  0	0
		17  0	0
		18  0	0
		19  0	0
		20  0	0
		21  0	0
		22  0	0

node  3		 link	 weight	 bias 0
		1  0	0
		2  0	0
		3  0	0
		4  0	0
		5  0	0
		6  0	0
		7  0	0
		8  0	0
		9  0	0
		10  0	0
		15  0	0
		16  0	0
		17  0	0
		18  0	0
		19  0	0
		20  0	0
		21  0	0
		22  0	0

node  4		 link	 weight	 bias 0
		1  0	0
		2  0	0
		3  0	0
		4  0	0
		5  0	0
		6  0	0
		7  0	0
		8  0	0
		9  0	0
		10  0	0
		15  0	0
		16  0	0
		17  0	0
		18  0	0
		19  0	0
		20  0	0
		21  0	0
		22  0	0
