
======================================================
Score	5.22027e+14
Z	0.000506331
alpha	-1.79812
betta	-0.0784559
gamma	-0.0499033
Vx	-0.179883
Vy	-0.0252043
Vz	-0.0252694
engIng	0
cFuel	92
tfuel	193.256
======================================================

Initial Parametrs
rOa	{ 143 ; 194 ; -59 }

V	{ 11 ; 0 ; 5 }

w	{ -0.29 ; -0.37 ; 0.19 }

alpha	0.131
betta	0.077
gamma	-0.302
======================================================

 Layer 2

node  1		 link	 weight	 bias -0.196
		1  0	1.212
		2  0	-3.585
		3  0	3.1
		4  0	0
		5  1	-2.386
		6  0	5.879
		7  0	-8.56
		8  0	-1.346
		9  0	1.767
		10  0	-3.264

node  2		 link	 weight	 bias -1.382
		1  0	-1.154
		2  0	-0.314
		3  1	-1.638
		4  0	0.545
		5  1	0.22
		6  0	-2.321
		7  0	-2.415
		8  0	-9.722
		9  0	-3.021
		10  0	8.282

node  3		 link	 weight	 bias 8.365
		1  1	4.319
		2  1	-14.641
		3  1	-18.704
		4  0	0.745
		5  0	0.585
		6  1	-0.991
		7  1	1.626
		8  0	2.908
		9  1	-25.611
		10  1	-16.924

node  4		 link	 weight	 bias -21.261
		1  0	0.116
		2  1	2.647
		3  1	1.998
		4  1	1.416
		5  0	-6.226
		6  1	-0.996
		7  0	-4.284
		8  0	2.688
		9  0	0.851
		10  1	1.976

node  5		 link	 weight	 bias -0.429999
		1  0	2.535
		2  1	8.199
		3  1	0.367
		4  1	0.0149999
		5  0	4.811
		6  1	0.242
		7  0	-0.18
		8  1	-0.344
		9  1	3.062
		10  0	-2.674

node  6		 link	 weight	 bias 3.624
		1  0	1.02
		2  0	4.897
		3  1	-9.529
		4  1	0.964
		5  0	-1.739
		6  1	-17.899
		7  0	-4.036
		8  1	-1.681
		9  0	-1.781
		10  1	-2.008

node  7		 link	 weight	 bias -42.087
		1  1	1.904
		2  0	2.875
		3  0	1.375
		4  0	-6.019
		5  1	5.159
		6  0	-6.232
		7  1	0.282
		8  1	-3.613
		9  0	-1.556
		10  1	3.252

node  8		 link	 weight	 bias -59.522
		1  0	-2.211
		2  1	3.286
		3  0	-8.484
		4  1	-2.158
		5  1	-1.387
		6  1	0.512
		7  1	0.049
		8  1	-4.709
		9  0	-5.215
		10  0	-3.035

node  9		 link	 weight	 bias -4.45
		1  0	-1.779
		2  0	1.738
		3  1	-1.83
		4  0	-6.975
		5  0	1.717
		6  0	0.234
		7  1	-4.586
		8  0	-5.014
		9  0	-0.189
		10  1	-3.461

node  10		 link	 weight	 bias -7.143
		1  0	2.505
		2  1	1.636
		3  1	4.437
		4  1	-8.125
		5  0	-6.927
		6  0	-8.621
		7  0	-2.757
		8  1	0.872
		9  0	-2.76
		10  1	9.072


 Layer 3

node  1		 link	 weight	 bias -0.278
		1  0	0.628
		2  1	-0.158
		3  0	-6.543
		4  0	-2.438
		5  0	0.466
		6  0	-2.912
		7  0	0.2
		8  0	-0.793
		9  1	3.373
		10  0	-3.563
		15  1	1.139
		16  0	-5.748
		17  1	0
		18  0	-1.202
		19  0	-9.866
		20  0	0
		21  0	3.296
		22  0	-0.0929998
		23  0	-5.002
		24  0	0.879

node  2		 link	 weight	 bias -8.344
		1  0	0.315
		2  0	-1.36
		3  1	1.471
		4  1	-0.447
		5  0	3.025
		6  0	-3.559
		7  0	-0.665
		8  0	-2.633
		9  1	-0.268
		10  0	4.964
		15  0	-1.836
		16  1	-2.323
		17  0	-1.503
		18  1	-1.238
		19  0	-7.736
		20  1	-1.049
		21  1	-2.023
		22  0	-4.147
		23  1	5.227
		24  0	-3.475

node  3		 link	 weight	 bias 7.655
		1  1	2.706
		2  1	0.224
		3  0	-1.726
		4  0	2.204
		5  0	-0.725
		6  0	0.0600001
		7  1	0.0770001
		8  0	-2.238
		9  1	0.419
		10  1	1.163
		15  0	3.917
		16  1	0
		17  1	-0.126
		18  1	5.239
		19  1	1.431
		20  0	-2.27
		21  0	1.499
		22  0	5.661
		23  0	-4.255
		24  0	-3.447

node  4		 link	 weight	 bias -8.507
		1  0	2.903
		2  1	2.748
		3  0	0.186
		4  1	-4.104
		5  1	-0.651
		6  0	-4.95
		7  1	2.932
		8  0	-7.435
		9  1	-3.04
		10  1	-1.086
		15  1	0.0669999
		16  0	1.148
		17  1	7.898
		18  0	-0.00999999
		19  1	1.56
		20  1	1.821
		21  0	2.977
		22  0	-2.932
		23  1	0.87
		24  1	-7.919

node  5		 link	 weight	 bias -42.143
		1  1	2.131
		2  0	-1.504
		3  1	-2.191
		4  0	-2.257
		5  0	-0.765
		6  1	0.796
		7  0	-8.526
		8  0	2.279
		9  0	1.23
		10  0	-1.322
		15  0	3.083
		16  1	1.61
		17  0	-2.266
		18  0	0.419
		19  1	-1.024
		20  0	1.508
		21  1	0.492
		22  1	5.891
		23  1	1.125
		24  1	6.165

node  6		 link	 weight	 bias -3.996
		1  0	6.071
		2  1	0.836
		3  0	-3.956
		4  1	3.363
		5  1	-4.436
		6  0	0.350001
		7  0	-3.594
		8  1	-6.349
		9  0	-2.244
		10  0	2.446
		15  1	0.396
		16  0	2.929
		17  0	-2.372
		18  1	-1.644
		19  1	-4.726
		20  0	-1.754
		21  0	2.374
		22  1	-3.562
		23  0	3.771
		24  1	3.638

node  7		 link	 weight	 bias 19.173
		1  0	0.546
		2  1	1.238
		3  1	4.748
		4  1	2.201
		5  0	4.637
		6  1	1.162
		7  0	1.595
		8  1	1.298
		9  1	-5.443
		10  1	2.528
		15  0	-5.7
		16  1	0.637
		17  0	1.27
		18  1	-0.0819999
		19  0	0.118
		20  1	0.045
		21  0	1.162
		22  1	-1.355
		23  1	1.615
		24  0	1.694

node  8		 link	 weight	 bias 0.784
		1  1	-3.318
		2  0	-0.0210001
		3  1	-4.693
		4  0	-7.826
		5  0	2.387
		6  0	-2.873
		7  0	6.246
		8  0	-3.697
		9  1	2.906
		10  1	-1.843
		15  1	1.329
		16  0	-0.283
		17  1	-1.489
		18  1	0.973
		19  0	-1.574
		20  1	5.725
		21  0	1.495
		22  1	0.663
		23  1	2.75
		24  1	-4.195

node  9		 link	 weight	 bias -8.958
		1  0	0.328
		2  0	-0.256
		3  1	-0.876
		4  0	-5.901
		5  1	2.179
		6  1	-5.016
		7  1	-1.097
		8  1	-3.4
		9  0	-1.07
		10  0	1.761
		15  1	2.32
		16  0	4.597
		17  0	0.933
		18  1	-0.816
		19  1	-4.166
		20  1	-1.229
		21  0	1.522
		22  1	0.671
		23  0	-6.234
		24  0	5.65

node  10		 link	 weight	 bias -39.855
		1  1	1.648
		2  0	-2.489
		3  0	-3.489
		4  1	-3.553
		5  0	-1.594
		6  1	0.995
		7  0	1.429
		8  0	-2.227
		9  1	-2.272
		10  0	-0.966
		15  1	5.531
		16  0	-2.198
		17  0	0.97
		18  0	-5.57
		19  1	1.82
		20  0	0.885
		21  1	0.631
		22  0	-1.076
		23  1	1.464
		24  1	-6.328


 Layer 4

node  1		 link	 weight	 bias 6.571
		1  1	-8.129
		2  1	-3.292
		3  1	4.311
		4  1	2.438
		5  0	0.985
		6  0	3.555
		7  1	3.495
		8  0	0.875
		9  1	-0.448
		10  0	6.882
		15  0	-1.699
		16  1	-0.745
		17  0	-3.367
		18  1	2.677
		19  0	0.49
		20  1	-1.417
		21  0	-4.605
		22  1	-1.177
		23  1	-2.891
		24  1	-3.524
		25  0	2.364
		26  0	-0.824
		27  1	0.284
		28  0	-3.144
		29  1	-2.308
		30  1	-2.673
		31  1	2.441
		32  1	0.754
		33  0	-0.667
		34  1	5.046

node  2		 link	 weight	 bias -11.308
		1  0	-2.286
		2  1	-2.405
		3  0	2.155
		4  0	0.322
		5  1	-3.83
		6  1	-2.108
		7  1	0.338
		8  1	-3.598
		9  0	-3.183
		10  0	-3.407
		15  1	-0.332
		16  1	-0.593
		17  1	0.725
		18  1	-4.259
		19  1	4.238
		20  1	-1.667
		21  0	-4.914
		22  0	-5.983
		23  1	-3.767
		24  1	7.538
		25  0	0.713
		26  0	-2.006
		27  0	-2.832
		28  1	-4.313
		29  0	0.608
		30  1	0.64
		31  1	1.394
		32  0	-7.69
		33  1	2.834
		34  1	-5.402

node  3		 link	 weight	 bias 9.414
		1  0	-10.792
		2  0	0.31
		3  0	-4.984
		4  1	-4.915
		5  1	2.164
		6  1	-1.904
		7  1	-1.174
		8  1	2.559
		9  1	-2.455
		10  1	-1.799
		15  0	1.42
		16  0	2.681
		17  0	2.625
		18  1	0.694
		19  0	-0.909
		20  0	1.018
		21  0	-1.787
		22  0	3.18
		23  0	-4.272
		24  1	2.438
		25  0	-2.314
		26  1	-3.066
		27  0	-2.805
		28  1	1.552
		29  1	-2.806
		30  0	-3.71
		31  1	-1.8
		32  1	-1.18
		33  0	-5.427
		34  1	1.831

node  4		 link	 weight	 bias 0.762001
		1  1	-0.00300014
		2  0	-0.375
		3  0	-3.476
		4  0	3.531
		5  0	10.429
		6  1	1.416
		7  1	-1.161
		8  0	-2.949
		9  0	0.075
		10  0	-1.44
		15  1	-2.443
		16  0	1.988
		17  0	-1.009
		18  1	-2.176
		19  1	-5.277
		20  0	-0.768
		21  1	-3.047
		22  1	-5.289
		23  0	4.049
		24  1	3.401
		25  0	-3.46
		26  1	-4.41
		27  1	1.771
		28  1	1.756
		29  1	7.24
		30  0	-3.787
		31  1	-4.405
		32  0	-0.267
		33  0	1.034
		34  0	-2.13

node  5		 link	 weight	 bias -17.828
		1  1	-4.568
		2  1	10.529
		3  0	-0.547
		4  1	-2.73
		5  0	4.03
		6  0	3.485
		7  0	-10.417
		8  1	-0.55
		9  0	-7.318
		10  0	-1.801
		15  0	-6.565
		16  0	-1.446
		17  1	0.299
		18  1	3.794
		19  1	0.714
		20  0	3.41
		21  1	-2.479
		22  1	-1.961
		23  1	0.118
		24  0	-5.089
		25  0	1.484
		26  1	-5.527
		27  1	0.246
		28  1	1.758
		29  0	4.803
		30  0	2.169
		31  1	-0.922
		32  0	6.456
		33  1	3.826
		34  1	-2.694

node  6		 link	 weight	 bias -1.111
		1  0	4.333
		2  1	-1.511
		3  0	8.498
		4  0	1.187
		5  0	-6.182
		6  0	6.901
		7  1	1.237
		8  1	2.242
		9  1	-1.632
		10  0	-3.858
		15  0	1.509
		16  1	-1.252
		17  1	0.845
		18  0	3.387
		19  0	-2.437
		20  1	1.515
		21  0	1.267
		22  0	-2.935
		23  0	0
		24  0	-2.4
		25  1	-8.023
		26  0	-1.685
		27  1	0
		28  0	-1.989
		29  0	-0.9
		30  1	2.358
		31  1	-1.6
		32  0	-4.229
		33  1	-2.246
		34  0	0.308

node  7		 link	 weight	 bias -54.285
		1  1	-3.17
		2  1	0.854
		3  1	2.489
		4  0	0.925
		5  1	1.47
		6  1	9.767
		7  0	-2.449
		8  0	6.012
		9  0	3.371
		10  0	0.989
		15  0	-2.401
		16  0	2.924
		17  1	1.617
		18  0	0.786
		19  1	9.549
		20  1	-1.417
		21  0	-3.879
		22  1	-6.965
		23  0	0.0630001
		24  1	-1.556
		25  0	-1.053
		26  1	4.178
		27  0	5.865
		28  0	-3.794
		29  1	1.715
		30  1	3.048
		31  0	-4.961
		32  0	-2.407
		33  1	-6.043
		34  1	2.869

node  8		 link	 weight	 bias 6.032
		1  0	-0.227
		2  0	0.712
		3  1	0.542
		4  0	-6.78
		5  0	-4.454
		6  1	-1.623
		7  1	1.433
		8  0	0.946
		9  0	10.305
		10  1	-0.0929999
		15  1	2.924
		16  1	-0.948
		17  1	2.535
		18  0	-0.678
		19  1	8.753
		20  0	-3.789
		21  1	3.147
		22  1	-0.848
		23  1	-4.892
		24  1	-1.324
		25  0	-5.873
		26  0	-2.171
		27  1	-4.762
		28  1	-6.761
		29  0	-3.764
		30  1	-11.61
		31  1	1.285
		32  0	11.134
		33  0	6.106
		34  1	0.612

node  9		 link	 weight	 bias -50.761
		1  1	-2.773
		2  0	2.11
		3  1	-5.174
		4  0	-5.331
		5  1	2.838
		6  1	0.518
		7  0	-3.087
		8  1	-0.583
		9  1	-0.571
		10  0	1.799
		15  0	-1.929
		16  1	-5.103
		17  0	-1.431
		18  0	-4.46
		19  0	-3.209
		20  0	-4.426
		21  1	4.6
		22  1	-4.721
		23  1	1.589
		24  1	2.262
		25  0	1.277
		26  0	3.573
		27  1	-4.974
		28  0	-2.537
		29  0	2.46
		30  1	-5.646
		31  1	-4.073
		32  0	2.785
		33  1	3.926
		34  1	4.55

node  10		 link	 weight	 bias -5.043
		1  1	-7.461
		2  0	-0.217
		3  1	0.227
		4  0	-6.315
		5  1	-5.703
		6  1	-4.6
		7  0	0.703
		8  0	5.914
		9  1	1.307
		10  1	-2.717
		15  1	7.103
		16  0	6.697
		17  0	-2.187
		18  0	-1.034
		19  1	-0.188999
		20  0	-2.781
		21  0	-3.637
		22  1	-4.153
		23  1	-7.841
		24  0	-0.893
		25  1	2.165
		26  1	-3.479
		27  0	-3.287
		28  0	1.828
		29  1	3.653
		30  0	-2.374
		31  1	-1.317
		32  1	-5.826
		33  0	4.522
		34  1	2.485


 Layer 5

node  1		 link	 weight	 bias -2.455
		1  0	5.018
		2  1	0.02
		3  0	-4.095
		4  0	5.184
		5  0	1.5
		6  0	0.623
		7  1	-2.621
		8  1	-0.0179999
		9  0	-3.656
		10  0	-4.917
		15  0	0.308
		16  0	-4.275
		17  1	0
		18  0	3.212
		19  0	2.831
		20  0	-7.223
		21  0	-0.814
		22  0	0.098
		23  0	1.431
		24  0	0.28
		25  0	5.473
		26  0	-5.003
		27  1	-2.063
		28  0	-0.923
		29  0	1.003
		30  0	-0.948
		31  0	0
		32  0	2.524
		33  0	-2.395
		34  0	-5.076
		35  0	6.438
		36  0	-3.157
		37  0	-3.146
		38  0	-0.305
		39  0	-8.343
		40  0	-2.222
		41  0	-0.238
		42  1	-0.00699997
		43  0	-0.547
		44  0	-0.435

node  2		 link	 weight	 bias -3.327
		1  0	3.267
		2  0	-1.852
		3  0	5.129
		4  0	-6.164
		5  0	-5.628
		6  0	-2.055
		7  0	-2.194
		8  0	0
		9  0	2.552
		10  0	0.758
		15  0	-1.919
		16  1	-2.189
		17  0	-2.631
		18  0	-0.864
		19  0	-2.834
		20  0	0.95
		21  0	0.959
		22  0	2.607
		23  1	0.59
		24  0	1.43
		25  0	-0.287
		26  0	0.698
		27  0	-0.222
		28  0	0.882
		29  0	-3.866
		30  0	3.405
		31  0	2.808
		32  0	-1.989
		33  0	-1.588
		34  0	-3.999
		35  0	-0.708
		36  0	-0.995
		37  0	-3.286
		38  0	-0.35
		39  0	1.099
		40  0	4.976
		41  0	-5.39
		42  0	-13.108
		43  0	0.61
		44  0	4.044

node  3		 link	 weight	 bias 0.449001
		1  0	2.926
		2  1	-0.429
		3  0	0.365
		4  0	3.93
		5  0	0.334
		6  0	-0.383
		7  0	0.326
		8  1	2.224
		9  0	3.196
		10  0	3.639
		15  0	-6.302
		16  0	-2.226
		17  0	-2.776
		18  0	-1.089
		19  0	2.274
		20  0	-2.995
		21  0	-2.568
		22  0	-1.648
		23  0	-0.578
		24  0	2.656
		25  0	-5.216
		26  0	-0.208
		27  0	-6.938
		28  0	-3.167
		29  0	-1.924
		30  0	-5.164
		31  0	4.555
		32  0	-1.55
		33  0	4.398
		34  0	-1.007
		35  0	8.872
		36  0	-0.842
		37  0	1.483
		38  0	-3.087
		39  0	-5.602
		40  1	-0.0569999
		41  0	-5.149
		42  0	-8.688
		43  0	-4.415
		44  0	0.891

node  4		 link	 weight	 bias 1.982
		1  0	-2.794
		2  0	0.243
		3  0	0.454
		4  1	2.815
		5  0	-7.132
		6  1	0.769
		7  0	-0.945
		8  0	-1.166
		9  0	3.706
		10  0	5.743
		15  1	0
		16  0	-2.003
		17  0	3.774
		18  0	-3.151
		19  1	0.036
		20  0	0.193
		21  0	4.69
		22  0	-1.726
		23  0	1.779
		24  1	0.04
		25  1	0.163
		26  0	-2.82
		27  0	-0.347
		28  0	-5.451
		29  0	-0.963
		30  0	0.541
		31  0	-7.346
		32  0	-1.024
		33  1	0
		34  0	-4.878
		35  1	0
		36  0	2.245
		37  0	-1.122
		38  0	3.102
		39  0	-2.767
		40  0	1.992
		41  0	0.538
		42  0	3.396
		43  0	1.994
		44  0	0.273
