
======================================================
Score	5.38656e+14
Z	0.00175733
alpha	-1.79133
betta	-0.0592239
gamma	-0.0437273
Vx	-0.172186
Vy	-0.022074
Vz	-0.0270883
engIng	0
cFuel	93
tfuel	192.785
======================================================

Initial Parametrs
rOa	{ 143 ; 194 ; -59 }

V	{ 11 ; 0 ; 5 }

w	{ -0.29 ; -0.37 ; 0.19 }

alpha	0.131
betta	0.077
gamma	-0.302
======================================================

 Layer 2

node  1		 link	 weight	 bias -0.196
		1  0	-0.877
		2  0	-3.661
		3  0	2.981
		4  0	-1.001
		5  1	-2.404
		6  0	2.064
		7  0	-7.207
		8  0	1.34
		9  0	-1.828
		10  0	0.423

node  2		 link	 weight	 bias -1.347
		1  0	-3.997
		2  0	-5.979
		3  1	-1.638
		4  0	-2.021
		5  1	0.22
		6  0	-3.332
		7  0	-4.664
		8  0	-8.587
		9  0	-6.471
		10  0	9.334

node  3		 link	 weight	 bias 22.584
		1  1	14.674
		2  0	-30.317
		3  1	-17.891
		4  0	0.464
		5  1	-1.533
		6  0	-3.242
		7  1	1.654
		8  0	2.84
		9  1	-60.268
		10  1	-44.228

node  4		 link	 weight	 bias -20.609
		1  1	0.0849999
		2  1	2.647
		3  1	1.998
		4  1	1.379
		5  0	-10.841
		6  1	-0.965
		7  0	-2.6
		8  0	0.558
		9  0	-0.359
		10  1	1.976

node  5		 link	 weight	 bias -0.506999
		1  0	-0.985
		2  1	11.606
		3  1	0.367
		4  1	0.0179999
		5  0	4.22
		6  1	0.346
		7  0	1.458
		8  1	-0.344
		9  1	4.262
		10  0	-4.998

node  6		 link	 weight	 bias -3.867
		1  0	-4.264
		2  1	-1.016
		3  1	-11.277
		4  0	3.029
		5  1	-1.526
		6  1	-17.816
		7  0	-4.314
		8  0	-3.385
		9  0	-0.274
		10  1	-5.771

node  7		 link	 weight	 bias -36.339
		1  0	5.512
		2  1	2.805
		3  0	3.837
		4  1	-6.15
		5  1	3.965
		6  0	-6.433
		7  1	-3.632
		8  0	2.271
		9  0	-5.849
		10  1	2.596

node  8		 link	 weight	 bias -76.988
		1  1	-1.607
		2  0	7.081
		3  0	-12.951
		4  1	-6.892
		5  0	-1.476
		6  0	3.763
		7  0	-0.999
		8  0	-4.145
		9  1	-7.552
		10  1	-5.131

node  9		 link	 weight	 bias -4.476
		1  0	0.614
		2  0	-5.407
		3  1	-1.83
		4  0	-2.799
		5  0	-0.906
		6  0	3.876
		7  1	-4.586
		8  0	-6.804
		9  0	0.702
		10  1	-3.461

node  10		 link	 weight	 bias -7.316
		1  0	-0.854
		2  1	5.975
		3  1	6.857
		4  1	-0.977
		5  0	-9.019
		6  0	-7.954
		7  0	-3.949
		8  1	2.71
		9  1	-2.776
		10  1	6.383


 Layer 3

node  1		 link	 weight	 bias -0.278
		1  0	5.374
		2  1	-0.158
		3  0	-8.667
		4  0	-2.534
		5  0	-2.233
		6  0	-1.643
		7  0	-2.194
		8  0	0.0820001
		9  1	3.373
		10  0	-5.225
		15  1	1.139
		16  0	-7.033
		17  0	0.138
		18  0	-3.998
		19  0	-5.148
		20  0	-5.211
		21  0	2.714
		22  0	-0.519
		23  0	-4.486
		24  0	-4.195

node  2		 link	 weight	 bias -18.673
		1  1	-1.623
		2  0	-4.927
		3  1	-3.331
		4  1	-2.427
		5  1	5.56
		6  0	-4.522
		7  0	-4.441
		8  1	-1.029
		9  1	-4.662
		10  0	2.739
		15  1	2.827
		16  0	-0.854
		17  0	-1.85
		18  0	0.342
		19  0	-7.152
		20  1	1.555
		21  1	-3.36
		22  0	-6.705
		23  1	4.776
		24  1	-3.685

node  3		 link	 weight	 bias 7.6
		1  1	2.706
		2  1	0.224
		3  0	0.847
		4  0	-4.562
		5  0	-0.987
		6  0	-2.347
		7  1	0.0770001
		8  0	-5.732
		9  1	0.419
		10  1	1.163
		15  0	3.038
		16  0	1.402
		17  1	-0.126
		18  1	5.239
		19  1	1.431
		20  0	-6.114
		21  0	4.159
		22  0	7.56
		23  0	-6.327
		24  0	-0.684

node  4		 link	 weight	 bias -4.552
		1  0	1.364
		2  1	8.786
		3  0	-1.542
		4  0	-8.394
		5  1	0.945
		6  0	-15.355
		7  1	2.215
		8  0	-9.835
		9  0	-3.096
		10  1	-4.073
		15  0	5.324
		16  0	1.261
		17  1	10.946
		18  0	0.243
		19  1	3.933
		20  1	3.567
		21  1	5.185
		22  1	-5.645
		23  0	1.697
		24  1	-3.72

node  5		 link	 weight	 bias -70.959
		1  0	6.321
		2  1	-3.198
		3  1	-0.189
		4  1	4.055
		5  0	4.657
		6  1	1.86
		7  1	-7.442
		8  0	-0.935
		9  1	-1.128
		10  1	-4.663
		15  0	0.89
		16  0	6.307
		17  0	-2.781
		18  1	-0.563
		19  1	-4.352
		20  1	-5.628
		21  0	3.159
		22  0	6.098
		23  1	-0.857
		24  1	4.217

node  6		 link	 weight	 bias -15.617
		1  0	9.903
		2  0	-0.193
		3  0	-7.757
		4  1	3.406
		5  1	-5.66
		6  1	-1.038
		7  1	-5.436
		8  0	-2.78
		9  1	-5.361
		10  1	1.133
		15  0	-3.55
		16  0	3.692
		17  1	-4.15
		18  0	-0.601
		19  1	-9.031
		20  1	1.161
		21  1	3.763
		22  0	-3.671
		23  1	5.112
		24  1	1.414

node  7		 link	 weight	 bias 1.483
		1  0	0.101
		2  1	5.399
		3  0	1.615
		4  1	0.217
		5  0	3.342
		6  0	-0.571
		7  0	4.969
		8  1	2.967
		9  1	-4.296
		10  1	2.824
		15  1	-4.7
		16  1	-0.18
		17  1	2.296
		18  0	0.477
		19  1	-1.449
		20  1	1.704
		21  0	2.704
		22  0	-1.926
		23  0	-3.412
		24  0	5.295

node  8		 link	 weight	 bias 15.257
		1  1	1.099
		2  0	-3.582
		3  1	-2.068
		4  1	-4.959
		5  0	2.476
		6  1	-3.573
		7  0	5.585
		8  0	-2.295
		9  1	4.18
		10  1	-0.567
		15  0	4.771
		16  1	-0.452
		17  1	-4.644
		18  0	3.149
		19  0	-2.589
		20  0	6.345
		21  1	-5.727
		22  1	-1.548
		23  0	7.199
		24  0	-3.244

node  9		 link	 weight	 bias -10.849
		1  0	-7.161
		2  1	2.183
		3  0	-4.717
		4  1	-3.88
		5  0	2.404
		6  0	-10.155
		7  1	-0.104
		8  1	-8.984
		9  0	-0.839001
		10  0	-4.387
		15  1	-1.349
		16  1	4.361
		17  0	3.636
		18  1	2.352
		19  1	-8.994
		20  0	-5.592
		21  1	2.005
		22  0	-2.472
		23  1	-8.309
		24  0	7.306

node  10		 link	 weight	 bias -82.083
		1  1	7.945
		2  0	-3.472
		3  0	1.899
		4  1	-4.975
		5  0	-1.133
		6  0	3.92
		7  1	2.614
		8  1	-4.327
		9  0	-4.148
		10  0	0.662
		15  1	7.83
		16  0	1.152
		17  1	-0.378999
		18  1	-9.635
		19  0	3.102
		20  0	-2.068
		21  1	-0.523999
		22  0	-4.064
		23  1	0.921
		24  0	-13.901


 Layer 4

node  1		 link	 weight	 bias -28.228
		1  1	-9.984
		2  0	-3.529
		3  1	4.18
		4  0	5.975
		5  0	-1.531
		6  1	5.894
		7  0	1.717
		8  1	5.214
		9  1	-0.754
		10  0	1.929
		15  1	1.428
		16  1	-2.482
		17  0	-4.402
		18  0	4.802
		19  0	2.349
		20  0	-1.594
		21  1	-6.297
		22  0	-2.799
		23  0	-5.763
		24  1	-2.687
		25  0	7.463
		26  1	-4.944
		27  0	-1.703
		28  1	-5.439
		29  0	-5.185
		30  0	-2.263
		31  1	0.158999
		32  0	0.214
		33  1	-1.012
		34  1	10.358

node  2		 link	 weight	 bias -36.874
		1  1	-1.247
		2  1	-0.0429997
		3  0	7.712
		4  0	2.178
		5  0	-7.994
		6  1	-1.723
		7  1	-1.352
		8  0	-3.786
		9  0	-2.616
		10  1	-0.254
		15  1	1.585
		16  0	0.436
		17  0	-0.734
		18  1	-7.83
		19  0	2.747
		20  0	-2.653
		21  0	-8.585
		22  0	-4.476
		23  1	0.801
		24  1	7.856
		25  1	3.489
		26  1	-1.027
		27  0	-2.809
		28  0	-3.444
		29  1	2.623
		30  0	2.345
		31  1	4.85
		32  1	-5.503
		33  0	1.15
		34  0	-4.952

node  3		 link	 weight	 bias -15.395
		1  1	-19.488
		2  1	-1.963
		3  0	-5.618
		4  0	-6.659
		5  0	2.681
		6  0	-3.922
		7  0	-0.543
		8  0	2.053
		9  1	-5.63
		10  1	7.787
		15  0	4.477
		16  1	-0.321
		17  1	3.323
		18  1	3.998
		19  0	1.536
		20  1	0.617
		21  0	-4.213
		22  1	-1.806
		23  1	0.934
		24  1	5.435
		25  1	-0.00899994
		26  0	-3.45
		27  1	-3.549
		28  1	-2.751
		29  1	-2.031
		30  1	-5.744
		31  0	-6.012
		32  0	-5.168
		33  0	-3.813
		34  0	2.103

node  4		 link	 weight	 bias -27.295
		1  1	-0.388
		2  1	2.111
		3  0	-6.295
		4  0	0.574
		5  1	9.753
		6  1	2.119
		7  0	0.316
		8  0	-3.429
		9  1	-0.711
		10  1	0.322
		15  1	-0.744
		16  1	2.816
		17  0	-2.36
		18  0	-0.491
		19  1	-10.669
		20  0	-3.102
		21  0	-3.886
		22  0	-4.956
		23  0	0.766
		24  1	2.36
		25  1	-2.311
		26  1	-3.713
		27  0	-0.355
		28  1	1.424
		29  0	8.85
		30  0	-1.62
		31  0	-4.824
		32  0	6.474
		33  1	-0.752
		34  1	0.47

node  5		 link	 weight	 bias -58.468
		1  1	-1.952
		2  0	9.371
		3  1	-6.451
		4  0	-1.45
		5  1	5.452
		6  1	3.317
		7  0	-12.882
		8  1	0.0820004
		9  0	-6.91
		10  0	1.446
		15  0	-7.934
		16  1	-1.756
		17  0	0.263
		18  1	3.24
		19  1	1.437
		20  0	1.367
		21  0	-5.241
		22  1	-5.677
		23  1	-0.463
		24  0	-3.798
		25  0	-0.524
		26  0	-3.937
		27  1	-1.362
		28  1	-1.824
		29  1	2.45
		30  1	-0.887
		31  0	1.454
		32  1	9.369
		33  1	4.428
		34  1	-1.779

node  6		 link	 weight	 bias -8.015
		1  0	4.562
		2  0	1.915
		3  0	9.733
		4  1	-1.814
		5  0	-3.715
		6  0	5.058
		7  0	-3.52
		8  1	2.692
		9  1	-0.445
		10  0	-6.807
		15  0	0.983
		16  1	-2.041
		17  0	0.32
		18  0	4.224
		19  0	-8.241
		20  1	-1.152
		21  0	1.395
		22  0	-8.952
		23  1	-0.544
		24  0	-1.079
		25  1	-12.043
		26  0	-1.428
		27  1	0.94
		28  0	-5.294
		29  0	-0.764
		30  0	2.625
		31  1	-2.456
		32  1	-1.549
		33  1	-3.799
		34  0	0.299

node  7		 link	 weight	 bias -57.21
		1  1	-4.429
		2  0	0.854
		3  0	2.213
		4  1	2.016
		5  0	1.101
		6  1	13.699
		7  0	-4.561
		8  1	8.981
		9  1	7.411
		10  0	-2.852
		15  0	-7.995
		16  0	-0.714
		17  0	-0.506
		18  1	-0.49
		19  0	8.255
		20  1	-5.159
		21  0	-6.348
		22  0	-7.979
		23  1	1.675
		24  0	-4.494
		25  0	-4.126
		26  1	2.335
		27  1	12.812
		28  1	-14.919
		29  0	3.435
		30  0	4.879
		31  0	-3.545
		32  1	-3.588
		33  0	-8.771
		34  0	0.733

node  8		 link	 weight	 bias -10.256
		1  1	-4.049
		2  1	3.859
		3  1	-4.801
		4  1	-4.895
		5  0	-6.155
		6  1	2.415
		7  1	3.542
		8  1	0.224
		9  1	15.534
		10  0	-0.294
		15  0	-3.088
		16  0	2.78
		17  1	-0.941
		18  1	-0.144
		19  1	5.471
		20  0	-8.548
		21  0	3.445
		22  1	-0.111
		23  1	-7.608
		24  0	-2.873
		25  1	-6.769
		26  0	-6.368
		27  0	-4.725
		28  1	-11.673
		29  0	-6.275
		30  1	-8.88
		31  1	-0.851
		32  1	13.174
		33  0	8.674
		34  1	-2.246

node  9		 link	 weight	 bias -57.141
		1  0	-7.34
		2  1	5.106
		3  0	-0.465
		4  0	-2.741
		5  0	-6.001
		6  0	-4.761
		7  0	-3.217
		8  1	-3.335
		9  0	-6.455
		10  1	3.486
		15  1	-5.76
		16  1	-9.922
		17  1	-2.907
		18  0	-0.618
		19  1	-0.776
		20  1	0.304
		21  0	1.684
		22  1	-7.437
		23  1	4.558
		24  0	0.185
		25  0	4.88
		26  1	-1.715
		27  0	-4.608
		28  1	-6.236
		29  0	0.708
		30  1	-0.63
		31  0	-0.9
		32  0	-3.527
		33  1	0.789
		34  1	6.175

node  10		 link	 weight	 bias -41.412
		1  0	-10.045
		2  0	-0.148
		3  1	-6.795
		4  1	-3.908
		5  0	-9.324
		6  0	0.718
		7  1	-2.2
		8  0	4.028
		9  1	-2.084
		10  1	0.887
		15  0	6.591
		16  0	5.388
		17  0	-1.351
		18  0	1.731
		19  0	6.04
		20  0	-1.5
		21  1	-3.637
		22  1	-2.033
		23  1	-5.392
		24  0	-2.078
		25  1	4.877
		26  1	-5.393
		27  1	-2.697
		28  0	2.222
		29  1	2.811
		30  1	-2.125
		31  0	0.582
		32  0	-9.949
		33  1	4.875
		34  1	6.806


 Layer 5

node  1		 link	 weight	 bias -2.456
		1  0	4.287
		2  1	0.02
		3  0	-2.247
		4  0	5.159
		5  0	-0.255
		6  0	-2.189
		7  1	-2.621
		8  0	-2.252
		9  0	-7.826
		10  0	-12.867
		15  0	-0.168
		16  0	-7.644
		17  0	0.584
		18  0	4.519
		19  0	6.151
		20  0	-6.694
		21  0	-2.701
		22  0	5.442
		23  0	1.002
		24  0	-0.767
		25  0	18.181
		26  0	-3.308
		27  1	-2.063
		28  0	-3.406
		29  0	1.688
		30  0	1.425
		31  1	0
		32  0	-0.516999
		33  0	0.295
		34  0	-2.914
		35  0	5.939
		36  0	-1.975
		37  0	-4.461
		38  0	-2.177
		39  0	-5.874
		40  0	-3.576
		41  0	1.166
		42  1	-0.00699997
		43  0	-0.939
		44  0	-3.072

node  2		 link	 weight	 bias -3.327
		1  0	1.61
		2  0	-4.513
		3  0	4.963
		4  0	-13.518
		5  0	-12.642
		6  0	-4.726
		7  0	-5.657
		8  0	0.368
		9  0	5.853
		10  0	0.158
		15  0	-1.919
		16  1	-2.189
		17  0	-7.16
		18  0	-1.527
		19  0	-0.264
		20  0	1.579
		21  0	0.027
		22  0	4.572
		23  1	0.59
		24  0	-1.704
		25  0	-1.34
		26  0	-5.107
		27  0	1.982
		28  0	-0.154
		29  0	-6.085
		30  0	1.256
		31  0	9.828
		32  0	-0.892
		33  0	-0.315
		34  0	-7.736
		35  0	-4.059
		36  0	3.387
		37  0	-3.268
		38  0	-3.761
		39  0	1.6
		40  0	8.559
		41  0	-6.169
		42  0	-15.663
		43  0	1.576
		44  0	11.366

node  3		 link	 weight	 bias 0.449001
		1  0	-6.357
		2  1	-0.429
		3  0	4.866
		4  0	7.457
		5  0	2.548
		6  0	1.772
		7  0	-0.441
		8  1	2.224
		9  0	3.906
		10  0	3.076
		15  0	-7.636
		16  0	2.263
		17  0	-2.498
		18  0	3.017
		19  0	3.039
		20  0	1.352
		21  0	0.143
		22  0	-5.717
		23  0	-4.8
		24  0	-3.742
		25  0	-6.353
		26  0	1.834
		27  0	-8.091
		28  0	-1.111
		29  0	0.222
		30  0	-7.235
		31  0	5.845
		32  0	-8.761
		33  0	9.362
		34  0	0.903
		35  0	11.45
		36  0	1.392
		37  0	0.259
		38  0	-3.519
		39  0	-6.57
		40  1	-0.0569999
		41  0	-5.344
		42  0	-11.932
		43  0	-9.488
		44  0	-0.308

node  4		 link	 weight	 bias 1.982
		1  0	-3.109
		2  0	-3.402
		3  0	2.073
		4  1	2.815
		5  0	-3.292
		6  1	0.769
		7  0	-6.79
		8  0	-1.944
		9  0	3.767
		10  0	-0.0329995
		15  0	0
		16  0	-3.078
		17  0	-0.522
		18  0	-2.947
		19  1	0.036
		20  0	-1.453
		21  0	9.963
		22  0	3.052
		23  0	0.715
		24  1	0.04
		25  1	0.163
		26  0	-3.938
		27  0	0.514
		28  0	-2.602
		29  0	1.244
		30  0	-0.0600007
		31  0	-14.374
		32  0	4.698
		33  0	0.826
		34  0	-0.872
		35  0	-3.516
		36  0	-0.219
		37  0	-2.951
		38  0	3.278
		39  0	-3.504
		40  0	-2.586
		41  0	5.938
		42  0	0.531
		43  0	2.34
		44  0	-1.398
