
======================================================
Score	4.89157e+15
Z	0.00251572
alpha	0.0269325
betta	-0.234881
gamma	0.177799
Vx	-0.250415
Vy	-0.0454545
Vz	-0.0262366
engIng	0
cFuel	27
tfuel	263.908
======================================================

Initial Parametrs
rOa	{ 50 ; 110 ; -182 }

V	{ 11 ; 0.07 ; 0.03 }

w	{ 0.0024 ; 0.0033 ; -0.0008 }

alpha	0.00347
betta	-0.00295
gamma	0.0013
======================================================

 Layer 2

node  1		 link	 weight	 bias -93.212
		1  0	-0.57
		2  0	-3.208
		3  0	-3.939
		4  1	6.952
		5  1	0.651
		6  0	5.301
		7  0	-9.997
		8  0	-10.302
		9  1	-3.32
		10  1	-0.919

node  2		 link	 weight	 bias -14.466
		1  0	2.698
		2  1	-7.721
		3  1	-11.907
		4  1	2.85
		5  1	-0.401
		6  1	-7.16
		7  1	2.432
		8  0	-2.907
		9  1	10.917
		10  0	-1.522

node  3		 link	 weight	 bias -0.502999
		1  0	-4.614
		2  0	-8.283
		3  1	-3.29
		4  0	0.968
		5  0	-1.93
		6  1	-3.537
		7  0	6.298
		8  1	2.152
		9  0	4.259
		10  1	-1.089

node  4		 link	 weight	 bias -71.633
		1  0	-9.777
		2  0	-8.56
		3  1	1.474
		4  1	3.46
		5  0	4.137
		6  0	-5.422
		7  0	-0.808
		8  1	1.637
		9  0	6.905
		10  1	-4.338

node  5		 link	 weight	 bias -14.21
		1  0	-3.343
		2  0	-5.504
		3  1	-1.468
		4  0	1.422
		5  0	-1.17
		6  0	-11.945
		7  0	-0.608
		8  0	3.517
		9  0	3.321
		10  0	-0.604

node  6		 link	 weight	 bias -73.698
		1  0	-3.063
		2  1	0.772
		3  1	-3.33
		4  0	-8.108
		5  0	1.714
		6  0	-6.091
		7  1	11.513
		8  1	-5.365
		9  0	-1.405
		10  1	-0.421

node  7		 link	 weight	 bias 27.312
		1  1	-10.056
		2  1	1.017
		3  0	-0.369
		4  1	0.976
		5  0	-9.619
		6  1	4.713
		7  1	-14.659
		8  0	-3.251
		9  0	-5.803
		10  1	-2.589

node  8		 link	 weight	 bias -69.336
		1  1	-4.963
		2  0	2.561
		3  0	-7.651
		4  0	4.455
		5  0	-9.159
		6  0	-6.383
		7  1	0.0940001
		8  0	0.0309998
		9  0	-2.405
		10  1	-10.089

node  9		 link	 weight	 bias -38.305
		1  0	4.07
		2  1	4.302
		3  1	-9.629
		4  0	1.509
		5  0	-8.142
		6  1	1.179
		7  1	-11.021
		8  1	4.784
		9  0	-3.891
		10  0	-2.989

node  10		 link	 weight	 bias -33.273
		1  1	5.072
		2  0	1.267
		3  1	6.646
		4  0	-10.418
		5  0	5.802
		6  1	-23.326
		7  0	3.223
		8  0	-0.853
		9  1	0.496
		10  1	-2.124


 Layer 3

node  1		 link	 weight	 bias -21.403
		1  1	1.516
		2  0	1.873
		3  0	8.267
		4  0	-0.372
		5  1	-5.49
		6  1	2.045
		7  1	-4.988
		8  0	-6.997
		9  1	2.395
		10  1	-4.514
		15  0	4.288
		16  0	-3.8
		17  1	-4.597
		18  0	2.229
		19  0	1.795
		20  1	-2.146
		21  0	-12.752
		22  0	-1.558
		23  0	9.289
		24  0	-1.302

node  2		 link	 weight	 bias -25.127
		1  0	1.209
		2  1	-0.389
		3  1	3.863
		4  1	-6.548
		5  0	11.055
		6  1	4.699
		7  0	-2.889
		8  1	-4.972
		9  0	-1.144
		10  0	-0.23
		15  1	-9.876
		16  1	2.302
		17  0	-7.028
		18  0	-1.742
		19  0	-0.118
		20  0	5.89
		21  0	4.032
		22  1	-0.681
		23  0	-1.322
		24  1	0.223

node  3		 link	 weight	 bias 20
		1  0	0.123
		2  0	3.823
		3  0	1.781
		4  1	-1.895
		5  1	-0.72
		6  1	-0.00700004
		7  0	0.708
		8  1	-1.686
		9  1	-2.831
		10  0	7.816
		15  1	0.407
		16  1	-0.0179999
		17  1	3.39
		18  0	2.247
		19  0	-1.521
		20  0	-0.218
		21  0	1.481
		22  1	-0.14
		23  1	0.721
		24  1	0.601

node  4		 link	 weight	 bias -56.024
		1  1	-3.878
		2  0	1.656
		3  1	2.061
		4  0	7.308
		5  1	2.403
		6  0	2.155
		7  1	-3.115
		8  1	-11.353
		9  1	-1.659
		10  0	-4.439
		15  1	-0.347
		16  0	-2.732
		17  0	0.07
		18  0	-1.163
		19  0	7.366
		20  1	2.014
		21  1	-9.944
		22  0	-0.614
		23  0	-9.019
		24  0	5.755

node  5		 link	 weight	 bias -8.035
		1  1	4.77
		2  0	-7.376
		3  0	2.714
		4  0	1.301
		5  0	-13.941
		6  1	-11.157
		7  1	-4.134
		8  1	-10.257
		9  1	-13.703
		10  1	-2.429
		15  0	-2.087
		16  0	2.461
		17  1	0.89
		18  0	0.491
		19  1	-6.972
		20  0	-3.219
		21  1	-10.38
		22  1	0.524
		23  0	-0.151
		24  1	2.255

node  6		 link	 weight	 bias -98.903
		1  0	-3.957
		2  0	-3.531
		3  0	0.234
		4  0	-1.316
		5  0	1.351
		6  0	-3.425
		7  0	-3.381
		8  0	-5.944
		9  0	0.804
		10  0	-0.387
		15  0	-2.567
		16  0	-0.1
		17  1	-2.941
		18  1	2.669
		19  1	-0.84
		20  0	-5.318
		21  1	-7.317
		22  0	-3.182
		23  0	-2.382
		24  1	-4.509

node  7		 link	 weight	 bias -19.175
		1  1	-5.858
		2  1	-1.796
		3  1	-2.823
		4  0	-1.779
		5  1	-1.887
		6  1	2.087
		7  0	-4.043
		8  1	2.422
		9  0	-8.484
		10  1	-2.693
		15  0	1.13
		16  1	-6.308
		17  1	-7.686
		18  0	5.622
		19  1	-0.804
		20  0	-0.273
		21  0	1.272
		22  0	2.807
		23  1	0.623
		24  1	1.547

node  8		 link	 weight	 bias -72.941
		1  0	0.338
		2  1	3.072
		3  0	-4.158
		4  1	-1
		5  1	-11.712
		6  0	3.235
		7  0	0.981
		8  0	-7.086
		9  1	-0.33
		10  1	1.713
		15  1	-1.92
		16  0	-5.352
		17  0	1.86
		18  1	0.237
		19  0	-7.415
		20  0	4.521
		21  1	-3.747
		22  0	1.468
		23  0	3.967
		24  1	0.862

node  9		 link	 weight	 bias -62.412
		1  0	-5.527
		2  1	-3.926
		3  1	-4.74
		4  1	-1.758
		5  0	10.945
		6  1	-8.596
		7  1	-4.236
		8  1	-2.116
		9  1	6.499
		10  0	0.256
		15  1	-2.871
		16  0	-2.125
		17  0	-9.254
		18  1	8.48
		19  1	4.316
		20  1	-6.832
		21  1	-4.928
		22  0	-0.261
		23  0	-2.838
		24  1	1.903

node  10		 link	 weight	 bias -22.874
		1  0	-0.949
		2  1	-4.138
		3  0	-0.526
		4  1	-6.13
		5  1	-1.761
		6  1	6.082
		7  0	5.666
		8  1	1.753
		9  1	4.68
		10  0	-8.32
		15  1	3.367
		16  0	-3.602
		17  0	5.519
		18  1	3.681
		19  0	2.36
		20  0	1.197
		21  1	-1.709
		22  1	0.35
		23  0	-5.445
		24  0	-0.645


 Layer 4

node  1		 link	 weight	 bias -0.493
		1  0	8.98
		2  1	1.337
		3  0	-11.527
		4  0	-7.155
		5  1	-2.564
		6  0	1.029
		7  1	1.054
		8  0	-4.888
		9  0	-0.219
		10  0	-5.477
		15  1	-5.605
		16  0	-7.303
		17  0	3.616
		18  1	-7.593
		19  1	-8.501
		20  0	-8.726
		21  1	-3.021
		22  1	-2.89
		23  1	5.567
		24  1	-0.741
		25  0	3.468
		26  0	-6.03
		27  1	5.864
		28  0	-1.48
		29  0	4.163
		30  0	8.509
		31  1	7.981
		32  1	-0.58
		33  1	-0.792
		34  1	10.748

node  2		 link	 weight	 bias -29.001
		1  0	-2.88
		2  1	3.013
		3  0	6.266
		4  0	-1.225
		5  1	0.233
		6  1	-1.779
		7  0	3.682
		8  0	2.754
		9  0	-7.67
		10  0	-2.09
		15  1	-6.828
		16  1	-4.389
		17  1	-6.331
		18  1	1.447
		19  0	-3.279
		20  1	-5.609
		21  1	-3.046
		22  1	-1.078
		23  0	0.114
		24  0	-1.153
		25  0	-0.529
		26  0	-0.619
		27  1	2.848
		28  1	-9.208
		29  1	4.174
		30  0	1.678
		31  0	0.764
		32  1	-3.47
		33  1	2.635
		34  0	6.307

node  3		 link	 weight	 bias -30.995
		1  0	-7.281
		2  1	-3.597
		3  0	-8.035
		4  1	-5.744
		5  0	4.96
		6  1	0.225
		7  1	-8.915
		8  1	-3.919
		9  1	-1.381
		10  1	-0.894
		15  1	-5.234
		16  1	8.205
		17  0	3.329
		18  0	2.322
		19  1	1.445
		20  1	10.709
		21  1	4.592
		22  0	-2.775
		23  1	0.253
		24  0	0.978
		25  0	-0.54
		26  0	-7.084
		27  0	0.944
		28  1	6.965
		29  0	2.01
		30  1	-5.149
		31  1	-3.36
		32  0	-1.274
		33  0	-4.99
		34  0	-3.184

node  4		 link	 weight	 bias 22.872
		1  0	-3.187
		2  0	-0.443
		3  0	-5.391
		4  0	-1.983
		5  0	6.829
		6  1	2.719
		7  0	-2.03
		8  1	-8.23
		9  1	-4.269
		10  0	-0.686
		15  0	1.867
		16  1	0.869
		17  1	0.532
		18  1	-0.294
		19  1	-0.539
		20  1	-3.058
		21  0	1.531
		22  0	-4.395
		23  1	4.822
		24  0	-1.056
		25  1	-1.941
		26  1	1.396
		27  0	0.209
		28  0	-0.0760002
		29  1	6.143
		30  0	3.377
		31  0	1.838
		32  0	6.695
		33  0	-0.255
		34  1	-8.731

node  5		 link	 weight	 bias 16.058
		1  1	-2.026
		2  1	6.743
		3  0	-2.563
		4  1	6.241
		5  0	-2.414
		6  0	-1.447
		7  1	-3.604
		8  1	-0.25
		9  1	2.923
		10  0	-1.639
		15  0	2.035
		16  1	-0.464
		17  0	-0.826
		18  1	0.868
		19  1	1.982
		20  0	10.306
		21  0	2.978
		22  1	1.363
		23  0	-7.242
		24  0	0.782
		25  1	9.407
		26  1	1.496
		27  1	1.667
		28  1	-0.227
		29  0	-1.906
		30  1	0.628
		31  1	-2.109
		32  1	5.438
		33  1	-5.082
		34  0	-7.523

node  6		 link	 weight	 bias 0.150001
		1  1	-3.636
		2  0	-0.192
		3  0	-2.755
		4  1	-1.741
		5  0	-0.556
		6  1	-0.616
		7  0	-7.921
		8  0	-10.694
		9  0	-4.519
		10  1	-2.329
		15  1	-4.14
		16  1	-0.309
		17  0	0.808
		18  0	-3.259
		19  1	-3.368
		20  1	-0.783
		21  0	-5.225
		22  1	-3.938
		23  1	-6.613
		24  0	4.901
		25  1	0.62
		26  1	2.662
		27  0	-1.908
		28  1	6.544
		29  0	-2.167
		30  0	-1.753
		31  1	5.931
		32  1	-8.343
		33  0	-1.172
		34  0	3.957

node  7		 link	 weight	 bias -22.642
		1  1	0.955
		2  0	-5.095
		3  0	-7.127
		4  0	2.238
		5  1	-4.802
		6  0	-3.297
		7  0	-4.75
		8  1	-7.089
		9  1	-2.487
		10  0	0.581
		15  1	6.212
		16  0	0.0479999
		17  1	1.254
		18  1	-2.488
		19  0	-3.576
		20  0	2.332
		21  0	1.044
		22  1	-5.313
		23  0	-4.346
		24  0	6.126
		25  1	-2.077
		26  1	7.058
		27  0	-4.8
		28  0	-5.83
		29  0	-3.531
		30  1	0.984
		31  0	-4.805
		32  0	-1.455
		33  1	6.763
		34  0	-0.446

node  8		 link	 weight	 bias -38.364
		1  0	5.555
		2  0	4.625
		3  0	-7.338
		4  0	-1.037
		5  1	3.105
		6  1	5.559
		7  1	-6.991
		8  1	-3.611
		9  1	-3.582
		10  0	5.625
		15  1	0.893
		16  1	5.477
		17  1	1.666
		18  0	-4.659
		19  1	0.675
		20  0	-1.805
		21  1	1.273
		22  1	-7.735
		23  1	-1.34
		24  0	4.791
		25  0	3.507
		26  0	1.87
		27  1	1.448
		28  1	-1.967
		29  1	-3.647
		30  1	-0.793
		31  1	-7.632
		32  1	-3.967
		33  1	-1.488
		34  1	-11.113

node  9		 link	 weight	 bias -75.702
		1  1	-1.002
		2  1	3.215
		3  0	-8.711
		4  0	1.732
		5  0	-2.673
		6  0	0.573
		7  1	-3.716
		8  1	0.541
		9  1	-2.057
		10  0	2.669
		15  1	-2.947
		16  1	7.511
		17  0	-1.156
		18  1	6.836
		19  0	-4.047
		20  1	2.464
		21  0	-2.662
		22  1	4.418
		23  1	5.442
		24  0	-3.252
		25  1	3.164
		26  1	10.245
		27  0	-4.38
		28  0	-0.187
		29  0	-3.903
		30  0	0.354
		31  0	-8.048
		32  0	-1.875
		33  1	-1.041
		34  0	2.903

node  10		 link	 weight	 bias -56.772
		1  0	-2.87
		2  1	2.473
		3  1	2.225
		4  1	-2.452
		5  0	-11.833
		6  1	0.656
		7  0	4.506
		8  0	-5.406
		9  1	0.193
		10  0	-1.283
		15  0	1.951
		16  1	-1.553
		17  0	0.659
		18  1	-4.034
		19  0	2.105
		20  0	9.784
		21  0	-3.175
		22  0	6.608
		23  1	-5.8
		24  1	-0.671
		25  1	-8.379
		26  1	3.037
		27  0	-7.723
		28  0	4.714
		29  1	-5.735
		30  1	0.172
		31  1	3.669
		32  0	-2.483
		33  1	-7.83
		34  0	7.35


 Layer 5

node  1		 link	 weight	 bias 5.23
		1  0	-3.288
		2  0	3.006
		3  0	3.969
		4  1	0.463
		5  0	-2.35
		6  0	-7.703
		7  1	-1.983
		8  0	3.367
		9  0	-0.549
		10  0	-0.0720002
		15  0	-15.173
		16  0	-13.256
		17  0	-6.166
		18  1	-0.76
		19  0	-3.771
		20  0	-5.208
		21  0	2.759
		22  0	0.981
		23  0	0.356
		24  0	0.565
		25  0	1.031
		26  0	2.035
		27  0	3.098
		28  0	-9.576
		29  0	7.202
		30  0	-3.272
		31  1	3.435
		32  1	-0.554
		33  0	-3.286
		34  0	4.087
		35  0	-1.405
		36  0	-2.894
		37  1	0.629
		38  1	1.7
		39  1	0.255
		40  1	3.719
		41  1	-0.0310001
		42  1	-0.761
		43  0	5.3
		44  0	-12.278

node  2		 link	 weight	 bias -1.94
		1  0	4.372
		2  0	-4.205
		3  0	-2.677
		4  0	-0.451
		5  0	-1.984
		6  0	-2.712
		7  1	1.308
		8  1	0.075
		9  0	0.568
		10  0	-2.18
		15  0	0.242
		16  0	1.247
		17  0	-7.626
		18  0	-10.649
		19  0	2.468
		20  0	-1.835
		21  0	-5.866
		22  0	-3.02
		23  0	0.872
		24  0	-7.372
		25  0	-5.197
		26  1	-1.56
		27  0	-1.498
		28  0	4.723
		29  0	3.908
		30  0	-5.266
		31  0	0.568
		32  0	1.745
		33  1	-1.79
		34  1	0.448
		35  0	-2
		36  0	7.147
		37  0	-5.048
		38  0	-0.266
		39  0	-7.565
		40  0	3.044
		41  0	3.851
		42  0	-2.531
		43  0	-0.19
		44  0	-4.458

node  3		 link	 weight	 bias 0.365
		1  0	-2.821
		2  1	0.175
		3  0	3.347
		4  0	4.759
		5  1	2.119
		6  0	-4.445
		7  0	-2.359
		8  0	-5.651
		9  0	4.059
		10  0	-8.57
		15  0	-4.106
		16  0	-1.104
		17  1	1.949
		18  1	-2.661
		19  0	3.326
		20  0	3.944
		21  0	-12
		22  0	-1.107
		23  0	2.441
		24  0	4.997
		25  1	-0.759
		26  0	-0.285
		27  1	1.158
		28  0	-5.252
		29  0	3.204
		30  0	-0.00400019
		31  0	1.3
		32  0	0.814
		33  0	-4.188
		34  1	3.988
		35  0	-8.241
		36  0	-7.35
		37  0	5.29
		38  1	1.351
		39  0	-0.115
		40  1	-0.358
		41  1	-0.372
		42  0	5.74
		43  0	2.333
		44  1	0

node  4		 link	 weight	 bias -2.476
		1  0	-4.429
		2  0	-5.076
		3  1	-0.501
		4  0	-1.496
		5  1	1.143
		6  1	0.76
		7  0	-2.164
		8  1	8.076
		9  0	-2.145
		10  0	-8.068
		15  0	1.313
		16  0	-13.39
		17  1	-2.844
		18  0	-0.798
		19  0	-5.243
		20  0	3.395
		21  0	-9.579
		22  0	1.7
		23  1	0
		24  0	0.957
		25  1	2.156
		26  0	-8.58
		27  1	-0.225
		28  0	2.321
		29  0	-3.945
		30  0	3.481
		31  0	3.612
		32  0	-0.686
		33  0	-0.69
		34  0	4.377
		35  1	2.935
		36  0	-4.017
		37  0	0.617
		38  0	1.046
		39  0	-3.997
		40  0	-9.36
		41  0	2.134
		42  0	-11.07
		43  0	-4.128
		44  0	-4.628
