
======================================================
Score	5.16245e+14
Z	0.00218376
alpha	-1.79812
betta	-0.0784559
gamma	-0.0509273
Vx	-0.181978
Vy	-0.0298616
Vz	-0.0240762
engIng	0
cFuel	92
tfuel	193.257
======================================================

Initial Parametrs
rOa	{ 143 ; 194 ; -59 }

V	{ 11 ; 0 ; 5 }

w	{ -0.29 ; -0.37 ; 0.19 }

alpha	0.131
betta	0.077
gamma	-0.302
======================================================

 Layer 2

node  1		 link	 weight	 bias -0.196
		1  0	-0.805
		2  0	-3.585
		3  0	3.1
		4  1	0
		5  1	-2.386
		6  0	5.879
		7  0	-3.053
		8  0	-1.346
		9  0	4.104
		10  0	0

node  2		 link	 weight	 bias -1.363
		1  0	1.487
		2  0	1.882
		3  1	-1.638
		4  0	0.924
		5  1	0.22
		6  0	0
		7  1	0
		8  0	-9.851
		9  0	-0.852
		10  0	4.289

node  3		 link	 weight	 bias 6.236
		1  1	4.319
		2  1	-9.593
		3  1	-20.565
		4  0	2.365
		5  0	0.585
		6  1	-0.991
		7  1	1.661
		8  1	2.908
		9  1	-12.571
		10  1	-11.646

node  4		 link	 weight	 bias -21.227
		1  0	1.161
		2  1	2.647
		3  1	1.998
		4  1	1.416
		5  0	-5.589
		6  1	-0.996
		7  0	-4.284
		8  0	1.918
		9  0	1.118
		10  1	1.976

node  5		 link	 weight	 bias -0.406999
		1  0	1.71
		2  1	8.199
		3  1	0.367
		4  0	1.856
		5  0	3.624
		6  1	0.212
		7  0	-2.272
		8  1	-0.344
		9  1	3.062
		10  0	-1.825

node  6		 link	 weight	 bias -6.983
		1  0	3.197
		2  0	4.897
		3  1	-5.849
		4  1	0.494
		5  1	0.144
		6  0	-15.007
		7  0	-1.185
		8  1	-4.24
		9  1	0.5
		10  1	-5.267

node  7		 link	 weight	 bias -52.37
		1  1	0.49
		2  0	-0.115
		3  1	2.553
		4  1	-6.296
		5  1	1.806
		6  0	-3.763
		7  1	3.638
		8  1	-3.613
		9  0	-5.195
		10  1	1.249

node  8		 link	 weight	 bias -52.112
		1  1	0.541
		2  1	3.286
		3  1	-2.393
		4  1	-0.0919998
		5  0	-1.527
		6  1	1.335
		7  0	0.049
		8  1	-2.854
		9  1	-5.215
		10  1	-3.035

node  9		 link	 weight	 bias -4.298
		1  0	1.059
		2  0	1.916
		3  1	-1.83
		4  0	-5.325
		5  0	-1.039
		6  0	-0.215
		7  1	-4.586
		8  0	-6.241
		9  1	-0.189
		10  1	-3.461

node  10		 link	 weight	 bias -6.781
		1  0	2.505
		2  1	1.636
		3  1	4.437
		4  1	-7.064
		5  0	-6.927
		6  0	-8.621
		7  0	-3.91
		8  1	0.872
		9  0	-3.434
		10  1	9.072


 Layer 3

node  1		 link	 weight	 bias -0.278
		1  1	0
		2  1	-0.158
		3  0	-1.853
		4  0	-0.951
		5  0	0.466
		6  0	-2.912
		7  0	0.062
		8  0	-0.793
		9  1	3.373
		10  0	-0.805
		15  1	1.139
		16  0	-3.327
		17  0	0
		18  0	-1.202
		19  0	-5.83
		20  0	0
		21  0	2.367
		22  0	2.188
		23  0	-2.41
		24  0	0

node  2		 link	 weight	 bias -19.431
		1  0	-1.459
		2  1	-2.183
		3  1	1.471
		4  0	1.318
		5  0	0.962
		6  1	-1.662
		7  1	-1.628
		8  1	-0.469
		9  0	0.875
		10  1	4.964
		15  0	-1.836
		16  1	-2.323
		17  0	-3.643
		18  1	-0.706
		19  1	-2.672
		20  0	-1.049
		21  1	-1.368
		22  1	-0.455
		23  0	4.79
		24  0	-3.296

node  3		 link	 weight	 bias 7.663
		1  1	2.706
		2  1	0.224
		3  0	0.916
		4  0	-0.726
		5  0	-2.521
		6  0	1.296
		7  1	0.0770001
		8  0	-1.915
		9  1	0.419
		10  1	1.163
		15  0	2.884
		16  1	0
		17  1	-0.126
		18  1	5.239
		19  1	1.431
		20  0	-1.21
		21  0	1.499
		22  0	1.495
		23  0	-2.223
		24  0	-3.447

node  4		 link	 weight	 bias -20.491
		1  0	1.078
		2  1	2.503
		3  1	-0.296
		4  0	-5.915
		5  1	3.262
		6  0	-6.842
		7  1	4.02
		8  0	-7.881
		9  0	-3.04
		10  0	0.495
		15  1	-1.28
		16  0	0.185
		17  1	0.424
		18  0	-1.637
		19  1	-1.82
		20  1	-1.153
		21  0	1.819
		22  0	-2.932
		23  1	1.545
		24  1	-6.009

node  5		 link	 weight	 bias -24.137
		1  1	0.803
		2  1	1.243
		3  0	-0.795
		4  0	-0.224
		5  0	-2.062
		6  0	2.961
		7  1	-5.11
		8  1	-0.206
		9  1	0.677
		10  1	-4.052
		15  0	2.489
		16  0	0.0279996
		17  0	0
		18  0	0.424
		19  1	0
		20  1	1.508
		21  1	0.332
		22  0	4.208
		23  1	0.557
		24  1	7.651

node  6		 link	 weight	 bias 0.997002
		1  0	6.071
		2  0	0.0599999
		3  1	-3.96
		4  1	0.863
		5  1	-4.436
		6  1	1.102
		7  0	-2.054
		8  1	-4.508
		9  0	-0.553
		10  0	1.995
		15  1	0.396
		16  0	2.316
		17  0	0.0630002
		18  1	0.44
		19  1	-3.476
		20  0	-1.754
		21  0	-1.575
		22  1	-3.983
		23  0	4.09
		24  1	3.523

node  7		 link	 weight	 bias 22.823
		1  1	3.018
		2  1	-4.203
		3  0	4.748
		4  1	0.975
		5  1	3.682
		6  1	-1.121
		7  0	-0.173
		8  0	1.298
		9  1	-5.386
		10  1	2.203
		15  1	-3.359
		16  0	5.256
		17  0	4.525
		18  1	-0.666
		19  1	0.118
		20  0	0.045
		21  0	1.473
		22  0	1.245
		23  1	1.33
		24  1	0.348

node  8		 link	 weight	 bias -3.12
		1  0	-0.326
		2  1	-0.0210001
		3  0	-3.254
		4  1	-6.212
		5  1	2.387
		6  0	-1.27
		7  0	6.513
		8  1	-1.297
		9  1	1.099
		10  0	2.075
		15  1	1.462
		16  0	-0.283
		17  1	-1.489
		18  1	-0.811
		19  0	0.128
		20  0	4.299
		21  1	-0.0979998
		22  0	-1.584
		23  0	2.75
		24  1	-4.195

node  9		 link	 weight	 bias 1.499
		1  1	0.226
		2  0	-1.414
		3  1	-0.927
		4  0	-5.901
		5  0	2.179
		6  1	-1.258
		7  0	-3.112
		8  0	-2.5
		9  0	-1.07
		10  0	3.567
		15  1	0.376
		16  0	2.972
		17  0	1.613
		18  0	-3.023
		19  0	-5.307
		20  0	-1.229
		21  1	-0.887
		22  0	0.849
		23  0	-3.255
		24  1	4.184

node  10		 link	 weight	 bias -32.182
		1  1	5.069
		2  0	-2.489
		3  1	-3
		4  1	-2.738
		5  0	-1.594
		6  1	0.867
		7  1	1.429
		8  1	-1.622
		9  1	-3.233
		10  0	-0.966
		15  1	4.697
		16  1	-2.198
		17  1	0.384
		18  0	-1.682
		19  0	2.512
		20  1	0.893
		21  1	-1.439
		22  0	1.48
		23  1	-0.784
		24  1	-3.234


 Layer 4

node  1		 link	 weight	 bias -8.035
		1  0	-6.606
		2  0	-1.885
		3  1	2.655
		4  1	2.438
		5  0	0.985
		6  0	3.555
		7  1	1.23
		8  1	-0.828
		9  0	-0.68
		10  0	3.142
		15  0	-0.538
		16  1	-0.426
		17  0	-1.516
		18  0	4.652
		19  1	-1.61
		20  0	-1.417
		21  0	-4.099
		22  1	-1.177
		23  1	-3.379
		24  0	-1.708
		25  0	0.715
		26  0	0.202
		27  1	2.123
		28  1	1.021
		29  1	-2.827
		30  1	-3.097
		31  1	3.417
		32  0	-2.041
		33  0	-1.187
		34  1	5.838

node  2		 link	 weight	 bias -0.338002
		1  1	0
		2  1	-1.718
		3  0	2.816
		4  1	0.322
		5  1	-2.833
		6  0	0.751
		7  0	-0.912
		8  0	-3.007
		9  0	0.0319998
		10  0	-2.451
		15  1	-3.69
		16  0	-3.438
		17  1	0.725
		18  0	-4.259
		19  1	2.677
		20  1	0.444
		21  1	-2.061
		22  0	-5.983
		23  1	-1.948
		24  1	9.756
		25  1	0.713
		26  0	-3.416
		27  0	-2.832
		28  0	-1.838
		29  0	0.608
		30  0	-1.63
		31  0	-0.975
		32  0	-6.512
		33  1	1.623
		34  1	-4.566

node  3		 link	 weight	 bias 7.202
		1  1	-9.776
		2  0	0.31
		3  1	-3.404
		4  1	-6.008
		5  0	1.61
		6  1	0.0970001
		7  0	-1.174
		8  1	2.447
		9  0	-1.997
		10  0	-1.424
		15  0	1.42
		16  1	3.811
		17  0	4.548
		18  0	0.694
		19  1	3.213
		20  0	3.353
		21  0	-4.15
		22  0	0.919
		23  1	-1.964
		24  1	0.237
		25  0	-2.314
		26  1	-3.066
		27  0	-2.805
		28  1	1.424
		29  0	0.0579997
		30  0	-3.162
		31  0	-1.9
		32  0	-0.603
		33  0	-2.378
		34  0	1.044

node  4		 link	 weight	 bias 15.512
		1  0	-0.00300014
		2  0	-0.375
		3  0	-3.476
		4  0	2.254
		5  0	6.801
		6  0	1.416
		7  0	-3.306
		8  0	2.995
		9  1	-1.781
		10  1	-0.737
		15  1	0.00699997
		16  0	1.988
		17  1	-1.009
		18  1	-2.176
		19  0	-5.277
		20  1	-0.768
		21  1	-1.935
		22  1	-3.137
		23  0	4.049
		24  0	-0.376
		25  0	-0.796
		26  0	-2.474
		27  1	1.771
		28  1	2.499
		29  0	7.092
		30  0	-2.035
		31  0	-3.051
		32  1	1.158
		33  1	1.034
		34  1	-0.0759997

node  5		 link	 weight	 bias -7.133
		1  1	-3.788
		2  1	7.042
		3  1	1.162
		4  0	-2.73
		5  1	1.857
		6  0	3.356
		7  1	-7.136
		8  0	-0.587
		9  0	-4.867
		10  1	-1.683
		15  0	-2.133
		16  0	0.829
		17  1	0.299
		18  1	1.748
		19  0	0.104
		20  0	4.211
		21  1	-1.943
		22  0	-6.164
		23  1	-1.176
		24  1	-3.887
		25  1	-0.718
		26  1	-5.527
		27  0	0.48
		28  1	-0.372
		29  0	4.16
		30  1	2.169
		31  0	-3.408
		32  1	5.14
		33  1	2.103
		34  1	-2.694

node  6		 link	 weight	 bias -2.752
		1  0	4.333
		2  1	-1.511
		3  0	5.359
		4  0	1.187
		5  0	-3.832
		6  1	5.814
		7  0	0
		8  0	1.179
		9  0	-2.108
		10  0	0
		15  0	3.684
		16  1	-1.252
		17  0	0.845
		18  0	-0.354
		19  0	-1.552
		20  1	2.114
		21  1	0
		22  0	-2.715
		23  1	0
		24  0	-2.4
		25  0	-7.076
		26  0	-1.685
		27  1	0
		28  0	-1.664
		29  0	-1.212
		30  0	2.263
		31  1	-1.6
		32  0	-1.924
		33  1	-1.109
		34  1	0.255

node  7		 link	 weight	 bias -51.916
		1  0	-1.341
		2  1	0.854
		3  1	3.269
		4  0	-1.755
		5  0	1.47
		6  0	8.156
		7  1	-5.291
		8  1	5.059
		9  0	0.473
		10  0	1.141
		15  0	-0.806
		16  1	4.442
		17  1	1.617
		18  1	0.786
		19  1	7.159
		20  0	-1.417
		21  0	-3.61
		22  0	-5.294
		23  1	2.459
		24  0	-3.099
		25  0	1.296
		26  1	4.178
		27  1	0.207
		28  0	-1.601
		29  1	-1.412
		30  1	5.481
		31  0	-2.5
		32  0	-2.407
		33  0	-6.043
		34  1	2.869

node  8		 link	 weight	 bias -15.239
		1  0	0.069
		2  1	1.282
		3  0	0.542
		4  1	-4.595
		5  1	-5.179
		6  0	-0.427
		7  0	0.787
		8  1	1.188
		9  1	4.298
		10  0	0
		15  0	3.079
		16  1	-0.948
		17  0	4.57
		18  1	-0.079
		19  1	6.268
		20  1	-6.351
		21  1	2.907
		22  1	-0.848
		23  1	-4.858
		24  0	-2.911
		25  0	-5.873
		26  0	0.907
		27  0	-4.762
		28  1	-0.878
		29  0	-1.418
		30  1	-6.065
		31  1	0.629
		32  0	10.813
		33  1	7.078
		34  1	1.751

node  9		 link	 weight	 bias -37.944
		1  1	-2.742
		2  1	1.008
		3  1	-6.246
		4  1	-4.71
		5  1	3.24
		6  1	0.518
		7  0	-1.127
		8  0	1.105
		9  1	-0.571
		10  0	1.799
		15  1	0.321
		16  0	-2.684
		17  0	-1.851
		18  1	-2.963
		19  1	-4.127
		20  1	-1.705
		21  1	5.655
		22  1	-3.239
		23  1	0
		24  1	2.262
		25  1	1.886
		26  0	3.573
		27  1	-4.544
		28  1	-2.749
		29  1	2.81
		30  1	-1.311
		31  0	-2.345
		32  0	2.785
		33  1	3.926
		34  0	3.318

node  10		 link	 weight	 bias -9.793
		1  1	-5.021
		2  1	-0.651
		3  0	-1.481
		4  0	-3.47
		5  1	-5.703
		6  1	-2.334
		7  0	-0.93
		8  0	5.914
		9  0	1.091
		10  0	0.803
		15  0	5.6
		16  0	6.697
		17  0	-2.187
		18  0	-1.034
		19  1	-0.188999
		20  1	-2.237
		21  0	-0.321
		22  1	-3.493
		23  1	-5.544
		24  1	-0.893
		25  1	2.165
		26  1	-2.707
		27  0	-4.106
		28  1	2.011
		29  1	4.601
		30  0	-0.382
		31  0	-1.317
		32  0	-5.826
		33  1	4.689
		34  1	2.084


 Layer 5

node  1		 link	 weight	 bias -2.455
		1  0	2.903
		2  1	0.02
		3  0	-4.868
		4  0	3.123
		5  0	4.459
		6  0	0.623
		7  1	-2.621
		8  1	-0.0179999
		9  0	0
		10  0	-2.805
		15  1	0
		16  0	-4.275
		17  1	0
		18  0	1.021
		19  0	2.01
		20  0	-4.084
		21  0	-0.48
		22  0	0.029
		23  0	-0.866
		24  0	1.121
		25  0	5.473
		26  0	-6.765
		27  1	-2.063
		28  0	-0.923
		29  0	1.463
		30  0	-2.241
		31  1	0
		32  0	1.345
		33  0	2.11
		34  0	-3.125
		35  0	7.568
		36  0	-1.096
		37  0	-3.099
		38  0	1.343
		39  0	-4.745
		40  0	-1.358
		41  0	-3.214
		42  1	-0.00699997
		43  0	-2.34
		44  0	1.696

node  2		 link	 weight	 bias -3.327
		1  0	5.798
		2  0	-5.317
		3  0	5.249
		4  0	-4.879
		5  0	-2.846
		6  0	-0.195
		7  0	-1.475
		8  1	0
		9  0	2.463
		10  0	3.15
		15  0	-3.975
		16  1	-2.189
		17  0	-2.374
		18  0	0.234
		19  0	-3.537
		20  1	0
		21  0	2.863
		22  0	2.607
		23  1	0.59
		24  0	-0.232
		25  0	-0.287
		26  0	0
		27  0	2.849
		28  0	-1.209
		29  0	-0.809
		30  0	5.392
		31  0	2.288
		32  0	-1.989
		33  0	-1.588
		34  0	-2.157
		35  0	0.405
		36  0	0.716
		37  0	-0.648
		38  0	-0.35
		39  0	1.316
		40  0	2.85
		41  0	-1.061
		42  0	-9.322
		43  0	0.61
		44  0	-0.596

node  3		 link	 weight	 bias 0.449001
		1  0	2.89
		2  1	-0.429
		3  0	0.537
		4  1	0
		5  0	0.334
		6  0	0.908
		7  0	0.0350002
		8  1	2.224
		9  0	3.049
		10  0	5.838
		15  0	-0.384
		16  0	-0.459
		17  0	-2.776
		18  0	-1.089
		19  0	2.274
		20  0	-0.131
		21  0	-4.937
		22  0	0.246
		23  1	0
		24  0	1.706
		25  0	-4.338
		26  0	-0.75
		27  0	-6.938
		28  0	-0.796
		29  0	-0.122
		30  0	-3.913
		31  0	4.965
		32  0	1.281
		33  0	0.125
		34  1	0
		35  0	5.302
		36  0	-1.046
		37  0	6.026
		38  0	-3.087
		39  0	-6.682
		40  1	-0.0569999
		41  0	2.853
		42  0	-4.139
		43  0	0.0870001
		44  0	0.747

node  4		 link	 weight	 bias 1.982
		1  0	-0.68
		2  0	-1.111
		3  0	0.454
		4  1	2.815
		5  0	-6.655
		6  1	0.769
		7  0	0.439
		8  0	-1.11
		9  0	1.642
		10  0	1.569
		15  1	0
		16  0	-2.003
		17  0	4.622
		18  0	-3.906
		19  1	0.036
		20  0	2.573
		21  0	4.69
		22  0	0.165
		23  0	3.06
		24  1	0.04
		25  1	0.163
		26  0	-2.82
		27  0	-0.347
		28  0	-5.049
		29  0	-0.963
		30  0	-0.162
		31  0	-3.339
		32  0	0.198
		33  1	0
		34  0	-6.486
		35  1	0
		36  0	-0.19
		37  0	-1.637
		38  0	1.675
		39  0	0.182
		40  0	1.192
		41  0	-2.543
		42  0	3.396
		43  0	2.16
		44  0	-0.0119998
