
======================================================
Score	5.54084e+14
Z	-20.1491
alpha	-1.13108
betta	-0.187704
gamma	0.367696
Vx	-17.2618
Vy	1.57632
Vz	6.8674
engIng	0
cFuel	14
tfuel	45.526
======================================================

Initial Parametrs
rOa	{ 143 ; 194 ; -59 }

V	{ 11 ; 0 ; 5 }

w	{ -0.29 ; -0.37 ; 0.19 }

alpha	0.131
betta	0.077
gamma	-0.302
======================================================

 Layer 2

node  1		 link	 weight	 bias -0.196
		1  0	-2.529
		2  0	-6.221
		3  0	-2.33
		4  0	-4.167
		5  1	-2.404
		6  0	3.733
		7  0	-6.783
		8  0	-6.256
		9  0	-1.516
		10  0	0.423

node  2		 link	 weight	 bias -1.399
		1  0	-3.074
		2  0	-5.721
		3  1	-1.638
		4  0	-3.333
		5  1	0.22
		6  0	0.09
		7  0	-6.557
		8  0	-9.636
		9  0	-9.035
		10  0	11.57

node  3		 link	 weight	 bias 15.679
		1  1	15.47
		2  0	-31.793
		3  1	-21.045
		4  0	-4.572
		5  1	-3.322
		6  0	-6.643
		7  1	2.101
		8  0	4.716
		9  1	-75.444
		10  0	-46.006

node  4		 link	 weight	 bias -20.758
		1  1	0.0849999
		2  1	2.655
		3  1	1.998
		4  1	1.38
		5  0	-10.815
		6  1	-0.863
		7  0	-0.325
		8  1	0.572
		9  0	1.957
		10  1	1.976

node  5		 link	 weight	 bias -0.636999
		1  0	-0.0240004
		2  1	10.555
		3  1	0.37
		4  1	0.0179999
		5  0	5.642
		6  1	0.454
		7  0	-2.53
		8  1	-0.344
		9  1	4.867
		10  0	-8.038

node  6		 link	 weight	 bias -38.164
		1  1	-5.175
		2  1	-6.585
		3  0	-11.142
		4  0	-1.566
		5  1	-3.757
		6  1	-17.404
		7  0	-6.36
		8  0	-1.913
		9  1	-2.661
		10  0	-10.828

node  7		 link	 weight	 bias -75.049
		1  1	5.515
		2  0	-2.081
		3  0	2.814
		4  0	-4.621
		5  1	3.927
		6  0	-9.692
		7  1	-3.072
		8  1	-1.635
		9  1	-7.957
		10  1	4.804

node  8		 link	 weight	 bias -83.153
		1  0	-3.898
		2  1	7.874
		3  0	-15.271
		4  0	-11.134
		5  1	0.133
		6  0	-0.689
		7  1	2.37
		8  1	-5.265
		9  1	-9.127
		10  0	-6.088

node  9		 link	 weight	 bias -4.501
		1  0	0.149
		2  0	-9.277
		3  1	-1.83
		4  1	0.308
		5  0	-0.978
		6  0	0.0520002
		7  1	-4.586
		8  0	-10.224
		9  0	-1.513
		10  1	-3.461

node  10		 link	 weight	 bias -13.334
		1  0	-6.733
		2  0	5.975
		3  1	12.11
		4  1	-3.637
		5  1	-8.002
		6  0	-3.961
		7  0	-3.504
		8  1	1.673
		9  0	3.772
		10  1	6.383


 Layer 3

node  1		 link	 weight	 bias -0.278
		1  0	6.312
		2  1	-0.158
		3  0	-3.181
		4  0	-3.17
		5  0	-1.817
		6  0	-4.445
		7  0	-6.651
		8  0	-3.361
		9  1	3.373
		10  0	-3.684
		15  1	1.139
		16  0	-8.095
		17  0	0.0340002
		18  0	-11.59
		19  0	-9.031
		20  0	-4.978
		21  0	-3.299
		22  0	-1.198
		23  0	-8.656
		24  0	-1.916

node  2		 link	 weight	 bias 5.029
		1  1	-1.068
		2  1	-9.251
		3  0	-0.904
		4  0	3.126
		5  0	6.243
		6  1	-2.419
		7  0	-2.104
		8  0	2.375
		9  1	0.880999
		10  0	2.739
		15  1	-0.91
		16  1	-2.361
		17  0	-0.98
		18  1	-0.481
		19  1	-3.963
		20  1	1.952
		21  0	-4.993
		22  1	-9.066
		23  0	1.427
		24  0	-3.148

node  3		 link	 weight	 bias 7.586
		1  1	2.706
		2  1	0.224
		3  0	-1.504
		4  0	-2.827
		5  0	-1.343
		6  0	-1.675
		7  1	0.0770001
		8  0	-6.289
		9  1	0.419
		10  1	1.163
		15  0	2.297
		16  0	0.826
		17  1	-0.126
		18  1	5.239
		19  1	1.431
		20  0	-3.274
		21  0	3.375
		22  0	6.864
		23  0	-2.764
		24  0	-4.552

node  4		 link	 weight	 bias -22.968
		1  0	0.522
		2  1	9.617
		3  1	-3.599
		4  1	-13.218
		5  1	-1.669
		6  1	-16.713
		7  1	-1.441
		8  0	-12.125
		9  0	-3.448
		10  1	-6.036
		15  1	-1.544
		16  0	0.971
		17  1	7.551
		18  0	2.12
		19  0	5.785
		20  0	2.281
		21  1	4.019
		22  1	-5.667
		23  0	6.802
		24  1	-4.274

node  5		 link	 weight	 bias -94.082
		1  0	4.945
		2  1	-3.824
		3  0	-0.278
		4  0	3.714
		5  0	8.489
		6  1	8.297
		7  0	-4.343
		8  0	-4.583
		9  0	0.833
		10  0	-5.784
		15  1	0.89
		16  1	2.046
		17  0	-11.061
		18  0	2.579
		19  1	-4.414
		20  1	-2.049
		21  0	4.496
		22  0	9.123
		23  0	1.411
		24  1	5.896

node  6		 link	 weight	 bias -31.295
		1  0	11.588
		2  1	1.251
		3  1	-10.676
		4  0	6.464
		5  0	-2.261
		6  0	-3.685
		7  0	-4.464
		8  1	-8.321
		9  1	-5.199
		10  0	-0.567999
		15  1	-9.596
		16  1	-0.614
		17  1	-7.133
		18  0	-0.596
		19  1	-12.662
		20  0	-3.983
		21  0	5.823
		22  1	-4.65
		23  1	4.519
		24  1	4.396

node  7		 link	 weight	 bias 35.69
		1  1	-2.08
		2  1	10.73
		3  0	-2.174
		4  1	-2.57
		5  1	-0.955
		6  1	-3.516
		7  0	2.933
		8  0	2.528
		9  1	-5.093
		10  0	-1.918
		15  0	-2.891
		16  0	0.0389998
		17  0	5.5
		18  0	0.102
		19  1	-1.009
		20  1	3.911
		21  0	1.758
		22  1	-1.926
		23  1	-7.598
		24  0	10.555

node  8		 link	 weight	 bias 9.815
		1  1	7.372
		2  0	-5.217
		3  1	-0.494001
		4  0	-4.534
		5  1	4.198
		6  1	-5.257
		7  1	3.042
		8  0	-6.025
		9  1	3.666
		10  1	-1.011
		15  0	4.631
		16  1	-0.452
		17  1	-10.545
		18  1	4.978
		19  1	-4.109
		20  1	8.306
		21  0	-5.783
		22  1	-2.284
		23  1	4.155
		24  0	-5.161

node  9		 link	 weight	 bias -29.584
		1  1	-9.007
		2  1	0.376001
		3  0	1.001
		4  0	-3.207
		5  0	1.015
		6  1	-8.643
		7  0	2.674
		8  0	-8.187
		9  0	1.827
		10  1	-2.483
		15  0	2.922
		16  1	9.519
		17  1	1.849
		18  0	6.904
		19  0	-9.927
		20  1	-9.549
		21  0	1.459
		22  1	-1.879
		23  1	-7.53
		24  1	3.683

node  10		 link	 weight	 bias -87.623
		1  1	9.402
		2  1	0.0730001
		3  0	-5.95
		4  1	-4.729
		5  1	-0.66
		6  0	2.327
		7  1	7.096
		8  0	-5.612
		9  0	-1.671
		10  1	2.812
		15  0	12.194
		16  1	0.719999
		17  1	2.165
		18  1	-9.815
		19  1	5.197
		20  1	-2.542
		21  0	-0.333999
		22  0	-5.034
		23  1	-3.97
		24  1	-14.364


 Layer 4

node  1		 link	 weight	 bias -24.492
		1  0	-6.87
		2  1	-5.87
		3  1	4.695
		4  1	4.142
		5  0	-4.432
		6  0	2.301
		7  1	1.004
		8  1	4.517
		9  0	-0.338
		10  0	5.125
		15  0	3.347
		16  1	-1.702
		17  1	-1.575
		18  0	4.44
		19  0	2.531
		20  1	-1.991
		21  0	-8.894
		22  1	-4.295
		23  1	-6.402
		24  0	-1.215
		25  0	6.528
		26  1	-1.635
		27  1	-5.324
		28  1	-7.37
		29  1	-11.963
		30  1	-7.292
		31  0	-2.03
		32  0	2.468
		33  1	-1.012
		34  1	12.399

node  2		 link	 weight	 bias -65.32
		1  0	-4.946
		2  1	2.636
		3  1	4.65
		4  0	0.916
		5  0	-8.14
		6  1	-0.588
		7  0	3.046
		8  1	-10.418
		9  1	-3.966
		10  1	-4.359
		15  1	1.354
		16  0	-1.115
		17  1	-3.411
		18  1	-8.938
		19  0	0.734
		20  0	-1.34
		21  0	-6.516
		22  1	-6.942
		23  1	-0.646
		24  1	7.134
		25  0	2.127
		26  0	0.163
		27  0	-7.11
		28  0	-0.634
		29  0	4.909
		30  1	3.527
		31  1	2.942
		32  0	-6.521
		33  0	0.514
		34  1	-5.45

node  3		 link	 weight	 bias -19.787
		1  1	-16.333
		2  1	-4.647
		3  0	-3.143
		4  1	-7.95
		5  0	4.898
		6  0	-0.749
		7  1	-4.076
		8  0	3
		9  0	-8.3
		10  0	10.965
		15  1	2.102
		16  1	-0.866
		17  1	4.595
		18  0	1.414
		19  0	-4.921
		20  1	1.083
		21  1	-4.213
		22  1	-3.72
		23  1	0.193
		24  1	2.538
		25  1	-0.468
		26  1	-3.457
		27  0	-11.099
		28  1	-4.934
		29  1	-2.469
		30  1	-6.687
		31  1	-4.178
		32  0	-8.319
		33  1	-3.939
		34  0	-2.341

node  4		 link	 weight	 bias -53.994
		1  1	-5.402
		2  1	1.777
		3  1	-5.267
		4  1	0.941
		5  1	10.324
		6  0	6.502
		7  1	0.0319996
		8  1	-0.263
		9  0	-3.857
		10  0	-1.487
		15  0	-2.903
		16  0	2.41
		17  1	-2.599
		18  1	2.109
		19  1	-11.774
		20  0	-5.382
		21  0	-4.776
		22  1	-8.362
		23  0	-3.747
		24  0	2.737
		25  1	1.946
		26  1	-1.232
		27  0	-0.392
		28  1	2.625
		29  1	7.439
		30  0	-4.894
		31  1	-2.804
		32  0	9.584
		33  0	-4.439
		34  0	-4.128

node  5		 link	 weight	 bias -95.127
		1  1	1.147
		2  1	8.155
		3  0	-7.688
		4  0	0.131999
		5  1	0.727999
		6  1	6.346
		7  1	-10.744
		8  0	-1.128
		9  1	-8.784
		10  1	-4.651
		15  0	-10.877
		16  1	-5.443
		17  0	1.306
		18  1	4.629
		19  0	3.926
		20  1	-2.03
		21  0	-2.413
		22  1	-3.637
		23  1	-1.032
		24  1	-6.112
		25  0	-6.869
		26  1	-6.769
		27  0	-2.405
		28  0	0.562
		29  1	3.07
		30  0	-0.258
		31  0	1.488
		32  0	8.23
		33  0	1.548
		34  1	1.004

node  6		 link	 weight	 bias -15.862
		1  0	5.267
		2  1	4.131
		3  0	5.867
		4  1	-10.201
		5  1	-2.848
		6  0	9.404
		7  0	-4.242
		8  0	1.291
		9  1	-1.673
		10  0	-5.91
		15  0	-1.472
		16  1	-2.041
		17  0	1.39
		18  0	6.177
		19  0	-9.193
		20  1	0.312
		21  1	1.262
		22  0	-11.885
		23  0	4.659
		24  0	-4.512
		25  1	-14.602
		26  0	-2.4
		27  0	-2.533
		28  0	-8.598
		29  1	0.0259999
		30  1	-3.016
		31  1	-3.657
		32  1	-1.549
		33  1	-4.913
		34  0	-1.658

node  7		 link	 weight	 bias -82.654
		1  1	-4.948
		2  0	5.162
		3  0	6.198
		4  1	3.445
		5  1	2.116
		6  1	10.383
		7  0	-6.05
		8  1	10.149
		9  1	7.779
		10  0	-3.596
		15  0	-2.993
		16  1	-9.434
		17  1	-1.65
		18  0	1.187
		19  0	7.132
		20  0	-5.188
		21  1	-7.565
		22  0	-8.08
		23  1	-0.0789998
		24  1	-3.922
		25  0	-2.113
		26  0	-0.275
		27  1	9.478
		28  1	-13.73
		29  1	3.505
		30  1	0.862
		31  1	-3.545
		32  0	-0.978
		33  0	-10.11
		34  0	-1.281

node  8		 link	 weight	 bias -19.528
		1  1	-3.413
		2  1	5.276
		3  0	-8.497
		4  1	-4.207
		5  0	-10.052
		6  0	2.922
		7  0	3.055
		8  1	1.592
		9  1	14.684
		10  1	-0.412
		15  0	-3.251
		16  1	-0.0909998
		17  1	-0.983
		18  0	3.576
		19  1	6.06
		20  1	-9.469
		21  1	-3.843
		22  1	-2.205
		23  1	-5.925
		24  1	-1.791
		25  1	-3.056
		26  0	-7.443
		27  1	2.233
		28  1	-12.355
		29  0	-12.871
		30  1	-10.152
		31  1	0.79
		32  1	11.613
		33  1	4.884
		34  0	-2.515

node  9		 link	 weight	 bias -60.226
		1  0	-8.083
		2  1	0.297
		3  0	-0.465
		4  1	-0.0559999
		5  0	-4.477
		6  0	-4.125
		7  1	-6.639
		8  1	-2.149
		9  1	-5.438
		10  1	0.608
		15  1	-5.776
		16  0	-3.341
		17  0	-7.558
		18  1	1.719
		19  0	-1.323
		20  0	3.03
		21  0	4.67
		22  0	-6.97
		23  0	-1.305
		24  1	0.475
		25  0	4.47
		26  0	-0.284
		27  0	-4.72
		28  0	-7.72
		29  0	1.143
		30  1	-2.18
		31  1	-0.0319999
		32  0	-4.686
		33  1	-2.742
		34  0	1.046

node  10		 link	 weight	 bias -52.516
		1  1	-8.959
		2  0	-0.148
		3  1	-6.108
		4  0	-4.747
		5  0	-7.834
		6  0	1.57
		7  0	-0.584
		8  0	8.21
		9  0	-0.916999
		10  0	1.519
		15  1	4.128
		16  0	5.812
		17  0	5.691
		18  0	2.837
		19  0	6.686
		20  1	-5.535
		21  0	-3.288
		22  0	-2.253
		23  1	-3.978
		24  1	-4.788
		25  0	4.228
		26  0	-4.303
		27  1	-1.88
		28  0	2.222
		29  1	2.957
		30  0	-1.783
		31  0	-1.69
		32  0	-12.573
		33  0	1.023
		34  0	2.21


 Layer 5

node  1		 link	 weight	 bias -2.456
		1  0	5.534
		2  1	0.02
		3  0	-1.194
		4  0	7.416
		5  0	-1.549
		6  0	-0.987
		7  1	-2.621
		8  0	1.694
		9  0	-7.088
		10  0	-15.261
		15  0	0.331
		16  0	-9.406
		17  0	4.036
		18  0	9.567
		19  0	3.748
		20  0	-9.078
		21  0	-2.359
		22  0	2.346
		23  0	-1.197
		24  0	-0.364999
		25  0	19.381
		26  0	-2.804
		27  1	-2.063
		28  0	-9.485
		29  0	0.542
		30  0	-0.842
		31  0	1.14
		32  0	2.956
		33  0	0.418
		34  0	-4.652
		35  0	4.364
		36  0	-2.485
		37  0	-3.449
		38  0	-0.297
		39  0	-5.874
		40  0	-3.393
		41  0	-5.814
		42  1	-0.00699997
		43  0	-3.066
		44  0	-5.089

node  2		 link	 weight	 bias -3.327
		1  0	2.2
		2  0	-2.329
		3  0	2.801
		4  0	-13.518
		5  0	-14.064
		6  0	-6.525
		7  0	-6.063
		8  0	0.398
		9  0	8.435
		10  0	2.826
		15  0	0.965
		16  1	-2.189
		17  0	-8.642
		18  0	-3.232
		19  0	0.515
		20  0	0.112
		21  0	-2.831
		22  0	5.991
		23  1	0.59
		24  0	-2.777
		25  0	-1.493
		26  0	-1.151
		27  0	6.081
		28  0	-3.825
		29  0	-6.303
		30  0	-2.046
		31  0	10.971
		32  0	1.534
		33  0	-0.315
		34  0	-10.695
		35  0	-1.509
		36  0	3.133
		37  0	-5.375
		38  0	-7.069
		39  0	1.31
		40  0	11.296
		41  0	-1.83
		42  0	-15.663
		43  0	-2.583
		44  0	4.307

node  3		 link	 weight	 bias 0.449001
		1  0	-6.071
		2  1	-0.429
		3  0	2.441
		4  0	11.379
		5  0	4.124
		6  0	2.6
		7  0	-4.477
		8  1	2.224
		9  0	1.807
		10  0	3.569
		15  0	-8.678
		16  0	-1.105
		17  0	-1.698
		18  0	6.664
		19  0	6.662
		20  1	-0.000999928
		21  0	3.647
		22  0	-4.353
		23  0	-6.28
		24  0	-4.542
		25  0	-11.728
		26  0	-0.649
		27  0	-4.367
		28  0	-0.0580001
		29  0	2.56
		30  0	-5.964
		31  0	7.446
		32  0	-9.474
		33  0	10.887
		34  0	2.416
		35  0	13.113
		36  0	-0.587
		37  0	-3.245
		38  0	-4.831
		39  0	-5.042
		40  1	-0.0569999
		41  0	-4.332
		42  0	-13.748
		43  0	-9.662
		44  0	-0.314

node  4		 link	 weight	 bias 1.982
		1  0	-4.041
		2  0	-3.402
		3  0	1.051
		4  1	2.815
		5  0	-4.03
		6  1	0.769
		7  0	-6.148
		8  0	-1.535
		9  0	2.327
		10  0	-0.611
		15  0	-1.799
		16  0	-7.378
		17  0	-2.483
		18  0	0.555
		19  1	0.036
		20  0	0.553
		21  0	14.953
		22  0	4.457
		23  0	2.863
		24  1	0.04
		25  1	0.163
		26  0	-3.922
		27  0	-1.058
		28  0	-0.794
		29  0	-3.636
		30  0	-1.342
		31  0	-15.174
		32  0	6.766
		33  0	0.922
		34  0	1.537
		35  0	-0.22
		36  0	-4.073
		37  0	-3.1
		38  0	1.04
		39  0	-8.216
		40  0	-1.451
		41  0	6.438
		42  0	-4.107
		43  0	3.466
		44  0	-1.398
