
======================================================
Score	0
Z	-243.179
alpha	-1.642
betta	-0.0302002
gamma	-1.16252
Vx	-14.4097
Vy	6
Vz	3
engIng	1
cFuel	0
tfuel	0
======================================================

Initial Parametrs
rOa	{ 48 ; 9 ; -244 }

V	{ 14 ; 6 ; 3 }

w	{ -0.5 ; 0.05 ; -0.37 }

alpha	-0.194
betta	-0.175
gamma	-0.091
======================================================

 Layer 2

node  1		 link	 weight	 bias 0
		1  0	0
		2  0	0
		3  0	0
		4  0	0
		5  0	0
		6  0	0
		7  0	0
		8  0	0
		9  0	0
		10  0	0

node  2		 link	 weight	 bias 0
		1  0	0
		2  0	0
		3  0	0
		4  0	0
		5  0	0
		6  0	0
		7  0	0
		8  0	0
		9  0	0
		10  0	0

node  3		 link	 weight	 bias 0
		1  0	0
		2  0	0
		3  0	0
		4  0	0
		5  0	0
		6  0	0
		7  0	0
		8  0	0
		9  0	0
		10  0	0

node  4		 link	 weight	 bias 0
		1  0	0
		2  0	0
		3  0	0
		4  0	0
		5  0	0
		6  0	0
		7  0	0
		8  0	0
		9  0	0
		10  0	0

node  5		 link	 weight	 bias 0
		1  0	0
		2  0	0
		3  0	0
		4  0	0
		5  0	0
		6  0	0
		7  0	0
		8  0	0
		9  0	0
		10  0	0

node  6		 link	 weight	 bias 0
		1  0	0
		2  0	0
		3  0	0
		4  0	0
		5  0	0
		6  0	0
		7  0	0
		8  0	0
		9  0	0
		10  0	0

node  7		 link	 weight	 bias 0
		1  0	0
		2  0	0
		3  0	0
		4  0	0
		5  0	0
		6  0	0
		7  0	0
		8  0	0
		9  0	0
		10  0	0

node  8		 link	 weight	 bias 0
		1  0	0
		2  0	0
		3  0	0
		4  0	0
		5  0	0
		6  0	0
		7  0	0
		8  0	0
		9  0	0
		10  0	0

node  9		 link	 weight	 bias 0
		1  0	0
		2  0	0
		3  0	0
		4  0	0
		5  0	0
		6  0	0
		7  0	0
		8  0	0
		9  0	0
		10  0	0

node  10		 link	 weight	 bias 0
		1  0	0
		2  0	0
		3  0	0
		4  0	0
		5  0	0
		6  0	0
		7  0	0
		8  0	0
		9  0	0
		10  0	0


 Layer 3

node  1		 link	 weight	 bias 0
		1  0	0
		2  0	0
		3  0	0
		4  0	0
		5  0	0
		6  0	0
		7  0	0
		8  0	0
		9  0	0
		10  0	0
		15  0	0
		16  0	0
		17  0	0
		18  0	0
		19  0	0
		20  0	0
		21  0	0
		22  0	0
		23  0	0
		24  0	0

node  2		 link	 weight	 bias 0
		1  0	0
		2  0	0
		3  0	0
		4  0	0
		5  0	0
		6  0	0
		7  0	0
		8  0	0
		9  0	0
		10  0	0
		15  0	0
		16  0	0
		17  0	0
		18  0	0
		19  0	0
		20  0	0
		21  0	0
		22  0	0
		23  0	0
		24  0	0

node  3		 link	 weight	 bias 0
		1  0	0
		2  0	0
		3  0	0
		4  0	0
		5  0	0
		6  0	0
		7  0	0
		8  0	0
		9  0	0
		10  0	0
		15  0	0
		16  0	0
		17  0	0
		18  0	0
		19  0	0
		20  0	0
		21  0	0
		22  0	0
		23  0	0
		24  0	0

node  4		 link	 weight	 bias 0
		1  0	0
		2  0	0
		3  0	0
		4  0	0
		5  0	0
		6  0	0
		7  0	0
		8  0	0
		9  0	0
		10  0	0
		15  0	0
		16  0	0
		17  0	0
		18  0	0
		19  0	0
		20  0	0
		21  0	0
		22  0	0
		23  0	0
		24  0	0

node  5		 link	 weight	 bias 0
		1  0	0
		2  0	0
		3  0	0
		4  0	0
		5  0	0
		6  0	0
		7  0	0
		8  0	0
		9  0	0
		10  0	0
		15  0	0
		16  0	0
		17  0	0
		18  0	0
		19  0	0
		20  0	0
		21  0	0
		22  0	0
		23  0	0
		24  0	0

node  6		 link	 weight	 bias 0
		1  0	0
		2  0	0
		3  0	0
		4  0	0
		5  0	0
		6  0	0
		7  0	0
		8  0	0
		9  0	0
		10  0	0
		15  0	0
		16  0	0
		17  0	0
		18  0	0
		19  0	0
		20  0	0
		21  0	0
		22  0	0
		23  0	0
		24  0	0

node  7		 link	 weight	 bias 0
		1  0	0
		2  0	0
		3  0	0
		4  0	0
		5  0	0
		6  0	0
		7  0	0
		8  0	0
		9  0	0
		10  0	0
		15  0	0
		16  0	0
		17  0	0
		18  0	0
		19  0	0
		20  0	0
		21  0	0
		22  0	0
		23  0	0
		24  0	0

node  8		 link	 weight	 bias 0
		1  0	0
		2  0	0
		3  0	0
		4  0	0
		5  0	0
		6  0	0
		7  0	0
		8  0	0
		9  0	0
		10  0	0
		15  0	0
		16  0	0
		17  0	0
		18  0	0
		19  0	0
		20  0	0
		21  0	0
		22  0	0
		23  0	0
		24  0	0

node  9		 link	 weight	 bias 0
		1  0	0
		2  0	0
		3  0	0
		4  0	0
		5  0	0
		6  0	0
		7  0	0
		8  0	0
		9  0	0
		10  0	0
		15  0	0
		16  0	0
		17  0	0
		18  0	0
		19  0	0
		20  0	0
		21  0	0
		22  0	0
		23  0	0
		24  0	0

node  10		 link	 weight	 bias 0
		1  0	0
		2  0	0
		3  0	0
		4  0	0
		5  0	0
		6  0	0
		7  0	0
		8  0	0
		9  0	0
		10  0	0
		15  0	0
		16  0	0
		17  0	0
		18  0	0
		19  0	0
		20  0	0
		21  0	0
		22  0	0
		23  0	0
		24  0	0


 Layer 4

node  1		 link	 weight	 bias 0
		1  0	0
		2  0	0
		3  0	0
		4  0	0
		5  0	0
		6  0	0
		7  0	0
		8  0	0
		9  0	0
		10  0	0
		15  0	0
		16  0	0
		17  0	0
		18  0	0
		19  0	0
		20  0	0
		21  0	0
		22  0	0
		23  0	0
		24  0	0
		25  0	0
		26  0	0
		27  0	0
		28  0	0
		29  0	0
		30  0	0
		31  0	0
		32  0	0
		33  0	0
		34  0	0

node  2		 link	 weight	 bias 0
		1  0	0
		2  0	0
		3  0	0
		4  0	0
		5  0	0
		6  0	0
		7  0	0
		8  0	0
		9  0	0
		10  0	0
		15  0	0
		16  0	0
		17  0	0
		18  0	0
		19  0	0
		20  0	0
		21  0	0
		22  0	0
		23  0	0
		24  0	0
		25  0	0
		26  0	0
		27  0	0
		28  0	0
		29  0	0
		30  0	0
		31  0	0
		32  0	0
		33  0	0
		34  0	0

node  3		 link	 weight	 bias 0
		1  0	0
		2  0	0
		3  0	0
		4  0	0
		5  0	0
		6  0	0
		7  0	0
		8  0	0
		9  0	0
		10  0	0
		15  0	0
		16  0	0
		17  0	0
		18  0	0
		19  0	0
		20  0	0
		21  0	0
		22  0	0
		23  0	0
		24  0	0
		25  0	0
		26  0	0
		27  0	0
		28  0	0
		29  0	0
		30  0	0
		31  0	0
		32  0	0
		33  0	0
		34  0	0

node  4		 link	 weight	 bias 0
		1  0	0
		2  0	0
		3  0	0
		4  0	0
		5  0	0
		6  0	0
		7  0	0
		8  0	0
		9  0	0
		10  0	0
		15  0	0
		16  0	0
		17  0	0
		18  0	0
		19  0	0
		20  0	0
		21  0	0
		22  0	0
		23  0	0
		24  0	0
		25  0	0
		26  0	0
		27  0	0
		28  0	0
		29  0	0
		30  0	0
		31  0	0
		32  0	0
		33  0	0
		34  0	0
