
======================================================
Score	3.66433e+06
Z	-227.613
alpha	-1.42028
betta	5.37108
gamma	-0.314019
Vx	-7.32169
Vy	9.82242
Vz	0.517912
engIng	0
cFuel	112
tfuel	94.1327
======================================================

Initial Parametrs
rOa	{ 17 ; 5 ; -214 }

V	{ 12 ; 19.68 ; 19.66 }

w	{ -0.4975 ; -0.4946 ; -0.4983 }

alpha	-0.34603
betta	-0.34914
gamma	-0.34968
======================================================

 Layer 2

node  1		 link	 weight	 bias -23.445
		1  1	-2.392
		2  0	0
		3  1	-4.353
		4  0	0.434
		5  0	3.915
		6  1	3.489
		7  0	0.422
		8  1	-3.147
		9  0	0
		10  0	-1.486

node  2		 link	 weight	 bias -3.526
		1  1	0
		2  0	1.236
		3  0	2.573
		4  0	-1.176
		5  0	-1.631
		6  1	0.483
		7  0	0.573
		8  1	0
		9  1	0
		10  0	1.56

node  3		 link	 weight	 bias -0.104
		1  0	0.532
		2  0	-2.845
		3  0	1.13
		4  0	-0.000999928
		5  0	0.168
		6  0	-2.334
		7  1	0.598
		8  1	-0.794
		9  0	0.468
		10  1	0

node  4		 link	 weight	 bias -23.77
		1  1	-0.871
		2  0	0
		3  0	0
		4  0	-1.308
		5  1	2.456
		6  1	5.838
		7  1	-2.372
		8  1	0
		9  0	0
		10  0	0

node  5		 link	 weight	 bias 1.714
		1  0	0.298
		2  1	0
		3  0	0.883
		4  1	3.309
		5  0	0.865
		6  0	0.033
		7  0	-2.844
		8  1	2.212
		9  0	-2.045
		10  0	2.323


 Layer 3

node  1		 link	 weight	 bias -4.164
		1  0	-2.641
		2  0	-2.706
		3  1	0.96
		4  0	-0.476
		5  0	0.221
		6  1	-3.072
		7  0	2.225
		8  0	-2.191
		9  1	-2.068
		10  1	0
		15  1	-3.533
		16  1	-2.003
		17  1	-1.923
		18  1	-0.548
		19  0	-1.098

node  2		 link	 weight	 bias -11.006
		1  0	2.037
		2  0	0.974
		3  0	1.67
		4  1	-2.515
		5  1	1.444
		6  0	-2.597
		7  0	-2.28
		8  0	0.75
		9  1	2.245
		10  0	0
		15  0	1.19
		16  0	-2.255
		17  1	0
		18  1	-3.252
		19  1	-0.611

node  3		 link	 weight	 bias -1.959
		1  0	0
		2  1	-0.635
		3  1	-0.299
		4  1	2.347
		5  1	0.807
		6  0	-2.163
		7  1	-4.665
		8  0	1.201
		9  1	-2.751
		10  0	0
		15  0	-0.907
		16  1	-0.283
		17  0	0.748
		18  1	1.006
		19  0	0

node  4		 link	 weight	 bias -24.843
		1  1	0
		2  1	-0.339
		3  0	-1.895
		4  1	-1.211
		5  1	2.278
		6  1	-1.512
		7  1	2.901
		8  1	2.887
		9  0	4.433
		10  0	-0.615
		15  0	-4.047
		16  0	-1.704
		17  1	-2.05
		18  0	0
		19  0	2.024

node  5		 link	 weight	 bias -0.310002
		1  1	0
		2  1	1.731
		3  0	1.185
		4  1	-1.497
		5  0	-1.416
		6  0	0
		7  0	-1.07
		8  1	-1.873
		9  0	-2.275
		10  0	-2.131
		15  1	0.637
		16  0	1.232
		17  0	-2.457
		18  0	-4.585
		19  0	0


 Layer 4

node  1		 link	 weight	 bias 15.993
		1  1	0
		2  0	-0.156
		3  1	0.387
		4  0	-1.282
		5  0	0
		6  0	-0.986
		7  1	0.164
		8  0	-0.557
		9  0	0
		10  0	-2.327
		15  0	1.583
		16  1	-2.167
		17  0	-0.807
		18  1	-1.458
		19  0	-1.351
		20  0	2.732
		21  1	-2.068
		22  0	0
		23  0	0
		24  1	-0.38

node  2		 link	 weight	 bias -0.758
		1  0	1.801
		2  0	0
		3  1	0
		4  0	-0.816
		5  0	-0.0319999
		6  1	-0.96
		7  0	1.276
		8  0	1.848
		9  0	-3.317
		10  1	0
		15  0	0.153
		16  0	0
		17  0	-3.225
		18  0	-2.957
		19  0	0
		20  0	0.723
		21  1	0
		22  0	0
		23  0	-2.455
		24  0	0

node  3		 link	 weight	 bias -15.223
		1  0	1.31
		2  0	0
		3  0	-1.266
		4  1	-1.426
		5  1	0
		6  0	-1.957
		7  1	0.942
		8  0	0
		9  0	0
		10  0	-0.74
		15  0	0.86
		16  1	0
		17  0	0
		18  1	0
		19  1	0.102
		20  0	-1.97
		21  0	-1.923
		22  0	-2.043
		23  1	1.797
		24  0	-0.108

node  4		 link	 weight	 bias 4.167
		1  0	0.175
		2  0	0
		3  0	0
		4  1	0
		5  0	-2.001
		6  0	-6.649
		7  0	-0.0409999
		8  1	-0.527
		9  0	1.408
		10  0	-1.436
		15  0	4.037
		16  1	3.239
		17  0	-0.707
		18  0	4.773
		19  0	-5.449
		20  0	-2.416
		21  0	-3.67
		22  0	1.231
		23  0	-0.958
		24  1	0

node  5		 link	 weight	 bias -5.88
		1  0	1.019
		2  0	0
		3  1	0
		4  0	-1.859
		5  0	-0.638
		6  1	-2.06
		7  1	4.449
		8  0	-0.982
		9  0	1.703
		10  1	0
		15  1	-6.455
		16  0	2.079
		17  0	-5.156
		18  0	0
		19  1	0.0569999
		20  0	-0.433
		21  0	2.815
		22  0	3.819
		23  1	1.855
		24  0	0.481


 Layer 5

node  1		 link	 weight	 bias 15.018
		1  0	-0.808
		2  1	1.794
		3  1	0.208
		4  1	-2.425
		5  1	0
		6  0	0
		7  1	-0.822
		8  1	-1.518
		9  1	0
		10  0	-1.408
		15  1	0.71
		16  0	0.916
		17  0	0
		18  0	1.779
		19  0	-0.306
		20  1	2.395
		21  0	0
		22  0	1.456
		23  0	-0.613
		24  0	-1.962
		25  0	-1.796
		26  0	2.002
		27  0	0.814
		28  0	0
		29  0	-3.41

node  2		 link	 weight	 bias -0.732999
		1  0	0
		2  1	0.059
		3  0	-1.425
		4  0	-2.343
		5  1	-1.436
		6  0	1.74
		7  0	-2.233
		8  1	0.622
		9  1	2.468
		10  1	-0.889
		15  1	-0.895
		16  1	1.979
		17  0	0.246
		18  0	-2.546
		19  1	1.361
		20  0	0
		21  0	-1.124
		22  0	0
		23  1	0
		24  0	0
		25  1	-0.226
		26  1	-2.463
		27  0	0.292
		28  0	0.0150001
		29  1	0

node  3		 link	 weight	 bias -21.694
		1  1	4.73
		2  1	-4.949
		3  0	-0.958
		4  0	-0.0210001
		5  0	2.788
		6  0	-2.516
		7  1	-1.949
		8  0	0.642
		9  0	-0.0439999
		10  1	0.872
		15  1	-2.746
		16  0	2.272
		17  1	-2.752
		18  1	2.046
		19  1	-1.48
		20  0	1.404
		21  1	0
		22  0	1.558
		23  1	0.812
		24  1	1.176
		25  0	1.108
		26  0	0.843
		27  0	0
		28  0	-2.202
		29  0	0

node  4		 link	 weight	 bias -5.47
		1  1	0
		2  0	-0.106
		3  0	2.13
		4  0	0.244
		5  1	-1.19
		6  0	0.901
		7  0	-3.382
		8  0	1.881
		9  1	1.498
		10  1	1.653
		15  1	1.207
		16  0	0
		17  0	1.112
		18  0	0
		19  0	-0.482
		20  0	2.67
		21  1	-2.436
		22  1	-1.52
		23  0	-1.938
		24  0	0
		25  1	1.794
		26  1	0.381
		27  0	0
		28  1	1.072
		29  0	-2.181

node  5		 link	 weight	 bias -7.596
		1  1	-1.897
		2  1	-5.289
		3  1	-2.443
		4  1	0
		5  0	0
		6  0	0
		7  0	0.906
		8  1	0
		9  0	-1.484
		10  0	-3.899
		15  0	0.426
		16  0	0
		17  0	0.592
		18  1	2.593
		19  0	2.266
		20  1	1.646
		21  1	3.692
		22  0	0.085
		23  1	2.388
		24  0	-0.114
		25  0	0.56
		26  0	1.399
		27  1	-0.478
		28  1	-1.37
		29  0	0


 Layer 6

node  1		 link	 weight	 bias -1.903
		1  0	-3.206
		2  1	-2.286
		3  1	0
		4  1	-2.441
		5  1	0.435
		6  1	-2.194
		7  1	0
		8  0	-1.196
		9  0	0.283
		10  1	-2.443
		15  1	-0.788
		16  1	1.284
		17  0	-0.129
		18  1	0
		19  1	-2.34
		20  1	-0.573
		21  1	-3.038
		22  0	-0.756
		23  0	0
		24  0	-0.778
		25  0	1.624
		26  0	1.955
		27  0	-1.186
		28  1	-0.862
		29  1	-5.611
		30  0	-1.563
		31  0	1
		32  0	-0.466
		33  0	0
		34  0	-1.345

node  2		 link	 weight	 bias -18.404
		1  0	0.119
		2  0	-1.604
		3  0	0.158
		4  1	0.828
		5  1	3.175
		6  1	-1.599
		7  1	-2.745
		8  0	0
		9  0	0.545
		10  0	1.447
		15  0	-2.695
		16  1	0
		17  1	2.722
		18  0	1.192
		19  0	-1.359
		20  1	1.085
		21  0	0
		22  0	0.972
		23  1	-1.769
		24  1	-7.304
		25  1	1.149
		26  0	-1.041
		27  1	-0.817
		28  0	3.165
		29  0	-3.879
		30  1	-0.168
		31  0	-2.618
		32  0	1.369
		33  0	-0.053
		34  0	1.04

node  3		 link	 weight	 bias -1.405
		1  1	0
		2  0	2.097
		3  1	-0.33
		4  0	1.996
		5  1	0
		6  0	3.974
		7  1	-0.158
		8  1	0
		9  0	-1.249
		10  0	-1.947
		15  0	2.473
		16  1	0.534
		17  1	-2.659
		18  1	3.113
		19  0	-0.721
		20  1	-2.299
		21  0	0
		22  0	0
		23  0	0
		24  0	0.785
		25  0	0
		26  0	1.682
		27  1	0
		28  1	-1.588
		29  0	0.653
		30  0	-1.135
		31  0	-3.441
		32  0	1.168
		33  1	0
		34  1	1.253

node  4		 link	 weight	 bias -3.472
		1  0	0
		2  0	-2.007
		3  0	-3.247
		4  0	-0.896
		5  1	0
		6  1	2.839
		7  0	0.607
		8  1	0
		9  0	-0.489
		10  0	0.0910003
		15  0	-1.978
		16  1	0
		17  1	-2.944
		18  0	-0.5
		19  0	0
		20  1	1.958
		21  0	1.895
		22  1	-0.976
		23  0	-0.665
		24  0	-0.678
		25  0	0.0249999
		26  0	0.803
		27  1	0
		28  1	0
		29  0	1.54
		30  1	0
		31  0	0
		32  0	-0.795
		33  0	1.196
		34  0	2.21

node  5		 link	 weight	 bias -24.156
		1  1	-0.783
		2  1	0
		3  0	-3.706
		4  1	0.217
		5  0	-1.204
		6  0	0
		7  0	0
		8  0	-0.453
		9  0	0.101
		10  0	3.161
		15  0	2.639
		16  0	0
		17  1	0
		18  1	1.82
		19  0	3.556
		20  0	2.158
		21  1	-0.254
		22  0	0.807
		23  1	0
		24  0	-0.318
		25  0	-0.195
		26  1	-1.868
		27  0	0
		28  1	1.917
		29  1	4.311
		30  1	2.414
		31  0	-1.777
		32  0	1.521
		33  0	0
		34  1	0.358


 Layer 7

node  1		 link	 weight	 bias -0.0590001
		1  0	3.426
		2  0	-3.631
		3  0	-0.146
		4  1	2.199
		5  0	-0.698
		6  0	-1.312
		7  1	-2.021
		8  0	0
		9  0	-0.399
		10  0	-1.468
		15  0	-1.904
		16  0	-1.398
		17  1	0.0569999
		18  0	0
		19  0	-0.05
		20  1	0.481
		21  1	0
		22  1	0
		23  1	0
		24  0	0
		25  1	0
		26  1	0
		27  0	1.473
		28  1	0
		29  0	0
		30  0	-3.683
		31  0	0.193
		32  1	0
		33  0	-0.35
		34  0	-1.699
		35  0	-2.024
		36  0	0
		37  1	0
		38  1	1.962
		39  0	-2.816

node  2		 link	 weight	 bias -0.602
		1  1	0
		2  0	-6.762
		3  0	1.693
		4  0	1.238
		5  0	-0.87
		6  0	-0.805
		7  1	0.947
		8  1	0
		9  0	-0.492
		10  1	0
		15  0	-0.505
		16  0	1.408
		17  1	0
		18  0	-0.0309999
		19  1	0
		20  0	-2.083
		21  0	2.702
		22  0	0
		23  0	0.896
		24  0	-1.049
		25  0	-5.04
		26  0	-0.739
		27  0	1.785
		28  0	-1.2
		29  1	0
		30  0	0
		31  0	1.928
		32  0	3.485
		33  0	0.299
		34  1	0
		35  0	0
		36  0	-2.295
		37  0	-6.425
		38  0	-0.878
		39  0	0.751

node  3		 link	 weight	 bias -0.65
		1  0	-1.724
		2  0	2.119
		3  0	1.793
		4  1	0
		5  0	1.802
		6  0	0
		7  0	-0.394
		8  0	-0.599
		9  0	0
		10  0	-3.421
		15  1	0
		16  0	0.267
		17  0	-0.301
		18  0	-0.057
		19  0	-1.561
		20  0	0
		21  0	-1.309
		22  0	-0.661
		23  0	-2.49
		24  0	0
		25  0	2.201
		26  1	0
		27  1	0
		28  1	-2.396
		29  0	-1.351
		30  0	-2.36
		31  0	1.163
		32  0	0
		33  0	-2.393
		34  1	0
		35  0	0
		36  0	-1.219
		37  0	0
		38  1	0
		39  1	0

node  4		 link	 weight	 bias -2.191
		1  1	0
		2  0	0
		3  0	0
		4  0	-1.901
		5  0	0
		6  0	-0.082
		7  0	2.289
		8  0	2.66
		9  1	0
		10  0	-1.952
		15  1	-0.0109999
		16  0	-1.651
		17  0	-0.331
		18  1	0
		19  0	0.359
		20  0	-2.24
		21  1	0
		22  0	-1.48
		23  0	-0.677
		24  0	-0.611
		25  0	0
		26  1	-2.14
		27  0	-2.155
		28  0	0.986
		29  1	0
		30  0	0.112
		31  0	1.994
		32  0	2.448
		33  0	-0.92
		34  0	0.506
		35  0	-2.009
		36  0	-1.086
		37  1	0
		38  0	-0.1
		39  1	0
