
======================================================
Score	5.26301e+14
Z	0.00273212
alpha	-1.79812
betta	-0.0784559
gamma	-0.0504153
Vx	-0.174431
Vy	-0.0215368
Vz	-0.030162
engIng	0
cFuel	92
tfuel	193.276
======================================================

Initial Parametrs
rOa	{ 143 ; 194 ; -59 }

V	{ 11 ; 0 ; 5 }

w	{ -0.29 ; -0.37 ; 0.19 }

alpha	0.131
betta	0.077
gamma	-0.302
======================================================

 Layer 2

node  1		 link	 weight	 bias -0.196
		1  0	1.212
		2  0	-3.585
		3  0	3.1
		4  1	0
		5  1	-2.404
		6  0	5.879
		7  0	-8.56
		8  0	-1.346
		9  0	1.767
		10  0	-3.264

node  2		 link	 weight	 bias -1.394
		1  0	-1.154
		2  0	-0.314
		3  1	-1.638
		4  0	-1.914
		5  1	0.22
		6  0	-3.434
		7  0	-2.561
		8  0	-10.929
		9  0	-4.855
		10  0	8.282

node  3		 link	 weight	 bias 11.583
		1  1	6.045
		2  1	-25.452
		3  1	-20.854
		4  1	2.782
		5  0	-1.538
		6  1	-0.991
		7  1	1.626
		8  0	2.908
		9  1	-34.548
		10  1	-25.938

node  4		 link	 weight	 bias -20.654
		1  1	0.0849999
		2  1	2.647
		3  1	1.998
		4  1	1.387
		5  0	-7.828
		6  1	-0.996
		7  0	-2.379
		8  0	2.688
		9  0	0.851
		10  1	1.976

node  5		 link	 weight	 bias -0.470999
		1  0	2.535
		2  1	8.199
		3  1	0.367
		4  1	0.0149999
		5  0	4.811
		6  1	0.242
		7  0	-1.037
		8  1	-0.344
		9  1	3.316
		10  0	-2.674

node  6		 link	 weight	 bias 7.082
		1  1	0.741
		2  0	4.897
		3  1	-7.9
		4  1	0.731
		5  0	-1.739
		6  1	-17.899
		7  0	-4.036
		8  0	-1.27
		9  1	-1.781
		10  0	-2.008

node  7		 link	 weight	 bias -43.564
		1  1	1.904
		2  0	1.775
		3  1	0.11
		4  0	-6.922
		5  1	5.159
		6  0	-6.232
		7  1	-2.306
		8  1	-4.443
		9  0	-1.556
		10  1	3.018

node  8		 link	 weight	 bias -65.81
		1  0	-3.763
		2  1	4.44
		3  0	-13.671
		4  1	-5.538
		5  0	-1.387
		6  1	1.929
		7  1	0.049
		8  1	-4.709
		9  0	-7.17
		10  1	-3.035

node  9		 link	 weight	 bias -4.436
		1  0	0.468
		2  0	-0.145
		3  1	-1.83
		4  0	-6.709
		5  0	-0.258
		6  0	0.234
		7  1	-4.586
		8  0	-5.014
		9  0	-0.688
		10  1	-3.461

node  10		 link	 weight	 bias -1.147
		1  0	3.021
		2  0	1.636
		3  1	4.437
		4  0	-7.423
		5  0	-6.927
		6  0	-9.497
		7  0	-2.757
		8  0	0.872
		9  0	-2.832
		10  1	6.065


 Layer 3

node  1		 link	 weight	 bias -0.278
		1  0	0.628
		2  1	-0.158
		3  0	-6.543
		4  0	-2.438
		5  0	0.466
		6  0	-3.469
		7  0	0.2
		8  0	-0.793
		9  1	3.373
		10  0	-5.225
		15  1	1.139
		16  0	-5.748
		17  0	2.776
		18  0	-0.627
		19  0	-9.866
		20  0	-1.247
		21  0	2.714
		22  0	-0.0929998
		23  0	-5.002
		24  0	0.879

node  2		 link	 weight	 bias -7.312
		1  0	-2.062
		2  0	-1.36
		3  1	-1.303
		4  1	-1.137
		5  1	3.025
		6  1	-3.559
		7  0	-4.139
		8  0	-2.633
		9  0	-1.895
		10  0	4.964
		15  1	-1.671
		16  1	-3.206
		17  0	-1.503
		18  0	-2.187
		19  1	-6.502
		20  1	-1.049
		21  1	-2.023
		22  0	-6.263
		23  0	5.423
		24  0	-3.475

node  3		 link	 weight	 bias 7.65
		1  1	2.706
		2  1	0.224
		3  0	-0.0630002
		4  0	2.204
		5  0	-0.725
		6  0	0.0600001
		7  1	0.0770001
		8  0	-2.238
		9  1	0.419
		10  1	1.163
		15  0	5.493
		16  1	0
		17  1	-0.126
		18  1	5.239
		19  1	1.431
		20  0	-3.894
		21  0	1.499
		22  0	5.661
		23  0	-4.255
		24  0	-1.254

node  4		 link	 weight	 bias -9.106
		1  0	2.903
		2  1	2.748
		3  0	2.957
		4  1	-9.259
		5  1	-0.651
		6  0	-8.524
		7  1	2.932
		8  0	-7.435
		9  0	-3.04
		10  1	-2.462
		15  0	0.108
		16  1	0.864
		17  1	7.053
		18  0	-1.166
		19  1	2.612
		20  1	5.401
		21  0	4.803
		22  1	-2.932
		23  1	0.87
		24  1	-3.284

node  5		 link	 weight	 bias -36.732
		1  0	3.224
		2  0	-1.186
		3  0	-2.013
		4  0	-2.943
		5  1	1.568
		6  1	1.785
		7  0	-8.526
		8  0	0.276
		9  1	0.655
		10  1	-1.848
		15  0	3.083
		16  0	3.666
		17  0	-3.637
		18  0	1.317
		19  0	-0.837
		20  0	-0.344
		21  1	-0.981
		22  1	5.891
		23  1	-0.0669999
		24  1	6.165

node  6		 link	 weight	 bias -7.634
		1  0	6.675
		2  0	0.836
		3  0	-3.956
		4  1	3.363
		5  1	-3.862
		6  1	0.350001
		7  0	-3.267
		8  1	-6.349
		9  1	-2.244
		10  0	3.481
		15  0	-0.367
		16  0	2.557
		17  0	-2.895
		18  1	-1.644
		19  1	-5.781
		20  0	0.153
		21  0	2.374
		22  1	-5.985
		23  0	3.771
		24  1	3.638

node  7		 link	 weight	 bias 22.319
		1  0	-1.065
		2  1	1.627
		3  1	3.33
		4  0	2.201
		5  0	4.637
		6  0	0.586
		7  0	3.951
		8  0	1.298
		9  0	-5.673
		10  1	2.528
		15  0	-4.319
		16  0	0.637
		17  0	1.27
		18  1	1.385
		19  0	0.118
		20  1	0.045
		21  0	0.116
		22  1	-1.926
		23  1	1.615
		24  0	1.47

node  8		 link	 weight	 bias -0.6
		1  1	-3.318
		2  0	-0.0210001
		3  1	-3.36
		4  0	-7.826
		5  0	2.642
		6  0	-2.873
		7  1	6.246
		8  1	-3.697
		9  1	4.831
		10  0	-0.567
		15  1	1.329
		16  1	-0.283
		17  0	-1.489
		18  0	0.973
		19  0	-1.574
		20  1	5.648
		21  0	-0.388
		22  0	0.663
		23  0	1.172
		24  1	-3.244

node  9		 link	 weight	 bias -2.659
		1  0	0.328
		2  0	-0.256
		3  1	-0.876
		4  0	-5.901
		5  1	2.179
		6  0	-8.29
		7  1	-2.864
		8  0	-7.884
		9  1	-1.07
		10  0	1.581
		15  1	-1.495
		16  1	4.597
		17  0	0.933
		18  1	1.294
		19  0	-4.166
		20  0	-1.229
		21  0	0.676
		22  0	-0.703
		23  0	-6.234
		24  0	3.721

node  10		 link	 weight	 bias -29.63
		1  1	5.21
		2  0	-4.933
		3  0	-3.489
		4  1	-2.954
		5  1	-1.594
		6  1	0.995
		7  0	1.429
		8  0	-4.384
		9  0	-2.272
		10  0	-0.966
		15  1	6.21
		16  0	-2.198
		17  1	0.97
		18  1	-5.57
		19  1	1.82
		20  1	0.885
		21  1	3.957
		22  1	-1.076
		23  1	-1.705
		24  0	-7.981


 Layer 4

node  1		 link	 weight	 bias 0.721999
		1  1	-9.027
		2  1	-3.292
		3  0	4.311
		4  0	2.438
		5  0	-0.886
		6  0	1.84
		7  1	3.495
		8  1	2.367
		9  1	-0.448
		10  0	4.336
		15  0	-1.699
		16  1	-1.857
		17  1	-3.367
		18  1	2.677
		19  1	1.525
		20  0	1.687
		21  0	-4.605
		22  1	-2.446
		23  0	-4.367
		24  1	-3.131
		25  1	3.412
		26  0	-2.353
		27  0	-0.995
		28  1	-3.144
		29  0	-2.308
		30  0	-2.673
		31  1	2.441
		32  1	0.754
		33  0	-1.652
		34  1	6.795

node  2		 link	 weight	 bias -13.158
		1  1	-0.854
		2  1	-2.405
		3  0	2.155
		4  0	-1.776
		5  1	-3.83
		6  1	-2.108
		7  0	-1.22
		8  0	-3.598
		9  1	-3.864
		10  0	-4.408
		15  1	1.894
		16  1	-0.593
		17  0	-0.881
		18  1	-2.135
		19  1	4.649
		20  1	0.0210001
		21  0	-5.464
		22  1	-5.983
		23  1	-0.55
		24  1	7.538
		25  0	3.5
		26  0	-0.806
		27  0	-1.343
		28  1	-4.002
		29  1	-1.665
		30  1	0.64
		31  0	1.394
		32  0	-6.101
		33  1	2.834
		34  0	-5.402

node  3		 link	 weight	 bias 0.882001
		1  0	-10.792
		2  1	0.31
		3  0	-4.984
		4  1	-5.627
		5  1	4.363
		6  1	-1.904
		7  1	1.592
		8  0	1.15
		9  1	-5.495
		10  0	0.682
		15  0	4.8
		16  0	1.525
		17  0	2.625
		18  0	2.994
		19  0	-1.951
		20  0	3.441
		21  1	-1.787
		22  1	3.18
		23  1	-4.272
		24  1	5.625
		25  0	-2.023
		26  0	-4.43
		27  0	-2.805
		28  0	1.012
		29  1	-2.031
		30  1	-5.938
		31  1	-4.621
		32  0	-1.18
		33  0	-5.427
		34  1	1.831

node  4		 link	 weight	 bias -18.857
		1  0	-0.00300014
		2  1	2.468
		3  1	-3.476
		4  0	1.839
		5  0	9.356
		6  1	1.416
		7  1	-1.161
		8  0	-2.949
		9  0	0.075
		10  1	-1.44
		15  1	-3.686
		16  0	1.988
		17  0	-2.526
		18  1	-2.623
		19  1	-5.277
		20  1	-0.768
		21  0	-2.241
		22  1	-5.289
		23  0	4.049
		24  1	3.401
		25  0	-6.726
		26  1	-2.311
		27  1	-0.306
		28  1	1.756
		29  0	7.24
		30  0	-3.787
		31  0	-4.405
		32  1	2.164
		33  0	0.344
		34  0	-2.13

node  5		 link	 weight	 bias -10.403
		1  1	-2.203
		2  0	10.529
		3  0	-0.602
		4  0	-2.73
		5  1	5.308
		6  0	2.047
		7  0	-10.49
		8  1	-0.55
		9  0	-8.426
		10  0	-2.794
		15  1	-6.565
		16  0	-0.538
		17  1	0.299
		18  1	3.567
		19  1	0.714
		20  1	5.765
		21  1	-3.95
		22  0	-1.961
		23  1	-1.311
		24  1	-4.002
		25  0	2.434
		26  1	-5.527
		27  0	0.246
		28  1	1.758
		29  0	4.608
		30  0	1.166
		31  1	-1.649
		32  0	6.456
		33  1	2.764
		34  1	-2.674

node  6		 link	 weight	 bias -2.994
		1  0	3.558
		2  1	-1.848
		3  0	8.498
		4  0	1.187
		5  0	-4.562
		6  0	5.56
		7  0	-0.578
		8  1	2.242
		9  0	-1.632
		10  0	-4.252
		15  0	0.425
		16  1	-1.252
		17  1	0.845
		18  0	3.387
		19  0	-2.437
		20  0	0.11
		21  0	1.267
		22  0	-5.367
		23  1	0.539
		24  0	-2.4
		25  1	-8.023
		26  0	-1.685
		27  0	0
		28  0	-5.184
		29  0	-0.988
		30  1	2.358
		31  1	-1.6
		32  0	-4.343
		33  1	-3.703
		34  1	-0.618

node  7		 link	 weight	 bias -60.405
		1  1	-5.199
		2  1	0.854
		3  1	2.489
		4  1	0.925
		5  1	1.171
		6  1	9.767
		7  1	-2.449
		8  1	6.934
		9  0	3.486
		10  1	-1.391
		15  1	-4.696
		16  0	2.924
		17  0	0.842
		18  0	2.722
		19  0	11.695
		20  1	-1.417
		21  0	-3.879
		22  1	-4.63
		23  1	0.0630001
		24  1	-3.908
		25  0	-1.053
		26  0	1.695
		27  0	7.622
		28  0	-7.365
		29  1	3.13
		30  0	4.635
		31  0	-2.725
		32  1	-2.407
		33  0	-5.336
		34  0	2.12

node  8		 link	 weight	 bias 0.754999
		1  0	-0.249
		2  0	0.403
		3  1	0.542
		4  1	-4.998
		5  0	-4.454
		6  1	-1.623
		7  1	1.433
		8  0	0.345
		9  0	10.841
		10  0	-0.0929999
		15  0	1.089
		16  0	-0.549
		17  1	2.768
		18  0	0.743
		19  1	8.753
		20  0	-4.645
		21  1	2.88
		22  1	-0.848
		23  1	-4.892
		24  0	-2.518
		25  0	-2.163
		26  0	-2.171
		27  0	-2.449
		28  1	-6.761
		29  0	-3.764
		30  1	-12.055
		31  1	1.814
		32  0	9.031
		33  0	6.54
		34  1	0.612

node  9		 link	 weight	 bias -58.184
		1  1	-3
		2  0	2.029
		3  1	-1.541
		4  0	-5.331
		5  1	-0.473
		6  1	0.518
		7  0	-1.555
		8  1	-0.583
		9  1	-1.025
		10  1	1.483
		15  0	-1.929
		16  1	-7.705
		17  0	-1.201
		18  0	-4.46
		19  0	-3.056
		20  1	-1.838
		21  0	3.498
		22  1	-4.721
		23  1	1.589
		24  1	3.541
		25  0	1.514
		26  0	1.173
		27  1	-0.755
		28  0	-5.003
		29  0	2.46
		30  0	-5.646
		31  0	0.416
		32  0	0.341
		33  1	3.926
		34  1	3.785

node  10		 link	 weight	 bias -12.376
		1  1	-6.345
		2  1	-0.217
		3  1	-2.1
		4  1	-6.315
		5  0	-5.703
		6  1	-0.978
		7  0	0.703
		8  0	5.914
		9  1	1.307
		10  1	-2.717
		15  1	7.103
		16  0	8.051
		17  0	-0.404
		18  1	-1.034
		19  1	-1.38
		20  0	-2.781
		21  1	-3.637
		22  0	-5.697
		23  0	-7.841
		24  0	-0.056
		25  0	6.996
		26  1	-3.479
		27  0	-3.287
		28  1	0.187
		29  1	4.544
		30  0	-1.054
		31  0	-1.317
		32  1	-5.826
		33  0	6.879
		34  1	2.485


 Layer 5

node  1		 link	 weight	 bias -2.455
		1  0	5.018
		2  1	0.02
		3  0	-5.946
		4  0	5.184
		5  0	2.826
		6  0	0.623
		7  1	-2.621
		8  0	1.378
		9  0	-6.248
		10  0	-6.849
		15  0	1.261
		16  0	-6.368
		17  0	0
		18  0	3.212
		19  0	2.831
		20  0	-8.05
		21  0	-0.814
		22  0	-0.952
		23  0	1.431
		24  0	1.152
		25  0	7.507
		26  0	-2.819
		27  1	-2.063
		28  0	-2.76
		29  0	1.003
		30  0	-5.121
		31  0	0
		32  0	2.524
		33  0	-3.759
		34  0	-5.076
		35  0	3.825
		36  0	-4.222
		37  0	-3.859
		38  0	-0.305
		39  0	-6.28
		40  0	-4.897
		41  0	0.581
		42  1	-0.00699997
		43  0	-0.547
		44  0	-0.435

node  2		 link	 weight	 bias -3.327
		1  0	3.232
		2  0	-1.852
		3  0	5.351
		4  0	-6.173
		5  0	-5.628
		6  0	-2.055
		7  0	-2.194
		8  1	0
		9  0	5.029
		10  0	0.758
		15  0	-1.459
		16  1	-2.189
		17  0	-3.548
		18  0	-2.34
		19  0	-2.834
		20  0	2.27
		21  0	2.462
		22  0	2.607
		23  1	0.59
		24  0	0.853
		25  0	-0.393
		26  0	-1.255
		27  0	-2.614
		28  0	-2.654
		29  0	-6.085
		30  0	3.405
		31  0	4.705
		32  0	-1.989
		33  0	-1.588
		34  0	-6.018
		35  0	-0.708
		36  0	0.422001
		37  0	-3.286
		38  0	-1.892
		39  0	1.407
		40  0	3.565
		41  0	-7.717
		42  0	-15.485
		43  0	0.61
		44  0	4.044

node  3		 link	 weight	 bias 0.449001
		1  0	1.412
		2  1	-0.429
		3  0	-0.897
		4  0	5.218
		5  0	0.334
		6  0	-0.383
		7  0	-1.538
		8  1	2.224
		9  0	3.287
		10  0	3.639
		15  0	-6.302
		16  0	-0.0129997
		17  0	-3.67
		18  0	-1.089
		19  0	5.63
		20  0	-0.62
		21  0	-2.568
		22  0	-3.693
		23  0	-2.626
		24  0	2.656
		25  0	-5.216
		26  0	0.901
		27  0	-5.729
		28  0	-4.769
		29  0	0.545
		30  0	-7.089
		31  0	4.555
		32  0	-1.55
		33  0	7.207
		34  0	-1.007
		35  0	8.872
		36  0	-0.842
		37  0	3.592
		38  0	-2.484
		39  0	-5.602
		40  1	-0.0569999
		41  0	-5.149
		42  0	-8.688
		43  0	-4.415
		44  0	2.845

node  4		 link	 weight	 bias 1.982
		1  0	-0.414001
		2  0	0.865
		3  0	0.454
		4  1	2.815
		5  0	-2.274
		6  1	0.769
		7  0	-2.7
		8  0	0.378
		9  0	2.169
		10  0	3.055
		15  1	0
		16  0	-0.347
		17  0	3.027
		18  0	-3.151
		19  1	0.036
		20  0	-2.224
		21  0	6.5
		22  0	-1.726
		23  0	1.779
		24  1	0.04
		25  1	0.163
		26  0	-5.858
		27  0	-0.347
		28  0	-5.451
		29  0	-0.963
		30  0	0.842
		31  0	-10.079
		32  0	-1.024
		33  1	0
		34  0	-4.409
		35  1	0
		36  0	3.567
		37  0	-0.965
		38  0	4.152
		39  0	-2.767
		40  0	1.992
		41  0	0.538
		42  0	3.439
		43  0	1.994
		44  0	-1.156
