
======================================================
Score	5.51344e+14
Z	0.00102579
alpha	-1.7929
betta	-0.0784559
gamma	-0.0519513
Vx	-0.12643
Vy	-0.0128006
Vz	-0.0184062
engIng	0
cFuel	93
tfuel	193.428
======================================================

Initial Parametrs
rOa	{ 143 ; 194 ; -59 }

V	{ 11 ; 0 ; 5 }

w	{ -0.29 ; -0.37 ; 0.19 }

alpha	0.131
betta	0.077
gamma	-0.302
======================================================

 Layer 2

node  1		 link	 weight	 bias -0.196
		1  0	-0.877
		2  0	-6.221
		3  0	-2.33
		4  0	-4.167
		5  1	-2.404
		6  0	3.265
		7  0	-7.14
		8  0	-3.783
		9  0	-1.516
		10  0	0.423

node  2		 link	 weight	 bias -1.37
		1  0	-3.074
		2  0	-5.979
		3  1	-1.638
		4  0	-3.133
		5  1	0.22
		6  0	-3.995
		7  0	-4.602
		8  0	-9.636
		9  0	-10.164
		10  0	10.908

node  3		 link	 weight	 bias 19.033
		1  1	14.701
		2  0	-32.232
		3  1	-21.061
		4  1	-4.572
		5  1	-1.533
		6  0	-6.918
		7  1	1.657
		8  0	2.84
		9  1	-72.539
		10  0	-44.656

node  4		 link	 weight	 bias -20.768
		1  1	0.0849999
		2  1	2.647
		3  1	1.998
		4  1	1.38
		5  0	-10.815
		6  1	-0.863
		7  0	-0.325
		8  1	0.572
		9  0	2.167
		10  1	1.976

node  5		 link	 weight	 bias -0.614999
		1  0	-0.0240004
		2  1	10.555
		3  1	0.367
		4  1	0.0179999
		5  0	5.642
		6  1	0.427
		7  0	-1.476
		8  1	-0.344
		9  1	4.846
		10  0	-8.038

node  6		 link	 weight	 bias -28.952
		1  1	-3.874
		2  0	-4.756
		3  0	-11.142
		4  0	-1.566
		5  1	-3.757
		6  1	-17.816
		7  1	-4.869
		8  1	-1.913
		9  1	-2.001
		10  0	-9.234

node  7		 link	 weight	 bias -64.94
		1  1	5.512
		2  0	1.215
		3  0	0.4
		4  0	-4.621
		5  0	3.927
		6  0	-9.434
		7  1	-3.072
		8  1	0.598
		9  1	-8.492
		10  1	5.634

node  8		 link	 weight	 bias -89.34
		1  1	-1.607
		2  1	7.874
		3  0	-15.347
		4  1	-10.691
		5  1	0.133
		6  0	-0.689
		7  0	0.165
		8  1	-5.641
		9  0	-7.552
		10  1	-2.7

node  9		 link	 weight	 bias -4.451
		1  0	1.686
		2  0	-9.277
		3  1	-1.83
		4  1	0.308
		5  0	0.128
		6  0	-0.521
		7  1	-4.586
		8  0	-7.915
		9  0	0.933
		10  1	-3.461

node  10		 link	 weight	 bias -13.302
		1  0	-6.733
		2  0	5.975
		3  1	12.11
		4  1	-3.637
		5  1	-8.002
		6  0	-3.961
		7  0	-3.504
		8  1	1.673
		9  1	0.124999
		10  1	6.383


 Layer 3

node  1		 link	 weight	 bias -0.278
		1  0	6.098
		2  1	-0.158
		3  0	-5.353
		4  0	-4.857
		5  0	-1.651
		6  0	-4.445
		7  0	-3.345
		8  0	-1.277
		9  1	3.373
		10  0	-3.684
		15  1	1.139
		16  0	-7.309
		17  0	0.0340002
		18  0	-7.873
		19  0	-9.031
		20  0	-4.978
		21  0	-1.071
		22  0	0.827
		23  0	-8.656
		24  0	-3.871

node  2		 link	 weight	 bias 4.275
		1  1	-3.316
		2  1	-5.63
		3  0	-0.904
		4  1	3.126
		5  0	8.718
		6  1	-2.992
		7  0	-4.507
		8  0	2.375
		9  0	0.880999
		10  0	2.739
		15  1	-0.91
		16  0	-2.361
		17  1	-0.122999
		18  0	1.916
		19  1	-3.963
		20  1	1.952
		21  0	-4.993
		22  1	-7.228
		23  0	3.006
		24  1	-3.148

node  3		 link	 weight	 bias 7.594
		1  1	2.706
		2  1	0.224
		3  0	-1.504
		4  0	-5.111
		5  0	-1.343
		6  0	2.854
		7  1	0.0770001
		8  0	-8.106
		9  1	0.419
		10  1	1.163
		15  0	4.54
		16  0	0.826
		17  1	-0.126
		18  1	5.239
		19  1	1.431
		20  0	-3.274
		21  0	3.375
		22  0	6.864
		23  0	-2.764
		24  0	-2.465

node  4		 link	 weight	 bias -17.022
		1  1	-0.0940001
		2  1	9.831
		3  0	-1.724
		4  0	-13.218
		5  1	-1.669
		6  1	-14.283
		7  1	-0.27
		8  0	-12.125
		9  1	-3.448
		10  0	-6.036
		15  0	-0.931
		16  1	0.971
		17  1	8.233
		18  0	2.12
		19  0	4.195
		20  1	0.157001
		21  1	4.019
		22  1	-3.148
		23  0	6.802
		24  1	-3.608

node  5		 link	 weight	 bias -86.853
		1  0	4.945
		2  0	-3.824
		3  0	-0.278
		4  0	3.714
		5  0	6.462
		6  1	8.297
		7  1	-4.343
		8  1	-3.941
		9  0	0.833
		10  0	-5.784
		15  1	0.89
		16  1	6.217
		17  0	-10.538
		18  0	2.579
		19  1	-4.414
		20  1	-2.049
		21  0	5.175
		22  0	6.818
		23  0	-0.311
		24  1	4.31

node  6		 link	 weight	 bias -29.298
		1  1	11.588
		2  1	-1.32
		3  1	-6.952
		4  1	6.464
		5  0	-2.261
		6  0	-2.207
		7  0	-4.464
		8  0	-6.249
		9  1	-5.199
		10  0	3.126
		15  0	-5.532
		16  1	1.425
		17  1	-7.133
		18  1	-1.645
		19  1	-11.641
		20  0	-0.814
		21  1	5.823
		22  1	-4.65
		23  1	6.441
		24  1	2.213

node  7		 link	 weight	 bias 14.274
		1  1	-0.238
		2  1	10.73
		3  0	-1.738
		4  1	-1.168
		5  1	-0.107
		6  1	-3.516
		7  1	2.488
		8  1	3.663
		9  0	-5.093
		10  0	-1.918
		15  0	-2.891
		16  1	0.0389998
		17  0	3.991
		18  0	1.209
		19  0	-2.081
		20  1	3.911
		21  0	1.758
		22  1	-1.926
		23  0	-7.571
		24  0	10.555

node  8		 link	 weight	 bias 2.1
		1  0	8.233
		2  0	-5.217
		3  1	-2.534
		4  1	-4.534
		5  0	4.198
		6  0	-4.807
		7  0	4.662
		8  1	-4.845
		9  1	3.055
		10  1	-0.55
		15  1	4.887
		16  0	-0.452
		17  1	-6.628
		18  0	4.498
		19  1	-2.589
		20  0	8.283
		21  0	-5.783
		22  1	-1.467
		23  0	5.898
		24  0	-5.161

node  9		 link	 weight	 bias -29.741
		1  0	-9.007
		2  0	0.376001
		3  0	1.001
		4  0	-3.207
		5  0	1.015
		6  0	-10.155
		7  0	4.572
		8  0	-9.443
		9  0	1.827
		10  1	-2.483
		15  0	2.922
		16  1	9.519
		17  0	1.849
		18  0	6.904
		19  1	-9.927
		20  1	-6.877
		21  0	1.656
		22  0	-5.171
		23  0	-7.53
		24  1	3.683

node  10		 link	 weight	 bias -81.656
		1  1	7.945
		2  1	0.0470001
		3  1	-1.47
		4  1	-4.761
		5  1	-0.66
		6  0	2.327
		7  0	9.105
		8  1	-5.612
		9  0	-1.671
		10  1	2.812
		15  0	12.194
		16  1	-1.025
		17  1	2.165
		18  1	-9.75
		19  1	4.386
		20  0	-2.542
		21  1	-2.719
		22  0	-3.476
		23  1	-3.97
		24  0	-14.364


 Layer 4

node  1		 link	 weight	 bias -18.182
		1  0	-9.984
		2  1	-7.119
		3  1	4.695
		4  1	4.142
		5  0	-1.377
		6  0	3.168
		7  1	1.004
		8  1	1.385
		9  0	-0.338
		10  0	4.844
		15  0	3.347
		16  0	-2.398
		17  1	-3.597
		18  0	4.363
		19  1	2.531
		20  1	-1.991
		21  0	-10.62
		22  0	-4.295
		23  0	-4.729
		24  0	-1.215
		25  0	8.092
		26  1	-1.635
		27  1	-5.324
		28  1	-5.35
		29  0	-10.605
		30  1	-7.907
		31  1	-2.03
		32  0	0.869
		33  0	-1.012
		34  1	10.358

node  2		 link	 weight	 bias -61.969
		1  1	-3.747
		2  0	2.636
		3  1	4.65
		4  0	0.916
		5  0	-9.798
		6  0	-0.588
		7  0	1.823
		8  0	-10.418
		9  1	-2.748
		10  1	-3.891
		15  0	1.354
		16  0	-1.115
		17  1	-3.411
		18  1	-8.938
		19  0	0.734
		20  0	-2.819
		21  1	-6.516
		22  1	-7.195
		23  0	-0.646
		24  1	7.134
		25  1	2.127
		26  0	-0.615
		27  0	-4.585
		28  0	-1.118
		29  1	4.909
		30  1	5.293
		31  1	2.942
		32  0	-4.494
		33  0	-1.485
		34  0	-5.45

node  3		 link	 weight	 bias -19.831
		1  0	-16.299
		2  1	-4.647
		3  0	-4.649
		4  1	-5.828
		5  0	4.898
		6  0	-0.749
		7  0	-4.076
		8  0	3
		9  0	-7.67
		10  1	8.142
		15  0	3.673
		16  1	-0.24
		17  0	4.595
		18  0	1.414
		19  1	-3.251
		20  1	2.431
		21  0	-4.213
		22  1	-1.806
		23  1	-2.696
		24  1	2.911
		25  1	-0.468
		26  0	-5.153
		27  0	-7.902
		28  0	-4.934
		29  1	-1.522
		30  1	-8.015
		31  1	-4.178
		32  1	-8.319
		33  1	-3.939
		34  0	1.345

node  4		 link	 weight	 bias -31.588
		1  1	-5.468
		2  1	1.777
		3  1	-5.267
		4  1	-0.217
		5  1	11.231
		6  1	4.887
		7  1	0.0319996
		8  1	-0.263
		9  1	-3.857
		10  0	-1.487
		15  0	-3.17
		16  0	3.138
		17  0	-2.599
		18  1	-1.192
		19  1	-11.774
		20  0	-3.913
		21  1	-4.776
		22  0	-6.79
		23  0	-3.747
		24  0	2.737
		25  1	1.946
		26  1	-4.269
		27  0	-0.392
		28  1	1.947
		29  0	7.439
		30  0	-4.894
		31  0	-5.9
		32  0	10.327
		33  0	-4.439
		34  0	-2.323

node  5		 link	 weight	 bias -87.471
		1  1	-1.952
		2  0	8.155
		3  0	-8.455
		4  0	0.131999
		5  1	0.960999
		6  1	8.984
		7  0	-12.843
		8  1	-1.128
		9  1	-10.101
		10  1	-3.779
		15  0	-10.877
		16  0	-5.102
		17  0	-0.894
		18  1	4.629
		19  0	3.926
		20  1	-2.03
		21  0	-2.413
		22  1	-3.642
		23  0	-1.032
		24  0	-4.27
		25  1	-4.554
		26  1	-6.769
		27  0	-2.405
		28  0	-1.902
		29  0	3.07
		30  0	-0.258
		31  1	1.488
		32  0	7.794
		33  0	2.517
		34  1	1.004

node  6		 link	 weight	 bias -10.77
		1  0	5.267
		2  1	4.131
		3  0	5.867
		4  1	-6.237
		5  1	-2.416
		6  0	7.451
		7  0	-3.982
		8  0	1.273
		9  1	-1.282
		10  0	-5.91
		15  0	-0.849
		16  1	-2.041
		17  0	3.006
		18  0	6.177
		19  0	-10.6
		20  1	0.312
		21  0	1.262
		22  0	-11.885
		23  0	1.933
		24  0	-4.512
		25  1	-14.602
		26  0	-2.4
		27  0	-2.533
		28  0	-8.598
		29  1	1.327
		30  1	-0.951999
		31  1	-3.657
		32  1	-1.549
		33  1	-4.913
		34  0	-2.263

node  7		 link	 weight	 bias -68.401
		1  1	-4.917
		2  0	5.162
		3  0	6.997
		4  1	3.445
		5  0	2.977
		6  1	11.318
		7  0	-6.05
		8  1	10.149
		9  1	6.098
		10  1	-1.968
		15  0	-2.993
		16  1	-8.509
		17  0	-1.65
		18  0	1.187
		19  0	7.132
		20  1	-6.553
		21  1	-6.535
		22  0	-7.979
		23  0	2.251
		24  0	-3.922
		25  0	-2.113
		26  0	-0.275
		27  1	10.615
		28  0	-14.647
		29  0	1.076
		30  1	0.862
		31  1	-3.545
		32  0	-0.978
		33  0	-10.11
		34  0	0.733

node  8		 link	 weight	 bias -22.9
		1  1	-4.007
		2  1	5.276
		3  1	-6.348
		4  1	-3.408
		5  0	-10.052
		6  0	2.922
		7  0	3.055
		8  1	0.653
		9  1	14.684
		10  1	-0.412
		15  1	-2.975
		16  1	-0.0909998
		17  1	-0.983
		18  0	0.849
		19  1	6.679
		20  0	-9.469
		21  1	-2.003
		22  1	-1.967
		23  1	-7.608
		24  0	-3.861
		25  1	-2.877
		26  0	-6.154
		27  1	1.089
		28  1	-10.227
		29  0	-12.871
		30  0	-10.152
		31  1	1.633
		32  1	11.613
		33  0	4.884
		34  0	-1.453

node  9		 link	 weight	 bias -54.915
		1  0	-6.355
		2  1	4.515
		3  0	-0.465
		4  0	0.207
		5  0	-6.001
		6  0	-1.843
		7  1	-4.838
		8  1	-0.953
		9  0	-6.621
		10  1	0.608
		15  1	-6.627
		16  0	-3.341
		17  0	-7.558
		18  1	-0.881
		19  0	-1.323
		20  1	3.03
		21  0	1.684
		22  1	-5.453
		23  0	1.167
		24  1	0.475
		25  1	3.844
		26  0	-0.284
		27  0	-4.72
		28  1	-7.72
		29  0	1.143
		30  1	-2.18
		31  1	-1.398
		32  1	-4.686
		33  1	-2.742
		34  0	1.913

node  10		 link	 weight	 bias -62.259
		1  0	-10.094
		2  0	-0.148
		3  1	-5.582
		4  1	-2.978
		5  0	-7.834
		6  1	1.57
		7  0	-0.584
		8  0	7.056
		9  0	-0.916999
		10  0	1.519
		15  1	6.591
		16  0	6.147
		17  1	-0.787
		18  0	1.714
		19  0	6.686
		20  0	-3.101
		21  1	-3.288
		22  0	-2.542
		23  1	-5.023
		24  1	-4.765
		25  0	6.409
		26  1	-3.957
		27  1	-1.241
		28  1	2.222
		29  1	2.957
		30  0	1.234
		31  0	-1.69
		32  0	-12.513
		33  1	1.023
		34  0	2.512


 Layer 5

node  1		 link	 weight	 bias -2.456
		1  0	5.534
		2  1	0.02
		3  0	-0.25
		4  0	7.43
		5  0	-1.549
		6  0	-2.189
		7  1	-2.621
		8  0	2.383
		9  0	-7.088
		10  0	-12.867
		15  0	0.767
		16  0	-7.903
		17  0	4.402
		18  0	4.984
		19  0	3.942
		20  0	-6.989
		21  0	-2.359
		22  0	4.69
		23  0	0.601
		24  0	-1.183
		25  0	19.381
		26  0	-1.159
		27  1	-2.063
		28  0	-9.485
		29  0	0.83
		30  0	0.0830003
		31  0	1.14
		32  0	2.956
		33  0	1.683
		34  0	-4.652
		35  0	4.364
		36  0	-2.485
		37  0	-5.936
		38  0	-0.297
		39  0	-5.874
		40  0	-3.393
		41  0	-4.621
		42  1	-0.00699997
		43  0	-3.066
		44  0	-5.089

node  2		 link	 weight	 bias -3.327
		1  0	2.2
		2  0	-4.513
		3  0	2.801
		4  0	-13.518
		5  0	-12.212
		6  0	-4.799
		7  0	-6.063
		8  0	0.398
		9  0	8.435
		10  0	2.832
		15  0	1.668
		16  1	-2.189
		17  0	-8.642
		18  0	-2.831
		19  0	2.873
		20  0	0.28
		21  0	-1.288
		22  0	5.991
		23  1	0.59
		24  0	-2.237
		25  0	-1.493
		26  0	-3.069
		27  0	4.212
		28  0	-3.604
		29  0	-6.303
		30  0	-2.046
		31  0	9.231
		32  0	1.29
		33  0	-0.315
		34  0	-12.017
		35  0	-1.509
		36  0	3.387
		37  0	-5.375
		38  0	-7.033
		39  0	1.6
		40  0	11.296
		41  0	-1.83
		42  0	-15.663
		43  0	-2.583
		44  0	5.329

node  3		 link	 weight	 bias 0.449001
		1  0	-8.202
		2  1	-0.429
		3  0	5.173
		4  0	11.379
		5  0	4.124
		6  0	0.782
		7  0	-3.324
		8  1	2.224
		9  0	2.891
		10  0	1.155
		15  0	-8.654
		16  0	-1.105
		17  0	0.502
		18  0	6.664
		19  0	5.409
		20  1	-0.000999928
		21  0	3.647
		22  0	-2.289
		23  0	-6.28
		24  0	-4.542
		25  0	-9.364
		26  0	-0.649
		27  0	-6.222
		28  0	-0.0580001
		29  0	2.56
		30  0	-5.964
		31  0	7.446
		32  0	-9.474
		33  0	12.083
		34  0	2.416
		35  0	13.113
		36  0	-0.878
		37  0	-2.431
		38  0	-4.831
		39  0	-8.176
		40  1	-0.0569999
		41  0	-3.952
		42  0	-13.748
		43  0	-10.865
		44  0	-1.24

node  4		 link	 weight	 bias 1.982
		1  0	-4.892
		2  0	-3.402
		3  0	1.051
		4  1	2.815
		5  0	-4.579
		6  1	0.769
		7  0	-6.79
		8  0	-1.535
		9  0	2.327
		10  0	-0.575
		15  0	-1.478
		16  0	-6.855
		17  0	-0.522
		18  0	0.555
		19  1	0.036
		20  0	0.553
		21  0	12.518
		22  0	5.099
		23  0	2.863
		24  1	0.04
		25  1	0.163
		26  0	-2.337
		27  0	-1.058
		28  0	0.193
		29  0	-2.483
		30  0	-0.415001
		31  0	-14.374
		32  0	5.885
		33  0	0.922
		34  0	1.537
		35  0	-2.563
		36  0	-4.073
		37  0	-3.955
		38  0	2.001
		39  0	-6.013
		40  0	-0.0990002
		41  0	6.656
		42  0	-4.107
		43  0	3.077
		44  0	-1.398
