
======================================================
Score	2.52939e+14
Z	0.00126721
alpha	-3.22695
betta	-0.00403738
gamma	-0.107899
Vx	-0.312772
Vy	-0.0761301
Vz	0.00808442
engIng	0
cFuel	398
tfuel	255.453
======================================================

Initial Parametrs
rOa	{ 193 ; 156 ; -149 }

V	{ 13 ; 0.03 ; 0.02 }

w	{ -0.0019 ; -0.0017 ; 0.0048 }

alpha	0.00181
betta	0.00323
gamma	0.00172
======================================================

 Layer 2

node  1		 link	 weight	 bias -80.405
		1  0	4.189
		2  0	-3.208
		3  0	-4.025
		4  1	7.72
		5  1	2.851
		6  1	1.137
		7  0	-8.15
		8  0	-7.821
		9  0	-0.973
		10  0	-2.273

node  2		 link	 weight	 bias 1.042
		1  0	3.128
		2  0	-5.88
		3  0	-10.283
		4  1	0.413
		5  0	0.227
		6  1	-7.743
		7  1	-1.207
		8  0	-0.869
		9  1	10.828
		10  1	-1.369

node  3		 link	 weight	 bias -1.015
		1  0	-6.594
		2  0	-6.869
		3  1	-3.29
		4  0	3.522
		5  1	-4.716
		6  1	-5.801
		7  0	6.448
		8  0	-1.636
		9  1	4.259
		10  0	-1.089

node  4		 link	 weight	 bias -55.057
		1  0	-4.395
		2  0	-6.523
		3  1	0.728
		4  0	-1.019
		5  1	5.281
		6  1	-3.181
		7  1	-3.824
		8  1	1.637
		9  0	5.044
		10  0	0.097

node  5		 link	 weight	 bias -0.571
		1  0	-3.9
		2  0	-7.587
		3  0	-1.79
		4  1	1.422
		5  0	-0.66
		6  1	-4.886
		7  1	-0.845
		8  0	3.517
		9  0	0.488
		10  0	1.384

node  6		 link	 weight	 bias -73.622
		1  0	-3.096
		2  0	-0.177
		3  1	0.378
		4  0	-8.613
		5  0	1.714
		6  1	-6.06
		7  1	9.291
		8  0	-4.508
		9  0	0.449
		10  0	-1.855

node  7		 link	 weight	 bias 28.222
		1  0	-8.851
		2  1	1.057
		3  1	-2.046
		4  1	1.484
		5  0	-11.63
		6  1	4.713
		7  0	-11.952
		8  0	-2.847
		9  0	-4.935
		10  0	-1.453

node  8		 link	 weight	 bias -48.261
		1  0	-7.894
		2  1	0.799
		3  0	-7.651
		4  0	5.483
		5  1	-11.515
		6  1	-7.479
		7  0	-1.329
		8  0	-2.07
		9  0	-3.288
		10  1	-7.587

node  9		 link	 weight	 bias -30.958
		1  0	5.415
		2  0	2.687
		3  1	-9.611
		4  0	1.509
		5  1	-3.7
		6  1	1.738
		7  0	0.28
		8  0	6.905
		9  1	-3.891
		10  0	-2.989

node  10		 link	 weight	 bias -39.819
		1  1	3.992
		2  1	1.267
		3  1	2.473
		4  0	-6.117
		5  0	8.119
		6  0	-22.296
		7  0	6.717
		8  1	-0.43
		9  1	-1.965
		10  0	-1.848


 Layer 3

node  1		 link	 weight	 bias -27.362
		1  0	-1.277
		2  1	-2.814
		3  0	7.526
		4  0	1.626
		5  1	-7.25
		6  0	2.111
		7  0	-6.698
		8  0	-7.012
		9  0	4.198
		10  1	-8.544
		15  0	3.016
		16  1	-3.199
		17  1	-4.037
		18  0	0.625
		19  0	4.193
		20  1	1.548
		21  1	-10.791
		22  1	-3.037
		23  0	5.004
		24  1	-1.302

node  2		 link	 weight	 bias -3.068
		1  0	-1.628
		2  1	0.176
		3  1	1.53
		4  0	-5.389
		5  1	9.084
		6  1	3.39
		7  0	-1.012
		8  1	-0.979
		9  0	0.0619997
		10  0	0.824
		15  0	-2.426
		16  0	0.59
		17  0	-7.028
		18  0	-1.742
		19  0	2.654
		20  1	6.28
		21  0	4.929
		22  0	-1.633
		23  0	-1.81
		24  0	1.599

node  3		 link	 weight	 bias -9.832
		1  0	-0.712
		2  1	3.823
		3  0	5.278
		4  0	0.0910003
		5  1	-2.478
		6  1	1.06
		7  0	1.394
		8  0	-2.37
		9  0	-2.825
		10  0	5.316
		15  1	0.407
		16  1	0.0799999
		17  1	1.643
		18  0	4.303
		19  0	-1.538
		20  1	-0.402
		21  0	-2.572
		22  0	-1.781
		23  0	0.957
		24  1	1.444

node  4		 link	 weight	 bias -47.542
		1  1	-3.878
		2  0	2.202
		3  0	2.598
		4  1	5.712
		5  0	2.221
		6  0	1.654
		7  1	-10.359
		8  0	-11.227
		9  1	-1.659
		10  1	-7.192
		15  1	-1.816
		16  0	-3.554
		17  1	0.082
		18  0	-0.739
		19  0	5.741
		20  0	2.014
		21  0	-8.916
		22  0	-1.567
		23  1	-10.102
		24  0	3.409

node  5		 link	 weight	 bias 13.898
		1  0	-2.338
		2  0	-5.402
		3  1	2.714
		4  0	1.779
		5  1	-12.192
		6  1	-11.073
		7  0	-3.416
		8  0	-12.236
		9  0	-12.664
		10  1	-1.807
		15  0	-0.293
		16  0	2.593
		17  0	3.062
		18  1	0.241
		19  1	-3.19
		20  1	1.162
		21  1	-5.977
		22  0	-1.856
		23  1	1.928
		24  0	-0.648

node  6		 link	 weight	 bias -108.998
		1  0	-0.425
		2  0	-3.357
		3  1	-1.825
		4  0	1.203
		5  0	1.351
		6  0	-4.541
		7  1	-0.558
		8  1	-3.91
		9  1	1.314
		10  0	-0.387
		15  1	-1.511
		16  1	-7.425
		17  1	-3.085
		18  1	-0.0410001
		19  1	-0.131
		20  0	-5.669
		21  1	-6.42
		22  1	-3.182
		23  0	0.673
		24  0	-4.886

node  7		 link	 weight	 bias -26.242
		1  0	-7.032
		2  0	-2.254
		3  0	1.053
		4  0	-1.779
		5  1	-5.258
		6  0	3.427
		7  1	-1.863
		8  0	3.372
		9  0	-8.516
		10  0	-2.826
		15  0	2.002
		16  1	-5.554
		17  0	-6.586
		18  0	3.196
		19  0	-0.686
		20  1	-0.547
		21  0	-0.494
		22  1	3.883
		23  1	-2.396
		24  1	1.547

node  8		 link	 weight	 bias -56.692
		1  0	0.614
		2  0	2.893
		3  0	-1.689
		4  1	-2.393
		5  0	-9.755
		6  0	2.744
		7  0	-1.41
		8  1	-7.086
		9  0	-4.218
		10  0	2.747
		15  0	0.03
		16  0	-2.291
		17  1	1.86
		18  1	0.9
		19  0	-11.869
		20  1	3.668
		21  1	0.512
		22  0	-0.653
		23  0	4.063
		24  1	0.862

node  9		 link	 weight	 bias -45.543
		1  1	-2.098
		2  0	-4.569
		3  1	-3.293
		4  0	-1.758
		5  1	10.073
		6  0	-10.678
		7  0	-1.06
		8  0	-2.245
		9  0	8.861
		10  1	0.256
		15  0	-5.205
		16  0	0.0830002
		17  0	-9.496
		18  1	8.788
		19  1	2.673
		20  0	-6.365
		21  1	-7.019
		22  1	-3.412
		23  1	-0.662
		24  1	2.159

node  10		 link	 weight	 bias 3.345
		1  0	2.565
		2  1	-2.451
		3  1	0.717
		4  0	-4.711
		5  1	-1.761
		6  0	3.785
		7  0	4.787
		8  0	-0.674
		9  1	0.394
		10  0	-10.522
		15  0	5.011
		16  0	-8.319
		17  1	3.131
		18  0	2.906
		19  0	-3.781
		20  1	3.388
		21  0	-1.709
		22  0	-1.594
		23  1	-6.614
		24  0	-2.233


 Layer 4

node  1		 link	 weight	 bias -1.917
		1  1	7.908
		2  1	-0.165
		3  1	-3.669
		4  0	-6.712
		5  0	2.471
		6  0	-1.285
		7  1	1.214
		8  0	-6.169
		9  1	-0.219
		10  0	-2.936
		15  1	-5.674
		16  1	-7.215
		17  0	3.582
		18  0	-7.883
		19  1	-3.79
		20  0	-7.291
		21  1	0.0930001
		22  1	1.39
		23  0	3.49
		24  1	2.378
		25  1	1.896
		26  1	-6.03
		27  0	6.296
		28  1	1.055
		29  0	4.922
		30  1	3.874
		31  0	7.838
		32  1	1.318
		33  0	0.78
		34  0	10.898

node  2		 link	 weight	 bias -32.8
		1  0	-5.22
		2  1	6.448
		3  0	2.872
		4  1	-1.225
		5  1	1.833
		6  1	-3.024
		7  1	-1.085
		8  1	2.329
		9  0	-4.513
		10  1	0.416
		15  1	-10.566
		16  1	-2.445
		17  1	-3.011
		18  1	3.086
		19  1	-0.289
		20  0	-4.245
		21  1	-3.889
		22  1	-0.0699998
		23  1	-0.62
		24  0	-1.824
		25  0	-1.452
		26  1	1.749
		27  1	3.34
		28  1	-6.845
		29  0	5.059
		30  0	1.678
		31  0	-1.387
		32  0	1.074
		33  1	3.187
		34  1	6.307

node  3		 link	 weight	 bias -58.647
		1  1	-9.453
		2  0	-7.706
		3  1	-5.607
		4  0	-1.973
		5  1	2.136
		6  1	6.306
		7  0	-9.735
		8  1	-2.234
		9  1	-2.964
		10  0	0.494
		15  1	-3.197
		16  1	8.734
		17  0	0.218
		18  0	2.322
		19  0	-1.3
		20  0	6.079
		21  1	4.592
		22  1	0.0220001
		23  0	-4.29
		24  1	1.643
		25  1	-1.13
		26  0	-5.002
		27  1	-0.877
		28  0	6.965
		29  1	2.973
		30  0	-4.883
		31  1	-3.73
		32  0	0.668
		33  0	-4.583
		34  0	2.026

node  4		 link	 weight	 bias -1.892
		1  0	-3.707
		2  1	-1.382
		3  1	-10.411
		4  1	1.025
		5  1	7.535
		6  1	1.429
		7  0	-2.03
		8  1	-8.23
		9  1	-4.269
		10  1	2.085
		15  1	2.771
		16  1	0.869
		17  1	3.218
		18  0	-0.294
		19  1	-2.766
		20  1	-1.972
		21  1	1.508
		22  0	-4.28
		23  0	4.822
		24  1	-0.373
		25  1	-1.941
		26  0	3.343
		27  1	-0.234
		28  0	-1.367
		29  0	6.143
		30  0	-0.113
		31  1	0.884
		32  0	7.855
		33  0	-1.104
		34  1	-9.807

node  5		 link	 weight	 bias 33.272
		1  1	-4.282
		2  1	7.086
		3  1	-10.08
		4  1	0.37
		5  0	-3.123
		6  0	-1.447
		7  0	-5.194
		8  1	-0.51
		9  0	2.923
		10  0	1.968
		15  1	4.24
		16  1	3.17
		17  0	1.064
		18  1	-0.505
		19  0	0.00400011
		20  0	6.557
		21  0	4.264
		22  0	3.104
		23  1	-10.01
		24  0	-3.289
		25  0	10.47
		26  0	1.496
		27  1	-1.522
		28  0	2.193
		29  0	-1.906
		30  1	0.695
		31  1	-1.727
		32  1	1.716
		33  0	-4.493
		34  1	-5.612

node  6		 link	 weight	 bias -15.476
		1  1	-0.0599998
		2  0	-2.475
		3  0	-3.589
		4  1	-3.79
		5  1	1.568
		6  1	-1.626
		7  1	-8.473
		8  0	-10.694
		9  0	-6.589
		10  1	-4.74
		15  0	-2.941
		16  0	-1.192
		17  1	-5.823
		18  1	-1.205
		19  1	-5.636
		20  0	-0.27
		21  0	-5.225
		22  1	-2.618
		23  1	-4.131
		24  0	3.524
		25  1	1.221
		26  1	4.215
		27  1	-6.65
		28  0	4.709
		29  0	-1.238
		30  0	-1.753
		31  1	-0.386
		32  1	-5.892
		33  0	0.79
		34  0	0.0920002

node  7		 link	 weight	 bias -5.106
		1  1	0.955
		2  0	-3.07
		3  1	-5.281
		4  1	0.364
		5  1	-1.105
		6  1	-4.035
		7  1	-4.527
		8  0	-5.519
		9  1	-3.849
		10  1	0.581
		15  0	6.212
		16  0	0.238
		17  1	-1.09
		18  1	-6.256
		19  0	-0.262
		20  1	1.325
		21  1	1.044
		22  1	-5.113
		23  0	-0.31
		24  0	7.372
		25  0	-0.534
		26  0	6.969
		27  1	-3.967
		28  1	-3.61
		29  1	-1.358
		30  1	1.833
		31  0	-4.805
		32  0	-1.364
		33  1	2.558
		34  1	3.205

node  8		 link	 weight	 bias -77.351
		1  0	4.576
		2  0	6.645
		3  0	-4.363
		4  0	-2.95
		5  1	4.311
		6  1	3.339
		7  0	-5.981
		8  0	-2.932
		9  0	-3.582
		10  0	5.625
		15  1	-1.296
		16  0	7.716
		17  1	-1.387
		18  0	-3.677
		19  0	-2.591
		20  0	-3.27
		21  0	1.158
		22  1	-7.456
		23  1	-1.123
		24  1	3.463
		25  0	2.516
		26  0	1.839
		27  1	-3.401
		28  0	0.0220002
		29  1	-3.647
		30  0	-1.079
		31  0	-5.225
		32  0	-4.443
		33  0	1.729
		34  1	-9.512

node  9		 link	 weight	 bias -56.342
		1  1	1.921
		2  0	4.594
		3  0	-5.429
		4  1	0.385
		5  0	-1.394
		6  1	-4.85
		7  1	-3.716
		8  1	2.905
		9  1	-5.886
		10  0	2.44
		15  1	-4.5
		16  1	4.185
		17  0	-4.481
		18  0	6.886
		19  0	-1.732
		20  1	3.622
		21  0	-2.932
		22  1	2.759
		23  0	6.916
		24  1	-2.289
		25  0	2.649
		26  0	5.941
		27  1	-6.183
		28  0	-0.187
		29  0	-2.29
		30  0	-0.482
		31  0	-9.473
		32  0	-1.875
		33  1	-2.308
		34  0	-1.288

node  10		 link	 weight	 bias -53.056
		1  1	-1.537
		2  0	3.591
		3  1	3.094
		4  0	-4.894
		5  0	-8.443
		6  0	0.484
		7  0	4.975
		8  1	-3.771
		9  1	-2.058
		10  0	-1.873
		15  1	2.26
		16  1	-5.682
		17  0	-1.521
		18  0	-0.359
		19  1	2.105
		20  1	3.242
		21  0	-0.726
		22  1	6.608
		23  0	-1.919
		24  1	-1.498
		25  0	-7.145
		26  1	3.666
		27  0	-4.234
		28  0	2.459
		29  0	-4.961
		30  0	-0.318
		31  1	-1.016
		32  0	-1.015
		33  1	-5.222
		34  1	3.955


 Layer 5

node  1		 link	 weight	 bias -4.421
		1  0	-1.425
		2  0	3.553
		3  0	3.884
		4  1	0.463
		5  1	-4.795
		6  0	-5.94
		7  1	-1.983
		8  0	4.812
		9  0	0.716
		10  0	-1.539
		15  0	-9.767
		16  0	-8.167
		17  0	-6.83
		18  0	-2.738
		19  0	-5.07
		20  0	-2.525
		21  1	0.03
		22  0	1.872
		23  0	1.236
		24  0	-1.427
		25  0	2.165
		26  0	1.973
		27  1	0.544
		28  0	-13.558
		29  0	8.692
		30  0	-6.645
		31  0	3.996
		32  1	-0.554
		33  0	-2.693
		34  0	2.813
		35  0	0.022
		36  0	-2.625
		37  0	0.759
		38  1	1.647
		39  0	0
		40  1	3.719
		41  1	-0.0310001
		42  1	-0.761
		43  0	5.704
		44  0	-14.394

node  2		 link	 weight	 bias 1.423
		1  0	4.372
		2  0	-4.205
		3  0	-7.673
		4  0	0
		5  0	-1.199
		6  0	-2.258
		7  1	1.308
		8  0	-0.566
		9  0	-0.835
		10  0	-0.28
		15  0	0.0710001
		16  0	1.247
		17  0	-8.541
		18  0	-8.172
		19  0	4.515
		20  0	-1.566
		21  0	-3.089
		22  0	-1.72
		23  0	0.872
		24  0	-7.372
		25  0	-3.954
		26  1	-1.56
		27  0	-0.186
		28  0	3.557
		29  0	6.196
		30  0	-5.099
		31  0	-2.115
		32  0	-1.415
		33  1	-0.467
		34  0	2.373
		35  0	-0.367
		36  0	5.384
		37  0	-3.035
		38  0	-1.671
		39  0	-7.565
		40  0	1.32
		41  0	2.474
		42  0	-2.531
		43  0	-2.821
		44  0	-2.369

node  3		 link	 weight	 bias 0.783
		1  0	-3.706
		2  0	-1.684
		3  1	2.975
		4  0	4.812
		5  1	4.064
		6  1	-7.433
		7  0	-6.001
		8  1	3.741
		9  0	-0.155
		10  0	-3.809
		15  0	-3.368
		16  0	-5.608
		17  0	-0.127
		18  0	-1.913
		19  0	3.326
		20  0	3.9
		21  0	-10.899
		22  1	0
		23  1	-0.00399983
		24  0	3.591
		25  0	-2.911
		26  0	1.627
		27  0	2.216
		28  0	-3.636
		29  0	-0.459
		30  1	-0.00400019
		31  0	1.521
		32  0	1.188
		33  0	-0.886
		34  0	1.494
		35  0	-3.678
		36  0	-6.237
		37  0	4.492
		38  1	-0.417
		39  1	-0.62
		40  0	-4.041
		41  0	-0.696
		42  0	2.656
		43  0	0.992
		44  0	0

node  4		 link	 weight	 bias 1.053
		1  0	0
		2  1	-2.157
		3  1	-1.107
		4  0	-0.454
		5  1	1.226
		6  1	4.041
		7  0	-2.188
		8  1	5.804
		9  0	-2.202
		10  0	-4.883
		15  0	-0.605
		16  0	-11.82
		17  1	1.465
		18  0	-1.767
		19  0	-4.264
		20  0	1.721
		21  0	-10.435
		22  0	3.603
		23  1	0
		24  0	0.957
		25  0	2.156
		26  0	-9.958
		27  1	-0.225
		28  0	2.158
		29  0	-3.677
		30  0	2.77
		31  0	2.883
		32  0	-2.95
		33  0	-0.69
		34  0	6.665
		35  1	0.768
		36  0	-4.639
		37  0	1.285
		38  0	-0.621
		39  0	-1.213
		40  0	-7.198
		41  0	2.134
		42  0	-10.379
		43  0	-4.269
		44  0	-4.671
