
======================================================
Score	5.27253e+14
Z	0.00154923
alpha	-1.79812
betta	-0.0784559
gamma	-0.0504153
Vx	-0.172277
Vy	-0.0214787
Vz	-0.0297484
engIng	0
cFuel	92
tfuel	193.282
======================================================

Initial Parametrs
rOa	{ 143 ; 194 ; -59 }

V	{ 11 ; 0 ; 5 }

w	{ -0.29 ; -0.37 ; 0.19 }

alpha	0.131
betta	0.077
gamma	-0.302
======================================================

 Layer 2

node  1		 link	 weight	 bias -0.196
		1  0	1.212
		2  0	-4.697
		3  0	1.63
		4  1	0
		5  1	-2.404
		6  0	5.879
		7  0	-8.56
		8  0	-1.346
		9  0	1.851
		10  0	-3.264

node  2		 link	 weight	 bias -1.365
		1  0	-1.154
		2  0	-0.314
		3  1	-1.638
		4  0	-1.914
		5  1	0.22
		6  0	-4.56
		7  0	-4.585
		8  0	-10.929
		9  0	-3.933
		10  0	10.775

node  3		 link	 weight	 bias 12.366
		1  1	6.045
		2  1	-28.556
		3  1	-20.348
		4  1	2.782
		5  0	-1.538
		6  0	-0.991
		7  1	1.596
		8  0	2.908
		9  1	-37.073
		10  1	-27.409

node  4		 link	 weight	 bias -20.661
		1  1	0.0849999
		2  1	2.647
		3  1	1.998
		4  1	1.379
		5  0	-7.828
		6  1	-0.996
		7  0	-2.6
		8  0	0.448
		9  0	0.851
		10  1	1.976

node  5		 link	 weight	 bias -0.471999
		1  0	2.535
		2  1	8.199
		3  1	0.367
		4  1	0.0149999
		5  0	4.811
		6  1	0.26
		7  0	-1.037
		8  1	-0.344
		9  1	3.316
		10  0	-2.088

node  6		 link	 weight	 bias 7.758
		1  0	-1.401
		2  0	4.897
		3  0	-10.238
		4  1	0.731
		5  0	-1.739
		6  0	-15.838
		7  0	-4.036
		8  0	-1.27
		9  0	-1.781
		10  0	-4.417

node  7		 link	 weight	 bias -45.202
		1  1	1.904
		2  0	3.16
		3  0	0.461
		4  0	-6.21
		5  1	5.159
		6  0	-4.69
		7  1	-0.529
		8  0	-4.487
		9  0	-1.556
		10  1	3.018

node  8		 link	 weight	 bias -69.58
		1  1	-3.446
		2  1	1.967
		3  0	-13.671
		4  0	-5.538
		5  0	-1.387
		6  1	0.916
		7  1	0.049
		8  1	-2.707
		9  0	-7.048
		10  1	-3.035

node  9		 link	 weight	 bias -4.436
		1  0	0.468
		2  0	-0.145
		3  1	-1.83
		4  0	-6.709
		5  0	-0.258
		6  0	0.234
		7  1	-4.586
		8  0	-5.014
		9  0	-0.688
		10  1	-3.461

node  10		 link	 weight	 bias -1.505
		1  0	1.438
		2  0	3.393
		3  1	6.245
		4  0	-5.775
		5  0	-6.927
		6  0	-9.497
		7  0	-2.757
		8  1	0.872
		9  0	-3.82
		10  1	6.065


 Layer 3

node  1		 link	 weight	 bias -0.278
		1  0	0.628
		2  1	-0.158
		3  0	-6.543
		4  0	-2.391
		5  0	0.466
		6  0	-3.469
		7  0	0.2
		8  0	-0.793
		9  1	3.373
		10  0	-5.225
		15  1	1.139
		16  0	-6.958
		17  0	2.776
		18  0	0.785
		19  0	-9.866
		20  0	-1.247
		21  0	2.714
		22  0	-0.0929998
		23  0	-3.939
		24  0	-1.499

node  2		 link	 weight	 bias -14.746
		1  0	-2.062
		2  0	-1.36
		3  1	-1.303
		4  1	-1.137
		5  1	3.025
		6  1	-3.559
		7  1	-4.139
		8  1	-2.633
		9  0	-1.895
		10  0	3.106
		15  1	0.398
		16  0	-3.206
		17  0	-3.586
		18  0	-2.831
		19  1	-7.649
		20  1	-1.049
		21  1	-2.023
		22  0	-6.263
		23  0	5.423
		24  0	-5.087

node  3		 link	 weight	 bias 7.649
		1  1	2.706
		2  1	0.224
		3  0	-0.0630002
		4  0	-0.195
		5  0	-0.725
		6  0	0.0600001
		7  1	0.0770001
		8  0	-2.238
		9  1	0.419
		10  1	1.163
		15  0	5.493
		16  1	0
		17  1	-0.126
		18  1	5.239
		19  1	1.431
		20  0	-3.894
		21  0	1.499
		22  0	7.955
		23  0	-5.42
		24  0	-1.254

node  4		 link	 weight	 bias -9.405
		1  0	2.705
		2  0	3.125
		3  0	2.957
		4  1	-9.259
		5  1	-0.651
		6  0	-11.6
		7  1	1.706
		8  0	-6.468
		9  0	-3.04
		10  0	-4.073
		15  0	0.108
		16  1	0.864
		17  1	7.053
		18  0	2.434
		19  1	2.612
		20  1	5.401
		21  0	4.803
		22  1	-5.096
		23  0	2.913
		24  0	-3.284

node  5		 link	 weight	 bias -42.886
		1  0	3.224
		2  0	0.872
		3  0	-2.013
		4  0	0.242
		5  1	1.161
		6  1	1.785
		7  0	-8.526
		8  0	0.276
		9  1	0.655
		10  1	-1.452
		15  0	3.083
		16  0	3.762
		17  0	-3.637
		18  0	3.194
		19  1	-2.442
		20  0	-0.344
		21  1	-0.981
		22  1	7.105
		23  1	-0.0669999
		24  0	6.165

node  6		 link	 weight	 bias -7.212
		1  0	6.675
		2  0	0.836
		3  0	-5.278
		4  0	1.709
		5  1	-3.827
		6  1	0.350001
		7  0	-3.267
		8  1	-8.232
		9  0	-3.934
		10  0	3.481
		15  1	0.147
		16  0	2.557
		17  0	-2.649
		18  1	-1.644
		19  1	-5.781
		20  0	0.153
		21  0	2.374
		22  1	-5.985
		23  0	3.771
		24  1	3.342

node  7		 link	 weight	 bias 22.602
		1  0	-1.065
		2  1	2.962
		3  1	1.136
		4  0	2.201
		5  0	3.716
		6  0	0.586
		7  0	3.951
		8  1	1.298
		9  1	-5.673
		10  1	2.528
		15  0	-4.319
		16  0	-1.72
		17  0	1.27
		18  1	-0.0389999
		19  0	0.118
		20  1	0.247
		21  1	-0.379
		22  1	-1.926
		23  1	0.335
		24  0	1.47

node  8		 link	 weight	 bias -2.91
		1  1	-1.384
		2  0	-0.0210001
		3  1	-3.36
		4  0	-7.826
		5  1	2.642
		6  0	-0.641
		7  0	6.246
		8  1	-4.25
		9  1	4.831
		10  0	-0.567
		15  1	2.305
		16  0	-0.283
		17  0	-1.489
		18  1	2.558
		19  0	-1.574
		20  1	5.648
		21  0	-2.478
		22  0	0.663
		23  0	1.172
		24  1	-3.244

node  9		 link	 weight	 bias -9.925
		1  0	-0.778
		2  0	-0.256
		3  0	-2.763
		4  0	-4.229
		5  0	2.179
		6  0	-8.29
		7  1	-2.864
		8  1	-7.884
		9  0	-0.592
		10  0	1.581
		15  1	-1.495
		16  1	6.923
		17  0	1.886
		18  1	1.294
		19  0	-4.166
		20  0	-2.506
		21  1	0.676
		22  0	-3.091
		23  0	-6.234
		24  0	5.166

node  10		 link	 weight	 bias -32.753
		1  0	5.21
		2  0	-4.933
		3  0	-3.489
		4  1	-2.954
		5  0	-1.594
		6  1	3.45
		7  0	1.429
		8  1	-4.384
		9  1	-2.272
		10  0	-0.966
		15  1	8.201
		16  0	-3.893
		17  1	-2.867
		18  1	-5.57
		19  1	1.82
		20  1	0.885
		21  1	3.957
		22  1	-1.076
		23  1	-3.078
		24  0	-7.981


 Layer 4

node  1		 link	 weight	 bias -5.746
		1  1	-7.701
		2  1	-3.292
		3  0	4.311
		4  0	2.69
		5  0	-0.198
		6  0	1.84
		7  1	3.495
		8  1	4.143
		9  1	-1.798
		10  0	4.336
		15  0	-1.699
		16  1	-1.857
		17  1	-3.367
		18  1	2.44
		19  1	1.525
		20  0	0.708
		21  0	-4.605
		22  0	-3.786
		23  0	-4.367
		24  1	-1.429
		25  0	3.412
		26  1	-2.353
		27  1	-2.115
		28  1	-3.144
		29  0	-0.275
		30  0	-2.673
		31  1	2.441
		32  1	0.754
		33  0	-1.652
		34  1	8.405

node  2		 link	 weight	 bias -10.249
		1  0	-0.854
		2  1	-2.5
		3  0	4.304
		4  0	-1.776
		5  1	-3.83
		6  1	-2.108
		7  0	-1.844
		8  0	-3.598
		9  1	-3.864
		10  1	-4.408
		15  1	1.894
		16  1	-0.593
		17  0	-0.881
		18  1	-2.135
		19  1	4.649
		20  1	0.0210001
		21  1	-5.464
		22  1	-5.983
		23  1	0.232
		24  1	6.65
		25  0	3.5
		26  0	-0.806
		27  0	-1.343
		28  1	-4.002
		29  1	-1.665
		30  1	2.345
		31  0	2.685
		32  0	-6.101
		33  1	2.834
		34  0	-5.402

node  3		 link	 weight	 bias -8.457
		1  0	-10.792
		2  0	0.107
		3  0	-4.984
		4  1	-5.627
		5  0	2.898
		6  1	-1.904
		7  1	1.525
		8  1	-0.17
		9  0	-5.495
		10  0	2.98
		15  0	6.736
		16  0	-0.0630002
		17  0	2.625
		18  0	2.994
		19  0	0.596
		20  1	1.95
		21  1	-1.787
		22  1	3.18
		23  1	-3.371
		24  0	5.625
		25  0	-2.023
		26  0	-4.43
		27  0	-2.805
		28  0	0.0109996
		29  1	-2.031
		30  1	-5.744
		31  0	-3.113
		32  0	-2.237
		33  0	-5.427
		34  1	1.831

node  4		 link	 weight	 bias -24.439
		1  0	-1.187
		2  1	2.927
		3  0	-3.476
		4  0	1.839
		5  0	9.356
		6  1	1.688
		7  0	-1.161
		8  0	-3.067
		9  0	-0.0909998
		10  0	-0.469
		15  1	-3.686
		16  0	1.988
		17  0	-2.526
		18  1	-2.266
		19  1	-7.653
		20  1	-0.768
		21  1	-2.241
		22  1	-6.933
		23  0	4.049
		24  1	0.938
		25  1	-5.379
		26  1	-4.402
		27  1	-0.306
		28  0	1.424
		29  0	8.09
		30  0	-1.62
		31  0	-4.405
		32  1	2.164
		33  0	0.344
		34  0	-2.13

node  5		 link	 weight	 bias -18.438
		1  1	-2.203
		2  0	10.529
		3  0	-0.602
		4  0	-2.73
		5  0	5.308
		6  1	0.549
		7  1	-10.49
		8  1	-0.55
		9  0	-8.718
		10  0	-1.092
		15  1	-6.565
		16  0	-0.538
		17  1	0.299
		18  1	3.567
		19  0	0.714
		20  1	5.765
		21  1	-3.917
		22  1	-3.127
		23  1	-1.311
		24  1	-4.002
		25  0	2.434
		26  0	-3.714
		27  0	0.0839999
		28  0	0.478
		29  0	4.608
		30  0	1.166
		31  1	-3.156
		32  1	8.159
		33  1	2.764
		34  1	-3.06

node  6		 link	 weight	 bias -4.818
		1  0	3.558
		2  1	-0.275
		3  0	8.498
		4  1	0.676
		5  0	-4.562
		6  0	5.56
		7  0	-0.578
		8  1	2.242
		9  0	-1.825
		10  0	-4.252
		15  0	0.425
		16  1	-1.252
		17  1	0.845
		18  0	1.678
		19  0	-2.437
		20  0	-0.701
		21  0	1.267
		22  0	-5.367
		23  1	0.539
		24  0	-2.4
		25  1	-10.472
		26  0	-1.685
		27  0	0
		28  0	-8.248
		29  1	-0.988
		30  1	1.454
		31  1	-2.985
		32  0	-4.343
		33  1	-3.703
		34  1	-0.957

node  7		 link	 weight	 bias -67.998
		1  1	-3.854
		2  1	0.854
		3  1	2.195
		4  1	0.925
		5  1	1.5
		6  0	11.832
		7  1	-3.275
		8  1	8.161
		9  1	3.486
		10  1	-2.422
		15  0	-4.696
		16  0	0.726
		17  0	3.336
		18  0	2.427
		19  0	11.695
		20  1	-1.343
		21  0	-3.879
		22  1	-4.63
		23  0	0.0630001
		24  0	-3.908
		25  1	-4.825
		26  0	1.695
		27  0	9.833
		28  0	-9.099
		29  0	4.955
		30  0	4.635
		31  0	-2.725
		32  0	-2.407
		33  0	-5.336
		34  0	2.12

node  8		 link	 weight	 bias -1.135
		1  0	-0.249
		2  0	-0.441
		3  1	-1.463
		4  0	-4.998
		5  0	-4.454
		6  0	-1.623
		7  0	1.433
		8  0	0.345
		9  0	10.841
		10  0	0.16
		15  1	1.089
		16  0	-1.238
		17  1	2.097
		18  0	0.743
		19  0	8.753
		20  0	-4.645
		21  0	2.385
		22  1	-0.848
		23  1	-4.892
		24  1	-2.518
		25  0	-2.163
		26  0	-2.171
		27  0	-2.449
		28  1	-6.761
		29  0	-2.469
		30  1	-12.055
		31  1	1.814
		32  0	7.291
		33  0	6.54
		34  1	0.612

node  9		 link	 weight	 bias -43.463
		1  1	-3.685
		2  0	2.029
		3  1	-1.541
		4  0	-5.331
		5  1	-2.9
		6  1	0.518
		7  0	-2.711
		8  1	-0.583
		9  1	-1.025
		10  1	1.483
		15  0	-0.0639999
		16  0	-8.008
		17  0	-1.201
		18  0	-4.46
		19  0	-3.056
		20  1	-3.863
		21  0	3.498
		22  1	-3.503
		23  1	1.589
		24  0	3.541
		25  0	1.514
		26  1	1.173
		27  1	-0.755
		28  0	-5.003
		29  0	2.46
		30  1	-5.646
		31  0	0.382
		32  0	0.341
		33  1	2.467
		34  1	3.785

node  10		 link	 weight	 bias -12.314
		1  1	-4.006
		2  1	-0.217
		3  1	-3.312
		4  1	-6.256
		5  0	-5.703
		6  0	-0.978
		7  0	0.703
		8  1	6.195
		9  0	-1.082
		10  1	-2.717
		15  1	7.887
		16  0	8.051
		17  1	-0.404
		18  0	-1.034
		19  1	0.849001
		20  0	-2.781
		21  0	-3.637
		22  0	-5.697
		23  0	-7.841
		24  0	-2.362
		25  0	6.996
		26  1	-7.035
		27  0	-3.287
		28  0	3.755
		29  1	4.544
		30  0	-1.054
		31  0	-1.317
		32  1	-5.826
		33  1	6.879
		34  1	2.485


 Layer 5

node  1		 link	 weight	 bias -2.455
		1  0	2.72
		2  1	0.02
		3  0	-4.789
		4  0	3.622
		5  0	2.826
		6  0	0.623
		7  1	-2.621
		8  0	1.378
		9  0	-6.248
		10  0	-7.974
		15  0	1.261
		16  0	-4.533
		17  0	-0.622
		18  0	3.212
		19  0	3.082
		20  0	-8.319
		21  0	-0.814
		22  0	-0.952
		23  0	2.794
		24  0	1.152
		25  0	9.21
		26  0	-2.377
		27  1	-2.063
		28  0	-1.338
		29  0	1.003
		30  0	-5.121
		31  0	0
		32  0	2.524
		33  0	-3.018
		34  0	-2.892
		35  0	6.228
		36  0	-4.222
		37  0	-1.805
		38  0	-0.305
		39  0	-5.405
		40  0	-4.897
		41  0	-0.651
		42  1	-0.00699997
		43  0	-1.451
		44  0	-2.001

node  2		 link	 weight	 bias -3.327
		1  0	3.232
		2  0	-2.732
		3  0	5.351
		4  0	-6.173
		5  0	-5.628
		6  0	-2.055
		7  0	-4.437
		8  1	0
		9  0	5.029
		10  0	0.758
		15  0	-1.919
		16  1	-2.189
		17  0	-2.655
		18  0	-0.105
		19  0	-2.834
		20  0	2.27
		21  0	2.462
		22  0	2.607
		23  1	0.59
		24  0	0.853
		25  0	-0.393
		26  0	-1.255
		27  0	-2.614
		28  0	-2.654
		29  0	-6.085
		30  0	3.405
		31  0	4.705
		32  0	-1.989
		33  0	-0.475
		34  0	-6.018
		35  0	-0.708
		36  0	0.774001
		37  0	-1.235
		38  0	-1.892
		39  0	1.162
		40  0	3.565
		41  0	-6.502
		42  0	-17.856
		43  0	0.61
		44  0	5.458

node  3		 link	 weight	 bias 0.449001
		1  0	1.412
		2  1	-0.429
		3  0	-0.897
		4  0	5.218
		5  0	0.334
		6  0	-0.383
		7  0	-3.16
		8  1	2.224
		9  0	3.287
		10  0	3.639
		15  0	-6.302
		16  0	-0.0129997
		17  0	-5.476
		18  0	0.718
		19  0	3.052
		20  0	-2.822
		21  0	-2.568
		22  0	-3.693
		23  0	-4.598
		24  0	2.656
		25  0	-5.216
		26  0	-0.635
		27  0	-5.729
		28  0	-4.769
		29  0	0.545
		30  0	-7.089
		31  0	4.891
		32  0	-3.112
		33  0	10.253
		34  0	-1.007
		35  0	9.607
		36  0	-0.842
		37  0	3.592
		38  0	-3.519
		39  0	-5.602
		40  1	-0.0569999
		41  0	-6.075
		42  0	-8.688
		43  0	-4.415
		44  0	2.845

node  4		 link	 weight	 bias 1.982
		1  0	-2.829
		2  0	0.865
		3  0	-0.518
		4  1	2.815
		5  0	-2.274
		6  1	0.769
		7  0	-2.7
		8  0	-0.837
		9  0	1.178
		10  0	3.055
		15  0	0
		16  0	-1.678
		17  0	3.027
		18  0	-3.151
		19  1	0.036
		20  0	-2.224
		21  0	7.715
		22  0	-1.726
		23  0	1.779
		24  1	0.04
		25  1	0.163
		26  0	-5.858
		27  0	-1.823
		28  0	-5.451
		29  0	-1.52
		30  0	-0.691
		31  0	-10.079
		32  0	3.119
		33  1	0
		34  0	-4.409
		35  0	0
		36  0	3.567
		37  0	-0.965
		38  0	3.754
		39  0	-2.767
		40  0	1.992
		41  0	0.538
		42  0	1.222
		43  0	1.994
		44  0	-1.156
