
======================================================
Score	5.2962e+14
Z	0.00265726
alpha	-1.79812
betta	-0.0784559
gamma	-0.0504153
Vx	-0.167038
Vy	-0.0211941
Vz	-0.0286978
engIng	0
cFuel	92
tfuel	193.298
======================================================

Initial Parametrs
rOa	{ 143 ; 194 ; -59 }

V	{ 11 ; 0 ; 5 }

w	{ -0.29 ; -0.37 ; 0.19 }

alpha	0.131
betta	0.077
gamma	-0.302
======================================================

 Layer 2

node  1		 link	 weight	 bias -0.196
		1  0	1.212
		2  0	-4.573
		3  0	3.139
		4  1	0
		5  1	-2.404
		6  0	5.879
		7  0	-9.625
		8  0	-1.346
		9  0	0.682001
		10  0	-3.264

node  2		 link	 weight	 bias -1.335
		1  0	-1.154
		2  0	-1.934
		3  1	-1.638
		4  0	-1.914
		5  1	0.22
		6  0	-4.56
		7  0	-4.585
		8  0	-10.929
		9  0	-3.933
		10  0	10.775

node  3		 link	 weight	 bias 12.495
		1  1	6.045
		2  0	-29.142
		3  1	-17.895
		4  1	5.468
		5  0	-1.538
		6  0	-0.991
		7  1	1.596
		8  0	2.908
		9  1	-38.264
		10  1	-30.233

node  4		 link	 weight	 bias -20.662
		1  1	0.0849999
		2  1	2.647
		3  1	1.998
		4  1	1.379
		5  0	-7.828
		6  1	-0.996
		7  0	-2.6
		8  0	0.448
		9  0	0.851
		10  1	1.976

node  5		 link	 weight	 bias -0.471999
		1  0	2.535
		2  1	8.775
		3  1	0.367
		4  1	0.0149999
		5  0	4.811
		6  1	0.294
		7  0	-1.037
		8  1	-0.344
		9  1	3.316
		10  0	-0.558

node  6		 link	 weight	 bias 7.646
		1  0	-2.872
		2  0	4.897
		3  0	-10.238
		4  1	2.058
		5  0	-1.739
		6  0	-14.741
		7  0	-4.036
		8  1	-1.27
		9  0	0.614
		10  1	-4.417

node  7		 link	 weight	 bias -52.871
		1  1	3.719
		2  0	3.16
		3  0	0.461
		4  0	-6.21
		5  1	5.159
		6  1	-4.69
		7  1	-0.529
		8  0	-3.539
		9  1	-2.652
		10  0	3.102

node  8		 link	 weight	 bias -72.067
		1  1	-3.446
		2  1	1.967
		3  0	-13.671
		4  0	-5.538
		5  0	-1.387
		6  1	0.916
		7  1	0.049
		8  1	-2.707
		9  0	-7.048
		10  0	-3.035

node  9		 link	 weight	 bias -4.397
		1  0	0.315
		2  0	-0.145
		3  1	-1.83
		4  0	-6.709
		5  0	-2.755
		6  0	0.801
		7  1	-4.586
		8  0	-5.014
		9  0	-0.688
		10  1	-3.461

node  10		 link	 weight	 bias -3.579
		1  0	-0.258
		2  0	3.393
		3  1	6.245
		4  1	-5.665
		5  0	-10.255
		6  0	-9.497
		7  0	-2.757
		8  1	0.899
		9  0	-1.758
		10  1	6.065


 Layer 3

node  1		 link	 weight	 bias -0.278
		1  0	0.628
		2  1	-0.158
		3  0	-6.543
		4  0	-2.391
		5  0	0.466
		6  0	-3.192
		7  0	0.2
		8  0	-0.793
		9  1	3.373
		10  0	-5.225
		15  1	1.139
		16  0	-6.958
		17  0	2.776
		18  0	0.785
		19  0	-8.74
		20  0	-1.247
		21  0	2.714
		22  0	-0.0929998
		23  0	-3.939
		24  0	-3.818

node  2		 link	 weight	 bias -12.935
		1  0	-4.388
		2  0	-1.36
		3  1	-1.303
		4  1	-1.137
		5  1	3.392
		6  0	-3.559
		7  1	-4.139
		8  1	-2.633
		9  0	-1.895
		10  0	3.106
		15  1	0.398
		16  0	-3.206
		17  0	-4.196
		18  0	-2.831
		19  1	-7.649
		20  1	-1.049
		21  1	-0.787
		22  0	-7.356
		23  0	5.423
		24  1	-5.087

node  3		 link	 weight	 bias 7.649
		1  1	2.706
		2  1	0.224
		3  0	-0.0630002
		4  0	-1.238
		5  0	-0.725
		6  0	0.0600001
		7  1	0.0770001
		8  0	-1.749
		9  1	0.419
		10  1	1.163
		15  0	5.493
		16  0	0
		17  1	-0.126
		18  1	5.239
		19  1	1.431
		20  0	-3.894
		21  0	1.499
		22  0	7.955
		23  0	-5.42
		24  0	-1.254

node  4		 link	 weight	 bias -16.245
		1  0	2.705
		2  0	3.125
		3  0	2.957
		4  0	-10.468
		5  1	-0.651
		6  0	-12.171
		7  0	1.706
		8  0	-6.468
		9  0	-3.04
		10  1	-4.073
		15  0	0.634
		16  1	0.864
		17  1	7.053
		18  0	2.434
		19  1	2.833
		20  1	5.401
		21  0	4.803
		22  1	-4.959
		23  0	2.913
		24  0	-1.688

node  5		 link	 weight	 bias -41.866
		1  0	3.224
		2  1	-1.511
		3  0	-2.013
		4  0	0.242
		5  1	1.161
		6  1	0.93
		7  0	-8.526
		8  0	0.276
		9  1	0.655
		10  1	-2.057
		15  0	3.083
		16  0	4.021
		17  1	-3.637
		18  1	3.194
		19  1	-2.442
		20  1	-2.27
		21  0	1.124
		22  0	6.161
		23  1	-0.0669999
		24  0	6.165

node  6		 link	 weight	 bias -8.303
		1  0	6.675
		2  0	0.836
		3  0	-5.278
		4  0	1.709
		5  1	-3.827
		6  1	-1.725
		7  0	-3.267
		8  1	-8.232
		9  0	-5.457
		10  0	3.481
		15  0	0.147
		16  0	2.557
		17  0	-2.649
		18  1	-1.644
		19  1	-5.781
		20  0	1.064
		21  0	2.374
		22  1	-5.985
		23  0	3.665
		24  1	3.367

node  7		 link	 weight	 bias 18.502
		1  0	0.085
		2  1	2.962
		3  1	1.136
		4  0	0.154
		5  0	3.716
		6  0	0.586
		7  0	3.951
		8  1	1.298
		9  1	-3.567
		10  1	2.528
		15  1	-5.932
		16  0	-1.72
		17  0	1.27
		18  1	-1.949
		19  0	0.118
		20  1	2.619
		21  0	-0.379
		22  1	-1.926
		23  1	-1.994
		24  0	1.47

node  8		 link	 weight	 bias -1.82
		1  1	-1.841
		2  0	-0.0210001
		3  1	-3.36
		4  0	-7.826
		5  0	2.642
		6  1	1.492
		7  0	5.898
		8  0	-4.25
		9  1	3.482
		10  1	-0.567
		15  1	2.673
		16  1	-1.375
		17  0	-1.489
		18  1	2.558
		19  0	-1.574
		20  1	5.648
		21  0	-2.478
		22  0	0.663
		23  0	1.172
		24  1	-3.244

node  9		 link	 weight	 bias -6.827
		1  0	-0.778
		2  0	-1.513
		3  0	-2.763
		4  0	-3.435
		5  0	1.146
		6  0	-8.29
		7  1	-2.864
		8  1	-7.884
		9  0	-0.592
		10  0	1.581
		15  1	-1.495
		16  1	6.923
		17  0	1.886
		18  1	2.437
		19  0	-4.166
		20  0	-1.538
		21  1	0.676
		22  0	-3.091
		23  0	-6.234
		24  0	6.372

node  10		 link	 weight	 bias -34.595
		1  0	5.21
		2  0	-2.507
		3  0	-3.489
		4  1	-2.954
		5  0	-0.797
		6  1	4.037
		7  0	1.429
		8  0	-4.384
		9  1	-2.272
		10  0	-0.966
		15  0	8.201
		16  0	-1.265
		17  0	-2.867
		18  1	-5.57
		19  1	1.82
		20  1	0.885
		21  1	3.957
		22  1	-1.076
		23  1	-1.351
		24  0	-7.981


 Layer 4

node  1		 link	 weight	 bias -1.363
		1  1	-7.701
		2  1	-3.292
		3  0	4.311
		4  0	2.69
		5  0	-0.198
		6  0	1.84
		7  1	2.04
		8  0	4.143
		9  1	-1.798
		10  0	4.336
		15  0	-1.699
		16  1	-1.857
		17  0	-3.367
		18  1	3.987
		19  1	3.161
		20  1	0.707
		21  0	-4.605
		22  0	-3.786
		23  0	-4.367
		24  0	-1.429
		25  0	3.412
		26  1	-2.353
		27  1	-2.115
		28  1	-3.144
		29  0	-0.275
		30  0	-0.181
		31  1	0.158999
		32  0	1.342
		33  0	-1.652
		34  1	8.405

node  2		 link	 weight	 bias -4.815
		1  0	-0.854
		2  1	-2.5
		3  0	7.412
		4  0	0.172
		5  1	-5.121
		6  1	-2.108
		7  1	-3.118
		8  0	-3.598
		9  1	-3.864
		10  1	-4.408
		15  0	1.894
		16  1	-0.593
		17  0	-0.881
		18  1	-3.58
		19  1	4.649
		20  1	0.0210001
		21  1	-7.283
		22  1	-5.983
		23  1	0.232
		24  0	7.039
		25  0	5.013
		26  0	-0.806
		27  0	-1.343
		28  1	-4.002
		29  0	-1.665
		30  1	2.345
		31  0	6.446
		32  0	-7.853
		33  0	1.627
		34  0	-5.402

node  3		 link	 weight	 bias -12.285
		1  0	-10.792
		2  0	2.072
		3  0	-4.984
		4  0	-5.627
		5  0	2.898
		6  1	-1.904
		7  1	1.525
		8  1	-0.17
		9  1	-6.406
		10  0	2.98
		15  1	6.736
		16  0	-0.0630002
		17  1	2.625
		18  0	2.994
		19  0	-0.751
		20  1	1.95
		21  1	-1.787
		22  1	3.224
		23  0	-3.011
		24  0	3.876
		25  1	-2.023
		26  0	-4.43
		27  0	-4.422
		28  0	0.0109996
		29  1	-2.031
		30  1	-5.744
		31  0	-3.113
		32  0	-2.237
		33  0	-7.288
		34  1	1.831

node  4		 link	 weight	 bias -18.659
		1  0	-1.025
		2  1	4.208
		3  1	-3.476
		4  0	1.839
		5  0	9.356
		6  1	1.688
		7  0	-1.161
		8  0	-3.067
		9  0	-0.711
		10  0	-0.469
		15  1	-3.686
		16  0	-0.95
		17  0	-2.526
		18  1	-2.266
		19  1	-7.653
		20  1	-0.879
		21  1	-2.241
		22  0	-6.933
		23  0	4.049
		24  1	0.938
		25  1	-5.379
		26  1	-4.402
		27  1	-1.461
		28  0	1.424
		29  0	8.09
		30  0	-1.62
		31  0	-6.532
		32  1	2.164
		33  0	0.344
		34  0	-2.13

node  5		 link	 weight	 bias -25.162
		1  1	-2.203
		2  0	10.529
		3  0	-2.24
		4  1	-2.73
		5  0	5.308
		6  1	0.655
		7  1	-11.112
		8  1	1.579
		9  0	-6.714
		10  0	-0.0629998
		15  1	-6.565
		16  0	1.732
		17  1	1.575
		18  1	3.874
		19  0	0.714
		20  1	5.765
		21  1	-3.917
		22  0	-3.837
		23  0	-1.311
		24  1	-4.002
		25  0	2.434
		26  0	-3.714
		27  0	0.0839999
		28  0	0.478
		29  0	4.608
		30  0	3.043
		31  1	-2.594
		32  1	10.132
		33  1	2.764
		34  1	-4.205

node  6		 link	 weight	 bias -8.666
		1  0	3.558
		2  1	-0.275
		3  0	9.105
		4  1	0.676
		5  0	-4.562
		6  0	6.971
		7  0	-2.522
		8  1	2.242
		9  0	-3.012
		10  0	-5.698
		15  0	0.425
		16  1	-1.252
		17  1	0.845
		18  0	1.678
		19  0	-2.437
		20  1	-0.701
		21  0	3.748
		22  0	-5.367
		23  1	-0.196
		24  0	-2.4
		25  1	-10.455
		26  1	-1.685
		27  0	0
		28  0	-8.549
		29  1	-0.473
		30  1	1.454
		31  1	-2.836
		32  0	-3.423
		33  1	-4.603
		34  1	-0.957

node  7		 link	 weight	 bias -67.337
		1  1	-2.663
		2  1	0.854
		3  1	2.195
		4  1	0.925
		5  1	1.5
		6  0	11.832
		7  1	-3.275
		8  1	9.572
		9  1	3.486
		10  0	-2.422
		15  0	-4.696
		16  1	2.715
		17  0	3.336
		18  1	0.122
		19  0	8.775
		20  1	-1.343
		21  0	-3.879
		22  1	-4.63
		23  1	0.0630001
		24  0	-3.908
		25  1	-4.825
		26  0	0.254
		27  0	7.69
		28  0	-9.099
		29  0	4.955
		30  0	4.635
		31  1	-4.184
		32  0	-2.407
		33  0	-5.336
		34  0	2.12

node  8		 link	 weight	 bias -2.704
		1  0	-0.249
		2  0	1.838
		3  1	-1.463
		4  0	-4.998
		5  0	-5.794
		6  0	0.714
		7  1	1.433
		8  1	-1.12
		9  1	10.841
		10  0	0.16
		15  1	1.089
		16  0	0.105
		17  1	2.097
		18  0	0.743
		19  1	8.753
		20  0	-4.645
		21  0	2.385
		22  1	0.546
		23  1	-4.892
		24  1	-2.518
		25  0	-2.163
		26  0	-2.171
		27  0	-2.449
		28  1	-6.761
		29  0	-4.905
		30  1	-12.055
		31  1	1.814
		32  0	7.291
		33  0	6.583
		34  1	0.612

node  9		 link	 weight	 bias -44.9
		1  1	-4.108
		2  0	2.029
		3  1	-1.541
		4  0	-5.331
		5  0	-2.9
		6  1	0.518
		7  0	-2.711
		8  1	-0.623
		9  1	-1.025
		10  0	1.483
		15  0	-1.151
		16  0	-9.932
		17  0	-1.201
		18  1	-2.44
		19  0	-3.056
		20  1	-3.863
		21  0	3.498
		22  1	-3.503
		23  1	3.387
		24  0	3.541
		25  0	1.514
		26  1	1.173
		27  0	-0.755
		28  0	-5.003
		29  1	1.015
		30  1	-5.646
		31  0	0.382
		32  0	0.341
		33  1	0.316
		34  0	2.092

node  10		 link	 weight	 bias -17.367
		1  1	-4.006
		2  1	-0.371
		3  1	-3.312
		4  1	-6.256
		5  0	-5.703
		6  0	-0.978
		7  0	0.703
		8  1	4.77
		9  0	-1.082
		10  0	-0.4
		15  0	7.887
		16  0	9.424
		17  1	-0.404
		18  0	-1.22
		19  1	0.849001
		20  1	-4.164
		21  0	-3.637
		22  1	-5.697
		23  0	-5.891
		24  0	-2.362
		25  1	6.996
		26  1	-7.035
		27  0	-3.287
		28  1	4.561
		29  1	3.313
		30  0	-1.054
		31  0	-1.317
		32  1	-3.594
		33  1	6.879
		34  1	4.522


 Layer 5

node  1		 link	 weight	 bias -2.455
		1  0	4.372
		2  1	0.02
		3  0	-4.789
		4  0	3.622
		5  0	1.994
		6  0	0.328
		7  1	-2.621
		8  0	1.378
		9  0	-6.248
		10  0	-7.593
		15  0	1.261
		16  0	-4.533
		17  0	-0.622
		18  0	3.212
		19  0	3.082
		20  0	-6.694
		21  0	-0.814
		22  0	2.454
		23  0	2.794
		24  0	1.152
		25  0	11.138
		26  0	-2.377
		27  1	-2.063
		28  0	-3.78
		29  0	2.671
		30  0	-5.121
		31  1	0
		32  0	2.524
		33  0	-3.018
		34  0	-3.12
		35  0	4.683
		36  0	-4.222
		37  0	-1.805
		38  0	0.221
		39  0	-5.405
		40  0	-5.914
		41  0	1.459
		42  1	-0.00699997
		43  0	-1.451
		44  0	-2.417

node  2		 link	 weight	 bias -3.327
		1  0	3.232
		2  0	-2.39
		3  0	5.924
		4  0	-6.173
		5  0	-5.776
		6  0	-3.848
		7  0	-4.235
		8  1	0
		9  0	5.029
		10  0	3.028
		15  0	-1.919
		16  1	-2.189
		17  0	-2.655
		18  0	-0.105
		19  0	-3.875
		20  0	2.27
		21  0	2.462
		22  0	3.869
		23  1	0.59
		24  0	0.853
		25  0	-0.393
		26  0	-1.255
		27  0	-2.614
		28  0	-2.654
		29  0	-6.085
		30  0	3.405
		31  0	4.705
		32  0	-1.989
		33  0	-0.475
		34  0	-5.455
		35  0	-3.059
		36  0	0.774001
		37  0	-1.235
		38  0	-1.892
		39  0	1.162
		40  0	3.565
		41  0	-6.502
		42  0	-17.856
		43  0	1.382
		44  0	5.458

node  3		 link	 weight	 bias 0.449001
		1  0	1.412
		2  1	-0.429
		3  0	-0.897
		4  0	5.218
		5  0	2.782
		6  0	0.885
		7  0	-3.16
		8  1	2.224
		9  0	5.206
		10  0	2.405
		15  0	-6.302
		16  0	-0.0129997
		17  0	-5.476
		18  0	0.718
		19  0	2.522
		20  0	0.738
		21  0	-0.557
		22  0	-5.279
		23  0	-4.598
		24  0	1.106
		25  0	-5.216
		26  0	-0.635
		27  0	-6.199
		28  0	-2.456
		29  0	2.687
		30  0	-7.089
		31  0	4.891
		32  0	-3.112
		33  0	9.034
		34  0	-0.769
		35  0	9.607
		36  0	-0.842
		37  0	3.592
		38  0	-3.519
		39  0	-5.602
		40  1	-0.0569999
		41  0	-6.075
		42  0	-8.688
		43  0	-4.415
		44  0	2.845

node  4		 link	 weight	 bias 1.982
		1  0	-2.829
		2  0	-1.639
		3  0	-0.518
		4  1	2.815
		5  0	-2.274
		6  1	0.769
		7  0	-2.7
		8  0	-0.837
		9  0	1.178
		10  0	5.784
		15  1	0
		16  0	-1.712
		17  0	3.027
		18  0	-3.151
		19  1	0.036
		20  0	-3.191
		21  0	8.763
		22  0	0.0969998
		23  0	1.665
		24  1	0.04
		25  1	0.163
		26  0	-5.858
		27  0	-1.823
		28  0	-5.451
		29  0	0.185
		30  0	-0.604001
		31  0	-10.079
		32  0	5.127
		33  1	0
		34  0	-2.932
		35  0	-2.121
		36  0	3.567
		37  0	-0.965
		38  0	2.688
		39  0	-2.767
		40  0	-0.383
		41  0	0.538
		42  0	0.531
		43  0	1.994
		44  0	-1.156
