
======================================================
Score	5.41342e+14
Z	0.0022969
alpha	-1.79812
betta	-0.0784559
gamma	-0.0504152
Vx	-0.146546
Vy	-0.0170389
Vz	-0.0214893
engIng	0
cFuel	92
tfuel	193.362
======================================================

Initial Parametrs
rOa	{ 143 ; 194 ; -59 }

V	{ 11 ; 0 ; 5 }

w	{ -0.29 ; -0.37 ; 0.19 }

alpha	0.131
betta	0.077
gamma	-0.302
======================================================

 Layer 2

node  1		 link	 weight	 bias -0.196
		1  0	-0.877
		2  0	-3.661
		3  0	-0.7
		4  0	-1.001
		5  1	-2.404
		6  0	3.145
		7  0	-9.629
		8  0	1.34
		9  0	-2.911
		10  0	0.423

node  2		 link	 weight	 bias -1.37
		1  0	-3.997
		2  0	-5.979
		3  1	-1.638
		4  0	-2.021
		5  1	0.22
		6  0	-3.332
		7  0	-4.664
		8  0	-9.636
		9  0	-8.737
		10  0	9.334

node  3		 link	 weight	 bias 21.593
		1  1	14.674
		2  0	-30.317
		3  1	-17.891
		4  1	0.464
		5  1	-1.533
		6  0	-3.242
		7  1	1.654
		8  0	2.84
		9  1	-60.268
		10  0	-44.656

node  4		 link	 weight	 bias -20.793
		1  1	0.0849999
		2  1	2.647
		3  1	1.998
		4  1	1.38
		5  0	-12.816
		6  1	-0.863
		7  0	-2.6
		8  1	0.558
		9  0	1.208
		10  1	1.976

node  5		 link	 weight	 bias -0.520999
		1  0	0.864
		2  1	11.482
		3  1	0.367
		4  1	0.0179999
		5  0	4.22
		6  1	0.35
		7  0	1.458
		8  1	-0.344
		9  1	4.422
		10  0	-8.172

node  6		 link	 weight	 bias -8.821
		1  0	-4.264
		2  1	-1.016
		3  1	-11.277
		4  0	3.25
		5  1	-1.524
		6  0	-17.816
		7  0	-4.443
		8  0	-3.385
		9  0	-1.823
		10  1	-5.771

node  7		 link	 weight	 bias -32.377
		1  0	5.512
		2  0	3.142
		3  0	3.837
		4  1	-6.759
		5  1	3.301
		6  0	-7.233
		7  1	-2.107
		8  1	2.271
		9  0	-6.567
		10  1	2.596

node  8		 link	 weight	 bias -73.957
		1  1	-1.607
		2  0	7.223
		3  1	-12.951
		4  1	-9.266
		5  0	-1.476
		6  0	3.542
		7  1	-0.999
		8  1	-4.145
		9  1	-7.552
		10  1	-6.383

node  9		 link	 weight	 bias -4.364
		1  0	0.614
		2  0	-5.407
		3  1	-1.83
		4  0	-2.799
		5  0	0.011
		6  0	3.001
		7  1	-4.586
		8  0	-6.633
		9  0	2.859
		10  1	-3.461

node  10		 link	 weight	 bias -7.212
		1  0	-2.644
		2  1	5.975
		3  1	6.857
		4  0	-0.977
		5  0	-12.588
		6  0	-6.769
		7  0	-3.949
		8  0	1.673
		9  0	-1.661
		10  1	6.383


 Layer 3

node  1		 link	 weight	 bias -0.278
		1  0	4.862
		2  1	-0.158
		3  0	-8.667
		4  0	-1.842
		5  0	-2.233
		6  0	-1.643
		7  0	-3.486
		8  0	0.0820001
		9  1	3.373
		10  0	-5.066
		15  1	1.139
		16  0	-7.033
		17  0	0.138
		18  0	-4.935
		19  0	-5.148
		20  0	-3.409
		21  0	2.714
		22  0	-2.175
		23  0	-4.344
		24  0	-4.195

node  2		 link	 weight	 bias -12.178
		1  1	-1.623
		2  0	-4.927
		3  1	-3.331
		4  1	-2.427
		5  1	5.56
		6  1	-2.838
		7  1	-5.209
		8  0	-0.291
		9  1	-4.662
		10  1	2.739
		15  1	2.827
		16  0	-2.267
		17  0	-0.122999
		18  0	0.342
		19  1	-5.594
		20  1	1.577
		21  1	-3.275
		22  0	-6.705
		23  1	4.776
		24  1	-3.163

node  3		 link	 weight	 bias 7.6
		1  1	2.706
		2  1	0.224
		3  0	2.45
		4  0	-4.562
		5  0	-1.67
		6  0	-1.425
		7  1	0.0770001
		8  0	-5.963
		9  1	0.419
		10  1	1.163
		15  0	4.168
		16  0	0.47
		17  1	-0.126
		18  1	5.239
		19  1	1.431
		20  0	-6.114
		21  0	4.81
		22  0	5.808
		23  0	-6.327
		24  0	-2.465

node  4		 link	 weight	 bias -8.947
		1  0	1.364
		2  0	11.28
		3  0	-1.542
		4  0	-7.699
		5  1	-0.535
		6  0	-15.355
		7  1	2.215
		8  0	-9.835
		9  0	-3.448
		10  0	-4.073
		15  0	6.094
		16  0	2.41
		17  1	9.655
		18  0	0.243
		19  0	4.154
		20  1	1.411
		21  1	4.019
		22  1	-5.645
		23  0	3.643
		24  1	-3.72

node  5		 link	 weight	 bias -85.182
		1  0	6.321
		2  1	-0.764
		3  1	-0.189
		4  1	4.055
		5  0	4.657
		6  1	2.56
		7  1	-6.8
		8  0	-0.935
		9  0	0.711
		10  1	-4.514
		15  0	0.89
		16  0	6.307
		17  0	-4.282
		18  1	-0.563
		19  1	-6.593
		20  1	-5.628
		21  0	3.159
		22  1	6.098
		23  1	-0.154
		24  1	2.209

node  6		 link	 weight	 bias -13.828
		1  0	9.687
		2  0	-1.556
		3  0	-7.112
		4  1	2.364
		5  1	-4.349
		6  1	-1.038
		7  1	-5.436
		8  0	-2.78
		9  0	-5.361
		10  1	1.133
		15  0	-3.55
		16  0	3.692
		17  0	-4.15
		18  0	-0.601
		19  0	-7.787
		20  0	-0.814
		21  1	3.763
		22  0	-4.65
		23  1	5.112
		24  1	1.414

node  7		 link	 weight	 bias 11.931
		1  0	0.2
		2  0	5.399
		3  0	-0.0490001
		4  0	0.217
		5  0	3.342
		6  1	-0.571
		7  0	4.969
		8  1	2.967
		9  1	-4.988
		10  0	0.624
		15  1	-4.7
		16  1	1.924
		17  1	1.997
		18  1	1.641
		19  1	-0.848
		20  1	1.788
		21  0	2.704
		22  0	-1.926
		23  0	-4.665
		24  0	6.321

node  8		 link	 weight	 bias 4.931
		1  0	1.099
		2  0	-3.582
		3  0	-2.068
		4  1	-5.122
		5  0	2.476
		6  1	-3.573
		7  1	5.585
		8  0	-4.615
		9  0	4.18
		10  1	-0.55
		15  0	7.008
		16  1	-0.452
		17  1	-4.644
		18  1	3.149
		19  0	-2.589
		20  0	6.345
		21  1	-5.727
		22  1	-1.548
		23  1	6.418
		24  0	-3.244

node  9		 link	 weight	 bias -14.491
		1  0	-9.007
		2  1	0.577
		3  1	-2.635
		4  1	-3.88
		5  1	2.404
		6  0	-10.155
		7  1	2.177
		8  1	-8.984
		9  0	-0.176001
		10  0	-2.698
		15  1	-1.707
		16  1	6.343
		17  0	1.849
		18  1	4.066
		19  1	-9.392
		20  0	-6.877
		21  0	4.339
		22  0	-2.472
		23  0	-8.309
		24  0	5.339

node  10		 link	 weight	 bias -83.348
		1  1	7.945
		2  0	-1.046
		3  1	0.36
		4  1	-7.302
		5  0	-1.133
		6  0	3.92
		7  1	4.66
		8  1	-4.327
		9  1	-4.148
		10  0	0.662
		15  1	7.83
		16  1	1.152
		17  0	-0.378999
		18  1	-11.769
		19  0	4.386
		20  1	-2.068
		21  1	-0.523999
		22  0	-4.648
		23  1	-1.513
		24  0	-13.901


 Layer 4

node  1		 link	 weight	 bias -22.766
		1  1	-9.984
		2  1	-5.863
		3  1	4.18
		4  0	5.975
		5  0	-1.531
		6  0	7.323
		7  0	3.429
		8  0	4.779
		9  1	-0.754
		10  0	3.056
		15  1	1.372
		16  1	-2.671
		17  1	-4.402
		18  0	4.363
		19  1	3.684
		20  0	-1.594
		21  1	-7.405
		22  1	-2.799
		23  0	-5.763
		24  1	-0.892
		25  0	7.463
		26  1	-4.944
		27  1	-5.324
		28  1	-5.439
		29  0	-6.759
		30  1	-2.263
		31  0	0.158999
		32  0	0.214
		33  1	-1.012
		34  0	10.358

node  2		 link	 weight	 bias -48.984
		1  1	-1.247
		2  1	-0.0429997
		3  0	5.878
		4  1	2.178
		5  0	-9.829
		6  0	-0.588
		7  0	-1.731
		8  0	-3.786
		9  1	-2.616
		10  1	-1.602
		15  1	1.585
		16  0	-1.292
		17  0	-0.734
		18  0	-10.277
		19  0	2.747
		20  0	-2.653
		21  1	-10.704
		22  0	-3.561
		23  1	0.534
		24  0	7.058
		25  1	3.489
		26  1	-1.027
		27  0	-2.809
		28  1	-4.692
		29  1	2.442
		30  0	3.241
		31  0	4.85
		32  1	-6.321
		33  0	-0.919
		34  1	-4.952

node  3		 link	 weight	 bias -18.861
		1  1	-17.735
		2  1	0.00200009
		3  0	-5.618
		4  1	-7.92
		5  0	2.681
		6  1	-3.922
		7  0	-1.268
		8  0	3.487
		9  0	-5.63
		10  1	7.787
		15  0	5.392
		16  1	0.719
		17  1	3.323
		18  1	2.722
		19  1	1.907
		20  0	0.617
		21  0	-4.213
		22  1	-1.806
		23  1	0.934
		24  0	5.435
		25  1	1.692
		26  0	-3.691
		27  1	-3.549
		28  1	-2.751
		29  0	-1.036
		30  1	-5.744
		31  1	-5.492
		32  0	-5.168
		33  0	-3.625
		34  0	2.103

node  4		 link	 weight	 bias -17.655
		1  1	-3.506
		2  1	2.121
		3  0	-6.838
		4  1	-0.977
		5  0	9.753
		6  1	2.119
		7  0	-0.656
		8  0	-3.429
		9  1	-3.157
		10  1	0.322
		15  1	0.17
		16  1	1.787
		17  0	-2.36
		18  0	-0.491
		19  1	-10.669
		20  0	-2.81
		21  0	-3.886
		22  0	-6.21
		23  0	-1.06
		24  0	2.36
		25  1	-2.311
		26  0	-3.988
		27  0	-0.0340003
		28  1	1.424
		29  0	8.85
		30  0	-1.284
		31  1	-3.103
		32  0	6.474
		33  1	-0.752
		34  0	-0.784

node  5		 link	 weight	 bias -65.983
		1  1	-1.952
		2  0	8.812
		3  1	-8.455
		4  0	-0.248001
		5  0	5.452
		6  1	3.317
		7  0	-12.882
		8  1	0.0820004
		9  1	-6.91
		10  0	1.446
		15  0	-8.688
		16  1	-5.185
		17  1	-0.894
		18  0	4.157
		19  0	1.437
		20  0	3.918
		21  1	-3.483
		22  1	-5.677
		23  0	-0.463
		24  0	-3.798
		25  1	-1.927
		26  0	-4.538
		27  0	-1.362
		28  1	-1.824
		29  1	2.45
		30  0	0.373
		31  0	1.454
		32  1	7.879
		33  0	4.809
		34  1	-3.947

node  6		 link	 weight	 bias -10.415
		1  0	3.47
		2  0	1.915
		3  0	8.386
		4  1	-2.235
		5  0	-3.715
		6  0	5.058
		7  0	-6.008
		8  1	2.692
		9  1	1.001
		10  0	-7.913
		15  1	0.983
		16  1	-2.041
		17  0	3.486
		18  0	4.224
		19  0	-8.795
		20  1	-1.152
		21  1	1.395
		22  0	-11.04
		23  1	-0.295
		24  0	-4.927
		25  1	-11.001
		26  0	-2.4
		27  0	0.94
		28  0	-5.294
		29  1	-0.781
		30  0	2.625
		31  1	-2.456
		32  1	-1.549
		33  1	-3.799
		34  0	0.299

node  7		 link	 weight	 bias -50.288
		1  1	-4.679
		2  0	3.286
		3  0	2.213
		4  1	2.654
		5  1	1.92
		6  1	13.699
		7  0	-6.05
		8  1	9.629
		9  0	6.884
		10  0	-1.891
		15  1	-7.995
		16  1	-0.714
		17  0	-0.506
		18  1	-0.0180004
		19  0	8.255
		20  1	-5.159
		21  0	-6.348
		22  0	-7.979
		23  0	1.675
		24  0	-3.088
		25  0	-2.556
		26  1	-1.309
		27  1	12.812
		28  0	-16.282
		29  1	3.435
		30  0	2.222
		31  0	-3.545
		32  1	-3.588
		33  0	-8.771
		34  0	0.733

node  8		 link	 weight	 bias -16.511
		1  1	-4.007
		2  1	3.859
		3  1	-4.265
		4  1	-4.895
		5  0	-6.155
		6  1	4.228
		7  1	3.542
		8  1	1.296
		9  1	14.443
		10  0	-0.108
		15  0	-3.088
		16  0	2.78
		17  1	-0.941
		18  1	-0.144
		19  1	5.471
		20  0	-10.369
		21  0	3.445
		22  1	-0.111
		23  1	-7.608
		24  0	-2.873
		25  1	-6.769
		26  0	-6.839
		27  0	-4.405
		28  1	-10.791
		29  1	-8.682
		30  0	-8.88
		31  1	1.633
		32  1	13.174
		33  0	6.479
		34  1	-2.246

node  9		 link	 weight	 bias -57.176
		1  0	-6.564
		2  1	5.718
		3  0	-0.465
		4  1	-2.692
		5  0	-6.001
		6  0	-6.042
		7  1	-3.136
		8  1	-3.335
		9  0	-8.499
		10  1	3.486
		15  1	-5.76
		16  0	-8.18
		17  1	-6.655
		18  0	1.372
		19  1	-0.776
		20  0	2.244
		21  0	1.684
		22  0	-7.437
		23  1	0.715
		24  0	2.635
		25  0	4.88
		26  1	-0.715
		27  1	-6.513
		28  0	-7.131
		29  0	0.708
		30  0	-2.18
		31  1	-1.398
		32  1	-2.032
		33  1	0.949
		34  1	6.175

node  10		 link	 weight	 bias -35.398
		1  0	-10.045
		2  0	-0.148
		3  1	-6.795
		4  1	-3.908
		5  1	-9.324
		6  0	3.129
		7  1	-0.584
		8  0	4.028
		9  1	-2.084
		10  0	0.887
		15  1	6.591
		16  1	4.758
		17  0	-1.351
		18  0	2.007
		19  1	6.04
		20  0	-1.205
		21  1	-0.417
		22  1	-2.033
		23  1	-5.023
		24  0	-3.271
		25  1	6.409
		26  1	-5.393
		27  0	-0.656
		28  1	2.222
		29  1	0.499
		30  1	-0.678
		31  1	0.582
		32  0	-10.234
		33  1	5.391
		34  1	3.618


 Layer 5

node  1		 link	 weight	 bias -2.456
		1  0	3.35
		2  1	0.02
		3  0	-0.25
		4  0	5.159
		5  0	-0.255
		6  0	-2.189
		7  1	-2.621
		8  0	-1.767
		9  0	-7.987
		10  0	-12.867
		15  0	-0.168
		16  0	-7.644
		17  0	2.786
		18  0	4.519
		19  0	6.151
		20  0	-3.949
		21  0	-3.236
		22  0	5.442
		23  0	1.002
		24  0	-0.767
		25  0	16.657
		26  0	-1.111
		27  1	-2.063
		28  0	-5.354
		29  0	0.799
		30  0	0.941
		31  1	0
		32  0	1.929
		33  0	3.683
		34  0	-2.914
		35  0	7.326
		36  0	-1.975
		37  0	-4.092
		38  0	-2.177
		39  0	-5.874
		40  0	-5.58
		41  0	-1.16
		42  1	-0.00699997
		43  0	-0.939
		44  0	-3.072

node  2		 link	 weight	 bias -3.327
		1  0	1.294
		2  0	-4.513
		3  0	2.801
		4  0	-13.518
		5  0	-12.642
		6  0	-5.705
		7  0	-4.284
		8  0	0.368
		9  0	5.853
		10  0	0.158
		15  0	-0.767
		16  1	-2.189
		17  0	-7.16
		18  0	-1.527
		19  0	0.496
		20  0	-0.756
		21  0	0.027
		22  0	4.572
		23  1	0.59
		24  0	-1.704
		25  0	-1.345
		26  0	-5.107
		27  0	3.621
		28  0	-0.154
		29  0	-5.328
		30  0	-1.495
		31  0	9.24
		32  0	-0.892
		33  0	-0.315
		34  0	-9.576
		35  0	-5.594
		36  0	3.387
		37  0	-3.268
		38  0	-3.761
		39  0	1.6
		40  0	8.559
		41  0	-6.036
		42  0	-15.663
		43  0	-0.0910003
		44  0	9.15

node  3		 link	 weight	 bias 0.449001
		1  0	-6.357
		2  1	-0.429
		3  0	3.516
		4  0	7.457
		5  0	2.973
		6  0	1.772
		7  0	-3.324
		8  1	2.224
		9  0	4.372
		10  0	3.076
		15  0	-6.725
		16  0	0.990001
		17  0	-0.498
		18  0	5.345
		19  0	3.039
		20  0	1.352
		21  0	0.143
		22  0	-5.717
		23  0	-3.025
		24  0	-3.742
		25  0	-6.353
		26  0	1.376
		27  0	-8.091
		28  0	-1.111
		29  0	2.108
		30  0	-7.235
		31  0	5.845
		32  0	-9.474
		33  0	9.407
		34  0	0.903
		35  0	12.908
		36  0	-0.878
		37  0	-1.929
		38  0	-3.519
		39  0	-6.57
		40  1	-0.0569999
		41  0	-5.344
		42  0	-14.293
		43  0	-9.488
		44  0	0.38

node  4		 link	 weight	 bias 1.982
		1  0	-3.109
		2  0	-3.402
		3  0	2.073
		4  1	2.815
		5  0	-4.579
		6  1	0.769
		7  0	-6.79
		8  0	-1.944
		9  0	3.844
		10  0	-0.0329995
		15  0	-1.478
		16  0	-2.788
		17  0	-0.522
		18  0	-2.947
		19  1	0.036
		20  0	-1.453
		21  0	9.963
		22  0	2.76
		23  0	0.715
		24  1	0.04
		25  1	0.163
		26  0	-0.986
		27  0	0.514
		28  0	-2.602
		29  0	1.244
		30  0	-0.0600007
		31  0	-14.374
		32  0	5.885
		33  0	-2.945
		34  0	-2.625
		35  0	-3.516
		36  0	-3.639
		37  0	-2.951
		38  0	3.278
		39  0	-3.504
		40  0	-2.942
		41  0	5.938
		42  0	0.395
		43  0	2.34
		44  0	-1.398
