
======================================================
Score	5.3856e+14
Z	0.0012895
alpha	-1.79133
betta	-0.0592239
gamma	-0.0437273
Vx	-0.172262
Vy	-0.0221197
Vz	-0.0271856
engIng	0
cFuel	93
tfuel	192.785
======================================================

Initial Parametrs
rOa	{ 143 ; 194 ; -59 }

V	{ 11 ; 0 ; 5 }

w	{ -0.29 ; -0.37 ; 0.19 }

alpha	0.131
betta	0.077
gamma	-0.302
======================================================

 Layer 2

node  1		 link	 weight	 bias -0.196
		1  0	-0.877
		2  0	-6.09
		3  0	1.504
		4  0	-1.001
		5  1	-2.404
		6  0	2.064
		7  0	-7.207
		8  0	1.34
		9  0	-1.828
		10  0	0.423

node  2		 link	 weight	 bias -1.347
		1  0	-3.997
		2  0	-6.074
		3  1	-1.638
		4  0	-2.021
		5  1	0.22
		6  0	-3.332
		7  0	-4.664
		8  0	-8.587
		9  0	-4.908
		10  0	9.334

node  3		 link	 weight	 bias 19.916
		1  1	12.86
		2  0	-31.59
		3  1	-17.772
		4  0	0.464
		5  1	-1.533
		6  0	-3.242
		7  1	1.654
		8  0	2.84
		9  1	-57.71
		10  1	-42.345

node  4		 link	 weight	 bias -20.614
		1  1	0.0849999
		2  1	2.647
		3  1	1.998
		4  1	1.379
		5  0	-9.309
		6  1	-0.965
		7  0	-2.6
		8  0	0.558
		9  0	-0.359
		10  1	1.976

node  5		 link	 weight	 bias -0.506999
		1  0	-0.985
		2  1	11.438
		3  1	0.367
		4  1	0.0179999
		5  0	4.22
		6  1	0.346
		7  0	1.458
		8  1	-0.344
		9  1	4.262
		10  0	-2.699

node  6		 link	 weight	 bias -10.963
		1  0	-4.264
		2  1	-0.0339997
		3  1	-11.277
		4  0	1.225
		5  1	-1.526
		6  1	-17.816
		7  0	-2.476
		8  0	-2.114
		9  0	1.311
		10  1	-5.771

node  7		 link	 weight	 bias -34.897
		1  0	5.512
		2  0	2.397
		3  0	2.724
		4  1	-6.15
		5  0	3.947
		6  0	-6.433
		7  1	-3.632
		8  0	2.271
		9  1	-5.849
		10  0	2.596

node  8		 link	 weight	 bias -69.95
		1  1	-1.607
		2  0	7.081
		3  1	-14.306
		4  1	-6.892
		5  0	-0.821
		6  1	3.763
		7  1	-0.999
		8  0	-4.145
		9  1	-5.922
		10  1	-5.131

node  9		 link	 weight	 bias -4.476
		1  0	0.614
		2  0	-5.407
		3  1	-1.83
		4  0	-5.127
		5  0	-1.301
		6  0	1.694
		7  1	-4.586
		8  0	-6.804
		9  0	0.702
		10  1	-3.461

node  10		 link	 weight	 bias -8.794
		1  0	-0.854
		2  1	3.777
		3  1	5.671
		4  1	-0.977
		5  0	-9.75
		6  0	-7.954
		7  0	-3.949
		8  1	2.394
		9  1	-2.603
		10  1	6.533


 Layer 3

node  1		 link	 weight	 bias -0.278
		1  0	6.318
		2  1	-0.158
		3  0	-8.667
		4  0	-2.534
		5  0	-2.233
		6  0	-1.643
		7  0	-2.194
		8  0	0.0820001
		9  1	3.373
		10  0	-5.225
		15  1	1.139
		16  0	-7.033
		17  0	0.138
		18  0	-3.998
		19  0	-6.276
		20  0	-5.211
		21  0	2.714
		22  0	-0.519
		23  0	-2.326
		24  0	-4.195

node  2		 link	 weight	 bias -15.904
		1  1	-1.623
		2  0	-4.927
		3  1	-3.331
		4  1	-2.427
		5  1	5.56
		6  0	-4.522
		7  0	-4.441
		8  1	-1.029
		9  1	-1.835
		10  0	2.698
		15  1	2.827
		16  0	-0.854
		17  0	-1.85
		18  0	0.342
		19  1	-7.152
		20  1	1.555
		21  0	-3.36
		22  0	-6.705
		23  1	5.552
		24  1	-3.685

node  3		 link	 weight	 bias 7.601
		1  1	2.706
		2  1	0.224
		3  0	0.847
		4  0	-4.562
		5  0	-0.987
		6  0	-2.347
		7  1	0.0770001
		8  0	-3.829
		9  1	0.419
		10  1	1.163
		15  0	3.038
		16  0	1.506
		17  1	-0.126
		18  1	5.239
		19  1	1.431
		20  0	-4.587
		21  0	1.859
		22  0	7.56
		23  0	-4.519
		24  0	-0.684

node  4		 link	 weight	 bias -4.846
		1  0	2.705
		2  1	8.303
		3  0	-0.0149996
		4  0	-8.394
		5  1	0.945
		6  0	-10.406
		7  1	2.163
		8  0	-9.835
		9  1	-4.652
		10  1	-4.073
		15  0	5.324
		16  0	1.261
		17  1	10.946
		18  0	0.243
		19  1	3.933
		20  0	3.567
		21  0	5.185
		22  1	-5.447
		23  1	1.697
		24  1	-3.72

node  5		 link	 weight	 bias -72.09
		1  0	6.321
		2  1	-3.198
		3  1	-0.536
		4  1	4.055
		5  0	4.657
		6  1	1.86
		7  1	-7.442
		8  1	-0.935
		9  1	-1.128
		10  1	-6.382
		15  0	0.89
		16  0	6.307
		17  1	-2.781
		18  1	-0.563
		19  0	-4.352
		20  0	-5.628
		21  0	3.159
		22  0	6.098
		23  1	-0.857
		24  1	4.217

node  6		 link	 weight	 bias -9.243
		1  0	9.126
		2  0	-0.472
		3  0	-7.757
		4  0	3.406
		5  1	-5.66
		6  1	-1.038
		7  0	-5.436
		8  0	-4.769
		9  1	-5.361
		10  1	1.133
		15  1	-3.55
		16  0	1.726
		17  1	-4.15
		18  1	-2.667
		19  1	-9.031
		20  1	1.161
		21  1	3.763
		22  0	-3.671
		23  0	5.112
		24  1	1.414

node  7		 link	 weight	 bias 7.094
		1  0	0.101
		2  1	5.399
		3  0	1.136
		4  0	0.217
		5  0	3.342
		6  0	0.538
		7  0	4.969
		8  1	2.967
		9  0	-5.722
		10  1	2.824
		15  1	-4.7
		16  1	-0.18
		17  0	2.296
		18  0	0.477
		19  0	-1.449
		20  0	2.619
		21  1	2.704
		22  0	-1.926
		23  0	-3.412
		24  1	5.295

node  8		 link	 weight	 bias 16.052
		1  1	-0.946
		2  0	-3.582
		3  1	-2.068
		4  1	-6.478
		5  0	2.476
		6  1	-3.053
		7  0	6.846
		8  0	-2.295
		9  1	4.18
		10  0	-0.567
		15  0	5.355
		16  0	-0.452
		17  1	-2.696
		18  0	3.149
		19  0	-2.589
		20  0	6.345
		21  0	-5.727
		22  1	-1.548
		23  0	4.983
		24  0	-3.244

node  9		 link	 weight	 bias -7.883
		1  0	-4.823
		2  1	2.889
		3  0	-4.089
		4  1	-5.852
		5  0	2.404
		6  0	-10.155
		7  1	-0.104
		8  1	-7.889
		9  1	-0.839001
		10  0	-4.387
		15  0	0.248
		16  1	5.606
		17  0	3.636
		18  1	0.103
		19  1	-8.994
		20  0	-5.592
		21  1	2.005
		22  0	-2.056
		23  0	-8.309
		24  0	7.306

node  10		 link	 weight	 bias -82.501
		1  0	7.945
		2  0	-3.472
		3  0	2.726
		4  0	-4.975
		5  0	-1.133
		6  0	3.92
		7  1	2.614
		8  1	-4.327
		9  0	-4.148
		10  0	0.662
		15  1	7.83
		16  0	1.152
		17  1	-0.378999
		18  1	-8.004
		19  0	3.102
		20  0	-2.068
		21  1	-0.523999
		22  0	-4.064
		23  1	0.921
		24  0	-11.365


 Layer 4

node  1		 link	 weight	 bias -15.435
		1  1	-7.701
		2  1	-2.196
		3  1	4.18
		4  0	5.975
		5  1	-1.531
		6  1	4.877
		7  0	1.717
		8  1	5.214
		9  1	-0.754
		10  0	4.08
		15  1	1.428
		16  1	-2.482
		17  0	-3.69
		18  0	4.802
		19  0	1.032
		20  0	-1.594
		21  1	-6.297
		22  0	-3.67
		23  1	-5.763
		24  1	-2.687
		25  0	9.276
		26  1	-4.944
		27  0	-1.703
		28  1	-5.439
		29  0	-2.624
		30  0	-2.263
		31  1	0.158999
		32  0	0.214
		33  1	-1.012
		34  1	10.358

node  2		 link	 weight	 bias -29.01
		1  1	-1.247
		2  1	-0.0429997
		3  0	7.712
		4  0	0.172
		5  0	-7.663
		6  1	-1.723
		7  1	-1.352
		8  0	-3.786
		9  1	-2.616
		10  1	-0.254
		15  1	1.585
		16  0	0.436
		17  0	-0.997
		18  1	-7.83
		19  0	3.393
		20  0	-2.653
		21  0	-8.585
		22  0	-6.812
		23  1	0.801
		24  1	11.868
		25  0	3.489
		26  1	-1.027
		27  0	-2.809
		28  1	-3.444
		29  1	-0.608
		30  0	2.345
		31  1	6.713
		32  1	-6.31
		33  0	3.54
		34  0	-4.952

node  3		 link	 weight	 bias -17.029
		1  1	-19.488
		2  1	-1.963
		3  0	-5.618
		4  0	-5.782
		5  0	2.045
		6  0	-3.922
		7  0	-0.543
		8  0	2.053
		9  1	-5.63
		10  1	7.787
		15  0	4.477
		16  1	0.456
		17  1	3.323
		18  1	3.998
		19  1	1.536
		20  0	0.617
		21  0	-4.213
		22  1	0.703
		23  1	0.934
		24  1	7.719
		25  1	-0.00899994
		26  0	-3.45
		27  1	-3.549
		28  1	-2.713
		29  1	-2.031
		30  1	-5.744
		31  0	-6.012
		32  0	-5.168
		33  0	-3.813
		34  0	2.103

node  4		 link	 weight	 bias -22.736
		1  1	-0.388
		2  1	1.318
		3  0	-6.295
		4  0	0.574
		5  1	9.753
		6  1	2.119
		7  0	0.316
		8  0	-3.429
		9  1	-0.711
		10  1	0.322
		15  1	-0.744
		16  0	2.816
		17  0	-0.556
		18  0	-0.491
		19  1	-10.607
		20  0	-3.102
		21  0	-3.886
		22  0	-5.285
		23  0	0.766
		24  0	2.36
		25  0	-2.311
		26  1	-3.713
		27  0	-0.355
		28  1	1.424
		29  1	9.215
		30  0	-1.62
		31  0	-4.824
		32  1	6.474
		33  1	-0.752
		34  1	-0.239

node  5		 link	 weight	 bias -46.074
		1  1	-1.952
		2  0	9.371
		3  1	-6.451
		4  0	-1.219
		5  0	5.452
		6  1	3.317
		7  0	-10.982
		8  1	0.0820004
		9  0	-6.91
		10  0	3.44
		15  0	-7.934
		16  0	-1.756
		17  0	-1.151
		18  1	3.55
		19  1	1.437
		20  0	1.367
		21  1	-5.241
		22  1	-5.677
		23  1	-0.463
		24  0	-3.798
		25  0	-1.245
		26  0	-3.801
		27  0	-1.996
		28  1	-1.824
		29  1	2.45
		30  1	-0.887
		31  0	0.679
		32  1	9.369
		33  0	4.428
		34  0	-1.779

node  6		 link	 weight	 bias -6.788
		1  0	4.562
		2  0	1.915
		3  0	9.733
		4  1	-1.814
		5  1	-3.715
		6  0	5.058
		7  0	-3.52
		8  1	2.692
		9  1	-0.445
		10  0	-6.807
		15  0	0.983
		16  1	-2.041
		17  0	0.283
		18  0	2.392
		19  0	-4.913
		20  1	-1.152
		21  0	1.395
		22  0	-8.952
		23  1	-0.544
		24  0	-1.079
		25  1	-12.101
		26  1	-1.428
		27  1	0.94
		28  0	-5.294
		29  0	-0.764
		30  0	2.625
		31  1	-2.456
		32  1	-1.549
		33  1	-3.799
		34  0	-1.728

node  7		 link	 weight	 bias -59.857
		1  1	-4.429
		2  0	0.854
		3  0	0.0520004
		4  1	2.016
		5  0	1.101
		6  0	13.699
		7  0	-4.561
		8  1	10.297
		9  0	7.411
		10  1	-2.852
		15  0	-7.995
		16  0	-0.714
		17  0	-0.506
		18  0	-0.49
		19  0	8.255
		20  1	-5.159
		21  1	-6.297
		22  0	-4.32
		23  1	1.675
		24  0	-2.801
		25  0	-4.126
		26  0	2.335
		27  1	11.971
		28  1	-12.839
		29  0	4.955
		30  1	4.879
		31  0	-4.487
		32  0	-3.588
		33  0	-8.771
		34  0	0.733

node  8		 link	 weight	 bias -5.358
		1  1	-4.049
		2  0	1.614
		3  1	-4.801
		4  0	-4.895
		5  0	-6.155
		6  1	2.415
		7  1	3.542
		8  1	-0.123
		9  1	14.753
		10  0	-0.294
		15  0	-3.088
		16  0	2.78
		17  1	-0.941
		18  0	-0.144
		19  1	5.471
		20  0	-8.548
		21  0	3.445
		22  1	-0.111
		23  1	-7.608
		24  1	-2.873
		25  0	-6.769
		26  0	-4.424
		27  0	-4.725
		28  1	-11.673
		29  0	-6.275
		30  1	-11.242
		31  1	-0.851
		32  0	13.174
		33  0	8.075
		34  1	-2.246

node  9		 link	 weight	 bias -53.568
		1  0	-7.34
		2  0	5.106
		3  0	-1.541
		4  0	-2.741
		5  0	-6.001
		6  0	-2.406
		7  1	-3.217
		8  1	-3.335
		9  1	-6.455
		10  1	3.486
		15  1	-3.94
		16  1	-9.922
		17  1	-2.916
		18  0	-0.618
		19  1	-0.776
		20  1	-3.799
		21  0	1.684
		22  1	-7.437
		23  1	4.558
		24  0	0.185
		25  1	4.542
		26  1	0.363
		27  0	-4.608
		28  1	-3.964
		29  0	-1.258
		30  1	-0.63
		31  0	-1.363
		32  1	-3.527
		33  1	0.789
		34  1	4.743

node  10		 link	 weight	 bias -38.375
		1  0	-10.045
		2  0	-0.148
		3  1	-6.795
		4  1	-3.908
		5  0	-9.324
		6  0	-0.978
		7  1	-2.2
		8  0	4.028
		9  1	-2.084
		10  1	-0.0639998
		15  1	6.591
		16  0	5.388
		17  0	-2.098
		18  0	2.033
		19  0	6.04
		20  0	-3.996
		21  1	-3.637
		22  1	-4.38
		23  1	-5.392
		24  0	-2.078
		25  1	4.877
		26  1	-6.882
		27  0	-2.697
		28  0	1.293
		29  0	3.313
		30  1	-2.125
		31  0	0.582
		32  0	-9.949
		33  1	4.875
		34  1	6.806


 Layer 5

node  1		 link	 weight	 bias -2.456
		1  0	1.48
		2  1	0.02
		3  0	-2.247
		4  0	3.223
		5  0	-0.255
		6  0	-2.189
		7  1	-2.621
		8  0	-2.252
		9  0	-7.826
		10  0	-12.891
		15  0	-0.168
		16  0	-5.397
		17  0	0.584
		18  0	4.519
		19  0	5.179
		20  0	-6.694
		21  0	-2.701
		22  0	3.877
		23  0	1.002
		24  0	-0.767
		25  0	18.181
		26  0	-3.308
		27  1	-2.063
		28  0	-5.378
		29  0	1.688
		30  0	-0.832
		31  1	0
		32  0	-2.345
		33  0	-1.148
		34  0	-2.914
		35  0	5.939
		36  0	-1.975
		37  0	-4.461
		38  0	-2.177
		39  0	-5.874
		40  0	-3.576
		41  0	1.166
		42  1	-0.00699997
		43  0	-1.816
		44  0	-2.417

node  2		 link	 weight	 bias -3.327
		1  0	1.61
		2  0	-4.513
		3  0	5.006
		4  0	-13.518
		5  0	-12.642
		6  0	-4.726
		7  0	-4.687
		8  0	0
		9  0	5.853
		10  0	0.158
		15  0	-1.919
		16  1	-2.189
		17  0	-5.097
		18  0	-1.527
		19  0	-0.264
		20  0	1.579
		21  0	1.133
		22  0	4.572
		23  1	0.59
		24  0	-1.704
		25  0	-1.34
		26  0	-5.107
		27  0	0.31
		28  0	-0.24
		29  0	-6.085
		30  0	1.256
		31  0	10.755
		32  0	-0.892
		33  0	-0.315
		34  0	-7.736
		35  0	-4.059
		36  0	3.387
		37  0	-0.817
		38  0	-3.761
		39  0	1.6
		40  0	6
		41  0	-8.141
		42  0	-15.663
		43  0	1.576
		44  0	11.366

node  3		 link	 weight	 bias 0.449001
		1  0	-5.137
		2  1	-0.429
		3  0	6.581
		4  0	4.633
		5  0	1.32
		6  0	1.772
		7  0	-0.441
		8  1	2.224
		9  0	3.906
		10  0	3.076
		15  0	-7.636
		16  0	2.263
		17  0	-0.774
		18  0	3.017
		19  0	3.039
		20  0	1.738
		21  0	0.143
		22  0	-5.717
		23  0	-4.8
		24  0	-2.909
		25  0	-6.353
		26  0	1.834
		27  0	-8.091
		28  0	-0.674
		29  0	2.518
		30  0	-8.897
		31  0	8.218
		32  0	-7.663
		33  0	9.362
		34  0	0.903
		35  0	11.45
		36  0	1.392
		37  0	2.727
		38  0	-3.519
		39  0	-8.049
		40  1	-0.0569999
		41  0	-5.344
		42  0	-11.932
		43  0	-9.488
		44  0	-0.308

node  4		 link	 weight	 bias 1.982
		1  0	-3.109
		2  0	-4.588
		3  0	2.073
		4  1	2.815
		5  0	-3.292
		6  1	0.769
		7  0	-6.79
		8  0	-1.944
		9  0	4.276
		10  0	0.640001
		15  0	0
		16  0	-3.581
		17  0	-0.775
		18  0	-2.947
		19  1	0.036
		20  0	-1.955
		21  0	7.965
		22  0	1.03
		23  0	0.715
		24  1	0.04
		25  1	0.163
		26  0	-3.938
		27  0	0.514
		28  0	-4.582
		29  0	1.244
		30  0	-0.0600007
		31  0	-14.374
		32  0	4.698
		33  0	-0.168
		34  0	-2.984
		35  0	-1.372
		36  0	-0.219
		37  0	-2.951
		38  0	3.278
		39  0	-3.504
		40  0	-2.586
		41  0	5.938
		42  0	0.531
		43  0	2.34
		44  0	-1.398
