
======================================================
Score	5.31988e+14
Z	0.00291966
alpha	-1.79133
betta	-0.0592239
gamma	-0.0437273
Vx	-0.182608
Vy	-0.0242236
Vz	-0.0299598
engIng	0
cFuel	93
tfuel	192.749
======================================================

Initial Parametrs
rOa	{ 143 ; 194 ; -59 }

V	{ 11 ; 0 ; 5 }

w	{ -0.29 ; -0.37 ; 0.19 }

alpha	0.131
betta	0.077
gamma	-0.302
======================================================

 Layer 2

node  1		 link	 weight	 bias -0.196
		1  0	1.212
		2  0	-4.573
		3  0	3.139
		4  0	0
		5  1	-2.404
		6  0	5.879
		7  0	-9.111
		8  0	-0.887
		9  0	0.682001
		10  0	-1.89

node  2		 link	 weight	 bias -1.335
		1  0	-1.154
		2  0	-2.344
		3  1	-1.638
		4  0	-1.914
		5  1	0.22
		6  0	-5.226
		7  0	-4.585
		8  0	-8.587
		9  0	-4.908
		10  0	9.059

node  3		 link	 weight	 bias 14.544
		1  1	8.322
		2  0	-29.142
		3  1	-17.701
		4  1	0.977
		5  1	-1.533
		6  0	-0.991
		7  1	1.596
		8  0	2.569
		9  1	-48.084
		10  1	-33.894

node  4		 link	 weight	 bias -20.624
		1  1	0.0849999
		2  1	2.647
		3  1	1.998
		4  1	1.379
		5  0	-9.349
		6  1	-0.965
		7  0	-2.6
		8  0	0.448
		9  0	-0.359
		10  1	1.976

node  5		 link	 weight	 bias -0.479999
		1  0	0.586
		2  1	10.971
		3  1	0.367
		4  1	0.0149999
		5  0	4.223
		6  1	0.294
		7  0	-1.037
		8  1	-0.344
		9  1	3.607
		10  0	-1.202

node  6		 link	 weight	 bias 13.732
		1  1	-3.522
		2  0	4.359
		3  1	-11.479
		4  1	2.912
		5  1	-1.739
		6  0	-18.21
		7  0	-2.532
		8  1	-1.901
		9  0	2.47
		10  0	-3.916

node  7		 link	 weight	 bias -58.591
		1  0	5.512
		2  0	3.16
		3  1	0.461
		4  0	-6.15
		5  0	5.159
		6  0	-4.69
		7  1	-2.274
		8  0	2.113
		9  1	-4.798
		10  0	2.611

node  8		 link	 weight	 bias -67.257
		1  1	-3.446
		2  0	3.781
		3  1	-13.671
		4  0	-7.538
		5  0	-0.821
		6  1	2.732
		7  1	0.049
		8  0	-5.42
		9  0	-8.184
		10  1	-5.339

node  9		 link	 weight	 bias -4.489
		1  0	0.451
		2  0	-3.842
		3  1	-1.83
		4  0	-4.367
		5  0	-1.301
		6  0	1.57
		7  1	-4.586
		8  0	-4.773
		9  0	0.702
		10  1	-3.461

node  10		 link	 weight	 bias -6.215
		1  1	-0.258
		2  0	3.777
		3  1	5.869
		4  0	-5.665
		5  0	-10.255
		6  0	-9.497
		7  0	-5.222
		8  0	3.803
		9  0	-3.556
		10  1	6.71


 Layer 3

node  1		 link	 weight	 bias -0.278
		1  0	4.621
		2  1	-0.158
		3  0	-6.543
		4  0	-0.831
		5  0	-0.51
		6  0	-4.61
		7  0	-1.632
		8  0	-0.793
		9  1	3.373
		10  0	-5.225
		15  1	1.139
		16  0	-7.033
		17  0	4.212
		18  0	-1.396
		19  0	-5.922
		20  0	-3.626
		21  0	2.714
		22  0	-1.104
		23  0	-3.939
		24  0	-5.669

node  2		 link	 weight	 bias -18.079
		1  0	-1.97
		2  0	-3.417
		3  1	-1.303
		4  1	-2.732
		5  1	3.392
		6  1	-6.848
		7  0	-6.306
		8  1	-0.193
		9  0	-1.895
		10  0	2.698
		15  1	0.398
		16  1	-0.854
		17  1	-4.196
		18  0	0.342
		19  1	-5.376
		20  1	0.0929999
		21  0	-0.787
		22  0	-7.356
		23  0	5.552
		24  1	-1.614

node  3		 link	 weight	 bias 7.619
		1  1	2.706
		2  1	0.224
		3  0	0.847
		4  0	-0.823
		5  0	-0.725
		6  0	0.0600001
		7  1	0.0770001
		8  0	-2.36
		9  1	0.419
		10  1	1.163
		15  0	3.038
		16  0	2.902
		17  1	-0.126
		18  1	5.239
		19  1	1.431
		20  0	-3.109
		21  0	3.747
		22  0	10.243
		23  0	-2.797
		24  0	-1.164

node  4		 link	 weight	 bias -14.606
		1  1	2.705
		2  0	5.731
		3  1	2.206
		4  0	-9.58
		5  0	0.945
		6  1	-9.299
		7  0	-1.884
		8  0	-9.835
		9  0	-1.404
		10  1	-4.073
		15  1	1.562
		16  0	0.864
		17  1	10.946
		18  1	0.401
		19  1	0.961
		20  1	3.567
		21  0	4.557
		22  0	-4.959
		23  0	1.697
		24  0	-1.688

node  5		 link	 weight	 bias -55.941
		1  1	6.321
		2  1	-1.511
		3  0	-0.439
		4  0	0.687
		5  1	3.504
		6  1	0.314
		7  1	-6.499
		8  1	-0.935
		9  1	-1.128
		10  0	-6.382
		15  0	0.89
		16  0	4.021
		17  0	-4.519
		18  1	1.514
		19  1	-2.442
		20  1	-5.628
		21  0	1.125
		22  0	6.161
		23  1	-3.548
		24  0	6.165

node  6		 link	 weight	 bias -9.944
		1  0	9.126
		2  0	-0.472
		3  1	-5.278
		4  0	4.077
		5  0	-3.827
		6  1	-3.346
		7  0	-4.214
		8  0	-6.065
		9  0	-4.853
		10  0	3.481
		15  0	-1.503
		16  0	0.688
		17  0	-2.649
		18  1	-0.0620002
		19  1	-5.006
		20  1	-0.24
		21  0	2.856
		22  1	-4.193
		23  0	5.112
		24  1	1.414

node  7		 link	 weight	 bias 1.883
		1  0	-1.1
		2  0	5.399
		3  0	1.136
		4  0	0.217
		5  0	5.48
		6  1	0.538
		7  0	4.969
		8  0	1.298
		9  1	-3.567
		10  1	2.528
		15  1	-3.856
		16  0	-0.18
		17  1	1.27
		18  1	0.477
		19  0	0.118
		20  1	2.619
		21  1	0.689
		22  1	-1.926
		23  0	-5.47
		24  0	0.0189999

node  8		 link	 weight	 bias 2.278
		1  1	-2.21
		2  0	-2.189
		3  1	-2.763
		4  1	-6.554
		5  0	2.642
		6  1	-0.681
		7  1	5.898
		8  0	-2.266
		9  1	4.18
		10  0	-0.567
		15  1	4.848
		16  1	-1.375
		17  0	-1.319
		18  1	2.558
		19  1	-2.589
		20  1	7.286
		21  0	-7.295
		22  0	-3.251
		23  0	2.766
		24  0	-3.244

node  9		 link	 weight	 bias -2.468
		1  0	-1.561
		2  0	-1.513
		3  0	-2.763
		4  1	-4.634
		5  0	1.146
		6  1	-8.29
		7  1	-0.104
		8  0	-7.693
		9  1	-0.592
		10  0	1.581
		15  1	-1.495
		16  1	6.923
		17  1	4.308
		18  1	0.295
		19  1	-3.781
		20  0	-5.592
		21  1	2.005
		22  1	-2.056
		23  0	-5.961
		24  0	4.795

node  10		 link	 weight	 bias -47.83
		1  0	5.11
		2  0	-2.507
		3  0	-4.064
		4  1	-3.942
		5  0	-0.797
		6  1	3.371
		7  1	2.472
		8  1	-4.384
		9  0	-4.148
		10  1	-0.966
		15  0	6.92
		16  0	-0.797
		17  1	-2.431
		18  1	-8.004
		19  1	3.703
		20  1	-0.973
		21  0	6.159
		22  0	-1.076
		23  0	-1.351
		24  1	-12.567


 Layer 4

node  1		 link	 weight	 bias -12.347
		1  0	-7.701
		2  0	-3.292
		3  1	4.311
		4  1	3.99
		5  0	-2.743
		6  1	1.84
		7  0	1.717
		8  1	3.253
		9  0	2.073
		10  1	5.392
		15  1	0.0799999
		16  1	-1.857
		17  0	-3.69
		18  1	2.758
		19  1	3.017
		20  1	-1.352
		21  0	-7.413
		22  0	-3.786
		23  1	-5.763
		24  0	-2.687
		25  0	3.412
		26  1	-1.674
		27  1	-1.422
		28  1	-4.185
		29  1	-0.275
		30  0	-0.181
		31  0	0.158999
		32  0	0.0760002
		33  0	-2.76
		34  1	10.358

node  2		 link	 weight	 bias -17.31
		1  1	0.338
		2  1	-0.311
		3  1	7.412
		4  1	0.172
		5  0	-5.121
		6  0	-2.108
		7  1	-3.118
		8  0	-3.598
		9  1	-2.616
		10  1	-4.408
		15  0	3.626
		16  0	0.414
		17  1	-0.881
		18  1	-3.58
		19  1	3.366
		20  0	-1.233
		21  1	-8.585
		22  1	-5.002
		23  1	1.55
		24  1	8.838
		25  0	6.756
		26  1	-1.811
		27  0	-1.343
		28  1	-4.62
		29  0	-1.665
		30  0	2.345
		31  1	6.446
		32  0	-7.853
		33  0	2.395
		34  0	-5.402

node  3		 link	 weight	 bias -13.31
		1  1	-12.649
		2  0	-1.123
		3  1	-5.177
		4  0	-5.627
		5  0	2.898
		6  1	-3.275
		7  0	-0.543
		8  1	-2.188
		9  1	-5.641
		10  1	1.988
		15  1	4.477
		16  1	0.165
		17  0	3.323
		18  1	4.367
		19  1	1.536
		20  1	0.189
		21  0	-1.787
		22  0	1.682
		23  1	-3.011
		24  1	5.808
		25  1	-1.98
		26  0	-5.905
		27  0	-3.372
		28  0	0.0109996
		29  1	-2.031
		30  1	-5.744
		31  0	-6.012
		32  0	-4.525
		33  0	-4.948
		34  0	3.458

node  4		 link	 weight	 bias -21.23
		1  0	-0.85
		2  1	4.208
		3  1	-3.682
		4  0	2.375
		5  1	9.356
		6  0	1.688
		7  0	-0.0759999
		8  0	-3.429
		9  1	-0.711
		10  0	2.025
		15  1	-0.744
		16  1	1.01
		17  0	-0.988
		18  0	-2.266
		19  0	-8.132
		20  0	-0.879
		21  1	-2.241
		22  0	-3.222
		23  1	1.883
		24  0	0.938
		25  1	-5.379
		26  1	-3.713
		27  0	-1.884
		28  0	1.424
		29  1	8.09
		30  0	-1.62
		31  1	-4.584
		32  1	4.302
		33  0	-1.946
		34  0	-2.13

node  5		 link	 weight	 bias -34.632
		1  1	-2.203
		2  0	9.371
		3  1	-2.24
		4  0	-1.545
		5  0	4.903
		6  1	2.031
		7  0	-10.982
		8  1	1.579
		9  0	-5.571
		10  1	-1.503
		15  1	-7.934
		16  1	-0.756
		17  1	1.575
		18  0	3.55
		19  1	0.714
		20  1	0.102
		21  1	-5.07
		22  1	-3.837
		23  0	1.013
		24  1	-3.798
		25  0	1.644
		26  0	-5.61
		27  1	1.281
		28  0	-1.824
		29  0	4.608
		30  1	0.162
		31  0	-0.576
		32  1	9.369
		33  0	1.167
		34  1	-2.368

node  6		 link	 weight	 bias -6.96
		1  0	3.558
		2  0	1.915
		3  0	11.025
		4  1	0.601
		5  1	-1.672
		6  0	8.534
		7  0	-2.046
		8  1	2.496
		9  0	-0.909
		10  0	-6.639
		15  1	0.983
		16  1	-1.491
		17  1	0.283
		18  0	2.392
		19  0	-2.437
		20  0	-0.701
		21  0	1.395
		22  0	-8.277
		23  1	-0.196
		24  0	-2.618
		25  1	-10.455
		26  1	-1.428
		27  0	0
		28  0	-6.66
		29  1	-0.637
		30  0	1.454
		31  1	-2.456
		32  0	-1.576
		33  1	-4.603
		34  0	0.609

node  7		 link	 weight	 bias -66.241
		1  1	-2.663
		2  1	0.854
		3  0	1.879
		4  1	2.016
		5  1	3.606
		6  0	13.526
		7  0	-5.41
		8  0	7.911
		9  0	3.486
		10  1	-2.303
		15  0	-8.286
		16  1	1.276
		17  0	1.239
		18  1	0.122
		19  1	6.091
		20  1	-1.343
		21  0	-8.029
		22  0	-2.207
		23  1	-1.406
		24  0	-4.016
		25  1	-4.126
		26  0	0.254
		27  1	10.555
		28  0	-11.113
		29  0	4.955
		30  1	4.296
		31  0	-4.487
		32  0	-2.407
		33  1	-7.083
		34  0	1.844

node  8		 link	 weight	 bias -9.788
		1  1	-1.874
		2  1	1.247
		3  1	-3.679
		4  0	-5.9
		5  0	-4.526
		6  1	0.714
		7  0	3.149
		8  1	-0.123
		9  1	12.737
		10  0	0.125
		15  1	-0.121
		16  0	0.746
		17  0	1.219
		18  0	-2.234
		19  1	8.753
		20  0	-6.463
		21  0	2.385
		22  1	0.444
		23  1	-7.522
		24  1	-0.233
		25  1	-5.441
		26  0	-2.171
		27  0	-2.449
		28  1	-6.761
		29  0	-2.986
		30  1	-12.055
		31  0	1.814
		32  0	9.171
		33  0	6.583
		34  0	0.588

node  9		 link	 weight	 bias -46.076
		1  1	-8.939
		2  0	3.953
		3  1	-1.541
		4  1	-7.239
		5  0	-2.9
		6  0	-2.886
		7  1	-2.711
		8  1	-0.623
		9  1	-6.31
		10  1	3.486
		15  0	-4.949
		16  1	-9.932
		17  1	-1.201
		18  1	-2.44
		19  1	-1.987
		20  1	-3.863
		21  0	1.684
		22  1	-5.049
		23  1	2.401
		24  0	3.541
		25  0	2.903
		26  0	-1.076
		27  1	-0.755
		28  1	-5.003
		29  1	0.284
		30  1	-3.683
		31  0	1.408
		32  0	-1.638
		33  1	0.316
		34  0	3.645

node  10		 link	 weight	 bias -17.517
		1  0	-7.502
		2  1	-0.148
		3  1	-3.049
		4  1	-6.256
		5  0	-6.893
		6  0	-0.978
		7  1	-1.237
		8  1	4.77
		9  0	-1.082
		10  0	2.141
		15  0	5.533
		16  0	7.391
		17  1	-2.098
		18  0	0.888
		19  1	5.213
		20  1	-4.164
		21  1	-3.637
		22  1	-1.666
		23  0	-5.392
		24  1	-2.078
		25  0	6.996
		26  1	-7.035
		27  0	-3.287
		28  1	2.269
		29  1	3.313
		30  1	-3.197
		31  1	-0.107
		32  1	-4.212
		33  1	6.761
		34  0	4.522


 Layer 5

node  1		 link	 weight	 bias -2.455
		1  0	1.48
		2  1	0.02
		3  0	-2.247
		4  0	4.27
		5  0	-0.255
		6  0	0.328
		7  1	-2.621
		8  0	-0.854
		9  0	-6.248
		10  0	-7.593
		15  0	1.182
		16  0	-6.468
		17  0	0.431
		18  0	4.034
		19  0	4.669
		20  0	-6.694
		21  0	-0.208999
		22  0	3.877
		23  0	1.002
		24  0	-0.767
		25  0	15.15
		26  0	-2.467
		27  1	-2.063
		28  0	-3.78
		29  0	1.688
		30  0	-2.168
		31  1	0
		32  0	-0.873999
		33  0	-4.343
		34  0	-3.12
		35  0	4.683
		36  0	-3.781
		37  0	-4.461
		38  0	0.221
		39  0	-2.093
		40  0	-8.228
		41  0	1.459
		42  1	-0.00699997
		43  0	-1.451
		44  0	-2.417

node  2		 link	 weight	 bias -3.327
		1  0	3.232
		2  0	-4.513
		3  0	6.986
		4  0	-11.541
		5  0	-9.957
		6  0	-6.338
		7  0	-4.687
		8  1	0
		9  0	6.979
		10  0	1.255
		15  0	-1.919
		16  1	-2.189
		17  0	-4.876
		18  0	-0.764
		19  0	0.989
		20  0	1.744
		21  0	3.671
		22  0	4.572
		23  1	0.59
		24  0	0.531
		25  0	-1.973
		26  0	-3.516
		27  0	-0.531
		28  0	-3.621
		29  0	-6.085
		30  0	3.405
		31  0	8.545
		32  0	0.409
		33  0	-2.054
		34  0	-5.455
		35  0	-6.62
		36  0	2.156
		37  0	-1.235
		38  0	-1.892
		39  0	-0.84
		40  0	3.565
		41  0	-8.141
		42  0	-16.829
		43  0	0.00899982
		44  0	7.232

node  3		 link	 weight	 bias 0.449001
		1  0	1.412
		2  1	-0.429
		3  0	1.511
		4  0	4.319
		5  0	1.887
		6  0	0.382
		7  0	-1.843
		8  1	2.224
		9  0	3.906
		10  0	2.405
		15  0	-3.557
		16  0	-0.0129997
		17  0	-3.261
		18  0	2.621
		19  0	2.313
		20  0	0.738
		21  0	-0.557
		22  0	-5.717
		23  0	-4.8
		24  0	0.519
		25  0	-6.512
		26  0	-0.635
		27  0	-7.757
		28  0	-2.456
		29  0	2.24
		30  0	-8.482
		31  0	7.375
		32  0	-4.69
		33  0	9.034
		34  0	-0.769
		35  0	9.284
		36  0	1.392
		37  0	2.441
		38  0	-3.519
		39  0	-7.342
		40  1	-0.0569999
		41  0	-7.369
		42  0	-9.101
		43  0	-7.488
		44  0	-1.134

node  4		 link	 weight	 bias 1.982
		1  0	-3.109
		2  0	-2.209
		3  0	2.073
		4  1	2.815
		5  0	-4.211
		6  1	0.769
		7  0	-4.664
		8  0	1.418
		9  0	1.178
		10  0	3.981
		15  1	0
		16  0	-3.581
		17  0	0.92
		18  0	-2.947
		19  1	0.036
		20  0	-3.191
		21  0	8.862
		22  0	-1.216
		23  0	1.665
		24  1	0.04
		25  1	0.163
		26  0	-3.938
		27  0	-1.823
		28  0	-6.209
		29  0	0.326
		30  0	-0.00500059
		31  0	-10.624
		32  0	6.892
		33  1	0
		34  0	-2.932
		35  0	-1.372
		36  0	1.236
		37  0	-1.831
		38  0	2.688
		39  0	-2.785
		40  0	-2.243
		41  0	4.127
		42  0	0.531
		43  0	2.575
		44  0	-1.156
