
======================================================
Score	5.03686e+14
Z	0.00236209
alpha	-1.79979
betta	-0.0976879
gamma	-0.0402073
Vx	-0.196599
Vy	-0.0297336
Vz	-0.0308365
engIng	0
cFuel	91
tfuel	193.703
======================================================

Initial Parametrs
rOa	{ 143 ; 194 ; -59 }

V	{ 11 ; 0 ; 5 }

w	{ -0.29 ; -0.37 ; 0.19 }

alpha	0.131
betta	0.077
gamma	-0.302
======================================================

 Layer 2

node  1		 link	 weight	 bias -0.196
		1  0	-0.805
		2  0	-2.718
		3  0	3.1
		4  1	0
		5  1	-2.386
		6  0	4.895
		7  0	-3.053
		8  0	-1.346
		9  0	4.104
		10  0	0

node  2		 link	 weight	 bias -1.261
		1  0	1.487
		2  0	1.882
		3  1	-1.638
		4  0	0.924
		5  1	0.22
		6  0	0
		7  1	0
		8  0	-7.239
		9  0	-3.027
		10  0	6.323

node  3		 link	 weight	 bias 5.661
		1  1	2.673
		2  1	-9.593
		3  1	-20.818
		4  0	2.365
		5  0	0.585
		6  1	-0.991
		7  1	1.661
		8  0	0.678
		9  1	-12.571
		10  1	-10.172

node  4		 link	 weight	 bias -21.227
		1  0	1.161
		2  1	2.647
		3  1	1.998
		4  1	1.416
		5  0	-5.589
		6  1	-0.996
		7  0	-2.273
		8  0	1.918
		9  0	-0.602
		10  1	1.976

node  5		 link	 weight	 bias -0.299999
		1  0	1.71
		2  1	8.199
		3  1	0.367
		4  0	1.856
		5  0	3.624
		6  1	0.212
		7  0	-2.272
		8  1	-0.344
		9  1	3.062
		10  0	-1.825

node  6		 link	 weight	 bias -4.194
		1  0	3.197
		2  0	4.07
		3  1	-5.849
		4  1	1.566
		5  1	0.144
		6  0	-13.042
		7  0	-1.185
		8  1	-4.24
		9  1	0.5
		10  1	-5.267

node  7		 link	 weight	 bias -60.241
		1  1	0.49
		2  0	-0.115
		3  1	2.553
		4  1	-6.296
		5  1	1.806
		6  0	-3.763
		7  1	3.638
		8  1	-3.613
		9  0	-5.195
		10  1	1.249

node  8		 link	 weight	 bias -47.107
		1  1	-1.783
		2  0	3.286
		3  1	-2.393
		4  1	-0.0919998
		5  0	-1.527
		6  1	1.029
		7  0	0.049
		8  1	-2.854
		9  1	-5.215
		10  1	-3.035

node  9		 link	 weight	 bias -4.103
		1  0	1.059
		2  0	1.916
		3  1	-1.83
		4  0	-6.351
		5  0	-1.039
		6  0	-0.215
		7  1	-4.586
		8  0	-6.241
		9  1	-0.189
		10  1	-3.461

node  10		 link	 weight	 bias -7.178
		1  0	2.505
		2  1	1.636
		3  1	4.437
		4  1	-7.051
		5  0	-6.927
		6  0	-8.621
		7  0	-2.249
		8  1	0.872
		9  0	-2.1
		10  1	9.072


 Layer 3

node  1		 link	 weight	 bias -0.278
		1  1	0
		2  1	-0.158
		3  0	-1.853
		4  0	0.126
		5  0	0.466
		6  0	-0.78
		7  0	0.062
		8  0	-0.793
		9  1	3.373
		10  0	-0.805
		15  1	1.139
		16  0	-3.327
		17  1	0
		18  0	-1.202
		19  0	-5.83
		20  0	0
		21  0	3.36
		22  0	2.188
		23  0	-3.576
		24  1	0

node  2		 link	 weight	 bias -18.291
		1  0	-1.459
		2  1	-3.551
		3  1	1.471
		4  0	-0.473
		5  0	0.962
		6  1	-1.662
		7  1	-1.628
		8  1	0.353
		9  0	2.946
		10  1	4.964
		15  0	0.618
		16  1	-2.323
		17  0	-3.643
		18  1	-0.706
		19  1	-2.672
		20  0	-1.049
		21  1	-1.368
		22  0	-0.455
		23  0	4.79
		24  0	-3.296

node  3		 link	 weight	 bias 7.663
		1  1	2.706
		2  1	0.224
		3  0	0.916
		4  0	-0.726
		5  0	-2.521
		6  0	1.296
		7  1	0.0770001
		8  0	-1.915
		9  1	0.419
		10  1	1.163
		15  0	2.884
		16  1	0
		17  1	-0.126
		18  1	5.239
		19  1	1.431
		20  0	-1.21
		21  0	1.499
		22  0	-0.414
		23  0	-1.6
		24  0	-0.947

node  4		 link	 weight	 bias -18.518
		1  0	0.329
		2  0	0.674
		3  1	1.53
		4  0	-4.33
		5  0	3.262
		6  1	-6.842
		7  1	4.02
		8  0	-7.881
		9  0	-3.04
		10  0	0.495
		15  1	-1.28
		16  0	0.185
		17  1	0.216
		18  0	-1.637
		19  1	-1.383
		20  1	-1.153
		21  0	1.819
		22  0	-2.932
		23  1	2.682
		24  1	-3.957

node  5		 link	 weight	 bias -22.598
		1  1	0.803
		2  1	1.243
		3  0	-0.795
		4  0	-0.224
		5  0	-2.062
		6  0	2.961
		7  1	-5.11
		8  1	0.205
		9  1	-0.68
		10  0	-2.602
		15  1	2.489
		16  0	-0.95
		17  0	0
		18  1	0.424
		19  1	0
		20  1	1.508
		21  1	0.332
		22  0	4.208
		23  1	0.557
		24  1	5.459

node  6		 link	 weight	 bias -1.526
		1  1	6.031
		2  0	0.0599999
		3  0	-3.771
		4  1	2.48
		5  1	-4.436
		6  1	1.102
		7  0	-0.98
		8  1	-2.331
		9  0	-0.553
		10  0	1.995
		15  0	0.396
		16  0	2.316
		17  0	-2.186
		18  1	0.44
		19  1	-1.015
		20  0	-1.754
		21  0	-1.329
		22  1	-3.983
		23  0	3.745
		24  1	3.523

node  7		 link	 weight	 bias 20.219
		1  0	3.018
		2  1	-4.203
		3  0	3.621
		4  1	0.975
		5  1	3.682
		6  1	0.0459999
		7  0	-1.355
		8  0	1.298
		9  1	-5.386
		10  1	2.203
		15  1	-3.359
		16  0	3.065
		17  0	4.525
		18  1	-0.666
		19  1	2.369
		20  0	0.045
		21  0	0.548
		22  0	1.245
		23  1	-0.379
		24  1	0.348

node  8		 link	 weight	 bias -4.295
		1  0	1.547
		2  1	-0.0210001
		3  0	-3.254
		4  0	-4.57
		5  1	2.387
		6  0	-1.27
		7  0	4.723
		8  0	0.894
		9  1	1.099
		10  0	2.075
		15  0	1.462
		16  0	-0.283
		17  1	-1.489
		18  1	-1.436
		19  0	0.707
		20  0	1.877
		21  1	-0.398
		22  0	-1.584
		23  1	2.75
		24  1	-3.332

node  9		 link	 weight	 bias 2.247
		1  1	0.226
		2  0	-0.607
		3  1	-0.927
		4  0	-3.775
		5  0	2.179
		6  1	-1.258
		7  0	-0.72
		8  0	-1.082
		9  0	-1.07
		10  0	3.567
		15  1	0.376
		16  0	2.972
		17  0	1.613
		18  0	-3.023
		19  0	-5.307
		20  0	-1.657
		21  1	-0.887
		22  0	0.849
		23  0	-3.255
		24  1	3.727

node  10		 link	 weight	 bias -32.29
		1  1	6.297
		2  0	-1.194
		3  1	-3
		4  1	-2.738
		5  0	-1.594
		6  1	0.867
		7  1	1.429
		8  0	-1.622
		9  1	-3.233
		10  0	-0.966
		15  1	4.697
		16  1	-2.198
		17  1	0.384
		18  0	-1.682
		19  0	1.447
		20  1	1.597
		21  0	-1.439
		22  0	-0.0519998
		23  1	-0.784
		24  1	-1.02


 Layer 4

node  1		 link	 weight	 bias -6.791
		1  0	-6.606
		2  0	-0.591
		3  1	2.655
		4  1	0.48
		5  0	0.985
		6  0	3.555
		7  1	-0.102
		8  1	-0.828
		9  0	-2.203
		10  0	3.142
		15  0	-0.538
		16  1	-0.426
		17  0	-1.516
		18  0	4.652
		19  1	-1.824
		20  0	-1.417
		21  0	-4.136
		22  1	1.133
		23  0	-3.379
		24  1	-1.708
		25  0	2.685
		26  1	0.202
		27  1	1.46
		28  1	1.021
		29  1	-2.827
		30  1	-3.097
		31  0	3.417
		32  0	-2.041
		33  1	-1.187
		34  1	5.838

node  2		 link	 weight	 bias -0.899001
		1  1	0
		2  1	-1.586
		3  0	2.816
		4  1	0.518
		5  0	-2.833
		6  0	-1.178
		7  0	-0.0620003
		8  1	-3.007
		9  0	0.0319998
		10  0	-2.451
		15  1	-3.69
		16  0	-3.438
		17  1	0.725
		18  0	-4.259
		19  1	2.677
		20  1	1.41
		21  1	-2.061
		22  0	-5.983
		23  1	-1.948
		24  1	9.756
		25  1	0.713
		26  0	-3.416
		27  1	-4.695
		28  0	-1.838
		29  0	1.097
		30  1	-1.63
		31  0	-0.975
		32  0	-6.512
		33  0	2.211
		34  1	-4.566

node  3		 link	 weight	 bias 8.381
		1  1	-8.644
		2  1	0.31
		3  1	-3.404
		4  1	-6.008
		5  0	1.61
		6  1	0.0970001
		7  0	-1.174
		8  0	2.447
		9  1	-1.997
		10  0	-1.424
		15  1	1.42
		16  1	1.317
		17  0	3.682
		18  0	0.694
		19  1	3.472
		20  0	4.46
		21  0	-4.15
		22  1	0.919
		23  1	0
		24  1	0.237
		25  0	-2.314
		26  1	-3.066
		27  0	-1.445
		28  0	0.561
		29  0	0.0579997
		30  1	-3.162
		31  0	-1.9
		32  0	-0.603
		33  0	-2.378
		34  0	1.044

node  4		 link	 weight	 bias 9.246
		1  0	-0.00300014
		2  0	-0.375
		3  0	-3.476
		4  0	2.254
		5  0	6.116
		6  0	2.854
		7  0	-3.306
		8  0	2.995
		9  1	-1.781
		10  0	1.486
		15  1	0.00699997
		16  0	0.633
		17  1	-1.009
		18  1	-2.176
		19  0	-5.277
		20  1	-1.776
		21  0	-3.315
		22  1	-4.822
		23  0	4.049
		24  1	-0.376
		25  0	-0.796
		26  0	-2.474
		27  1	1.771
		28  0	2.407
		29  1	6.046
		30  0	-2.035
		31  0	-3.051
		32  1	1.158
		33  1	1.034
		34  1	-0.0759997

node  5		 link	 weight	 bias -13.458
		1  1	-1.738
		2  1	7.042
		3  0	1.162
		4  0	-2.73
		5  1	2.42
		6  0	3.356
		7  1	-5.886
		8  0	-0.587
		9  0	-4.867
		10  1	-0.722
		15  0	-2.133
		16  0	0.829
		17  1	-0.775
		18  1	1.487
		19  0	0.104
		20  0	4.211
		21  1	-1.943
		22  0	-6.164
		23  0	-1.176
		24  1	-3.887
		25  1	-0.718
		26  1	-5.527
		27  1	0.48
		28  1	-0.372
		29  0	4.16
		30  1	2.169
		31  0	-3.408
		32  0	5.14
		33  1	2.103
		34  1	-2.694

node  6		 link	 weight	 bias -2.294
		1  0	2.474
		2  1	-1.511
		3  0	2.507
		4  0	1.187
		5  0	-2.029
		6  1	5.814
		7  0	0
		8  0	1.179
		9  1	-2.108
		10  0	0
		15  0	3.684
		16  1	-1.252
		17  0	0.845
		18  0	-0.354
		19  0	-1.552
		20  1	2.114
		21  1	0
		22  0	-0.572
		23  1	0
		24  0	-0.876
		25  0	-6.508
		26  0	-1.685
		27  1	0
		28  0	-1.664
		29  0	-1.212
		30  0	2.263
		31  1	-1.6
		32  0	-1.924
		33  1	-1.109
		34  1	0.255

node  7		 link	 weight	 bias -51.829
		1  1	-5.558
		2  1	0.854
		3  1	3.269
		4  0	-1.755
		5  0	1.47
		6  0	8.156
		7  1	-5.291
		8  1	5.059
		9  0	0.473
		10  0	1.141
		15  0	-0.806
		16  1	4.442
		17  0	1.617
		18  1	-0.00400007
		19  1	7.159
		20  1	-1.417
		21  0	-3.61
		22  1	-5.294
		23  1	2.459
		24  1	-3.099
		25  0	1.296
		26  1	4.178
		27  1	0.207
		28  0	-1.601
		29  1	-1.412
		30  1	5.481
		31  0	-2.5
		32  0	-2.407
		33  1	-4.993
		34  1	2.869

node  8		 link	 weight	 bias -15.487
		1  0	0.069
		2  1	1.282
		3  0	0.542
		4  1	-4.595
		5  1	-5.179
		6  0	-0.427
		7  0	0.787
		8  1	3.563
		9  1	4.298
		10  1	0
		15  0	3.079
		16  1	-0.948
		17  0	4.57
		18  1	-0.079
		19  1	6.268
		20  1	-6.351
		21  1	2.907
		22  1	-0.848
		23  1	-4.858
		24  0	-2.911
		25  0	-5.873
		26  0	-0.419
		27  0	-4.762
		28  1	-0.878
		29  0	-1.418
		30  1	-6.065
		31  1	0.629
		32  0	10.813
		33  1	7.078
		34  1	1.751

node  9		 link	 weight	 bias -35.808
		1  1	-2.742
		2  1	1.008
		3  1	-5.865
		4  1	-4.71
		5  1	3.24
		6  1	-1.015
		7  0	-1.127
		8  0	1.105
		9  1	-0.571
		10  0	1.799
		15  1	0.321
		16  0	-2.684
		17  0	-0.374
		18  1	-2.963
		19  1	-1.796
		20  1	-1.705
		21  1	3.387
		22  1	-3.239
		23  1	0
		24  1	2.262
		25  1	1.886
		26  1	3.573
		27  1	-4.544
		28  1	-2.749
		29  0	1.186
		30  1	-1.311
		31  0	-2.345
		32  1	2.785
		33  1	3.926
		34  0	3.318

node  10		 link	 weight	 bias -10.296
		1  1	-5.021
		2  0	-0.651
		3  0	-1.481
		4  1	-3.47
		5  1	-5.703
		6  1	-2.334
		7  0	-0.93
		8  0	3.668
		9  0	1.091
		10  1	0.803
		15  0	5.6
		16  1	4.457
		17  0	-2.187
		18  1	-1.034
		19  1	-0.188999
		20  1	-2.237
		21  0	-0.321
		22  1	-3.493
		23  1	-4.126
		24  1	-0.893
		25  1	2.165
		26  1	-2.707
		27  0	-4.106
		28  1	2.011
		29  1	4.601
		30  0	-0.382
		31  0	-1.317
		32  0	-4.746
		33  1	4.689
		34  1	1.026


 Layer 5

node  1		 link	 weight	 bias -2.455
		1  0	2.903
		2  1	0.02
		3  0	-4.868
		4  0	3.123
		5  0	4.459
		6  0	0.623
		7  1	-2.621
		8  1	-0.0179999
		9  0	0
		10  0	-0.702
		15  1	0
		16  0	-4.275
		17  1	0
		18  0	1.021
		19  0	2.01
		20  0	-1.881
		21  0	1.743
		22  0	-0.725
		23  0	-0.866
		24  0	-0.535
		25  0	5.473
		26  0	-6.765
		27  1	-2.063
		28  0	-0.154
		29  0	1.463
		30  0	-2.241
		31  1	0
		32  0	1.477
		33  0	0.574
		34  0	-3.125
		35  0	7.568
		36  0	-2.658
		37  0	-3.099
		38  0	1.343
		39  0	-4.745
		40  0	-1.412
		41  0	-3.214
		42  1	-0.00699997
		43  0	-1.835
		44  0	1.696

node  2		 link	 weight	 bias -3.327
		1  0	5.798
		2  0	-5.317
		3  0	5.249
		4  0	-4.879
		5  0	-2.846
		6  0	-1.084
		7  0	-0.247
		8  1	0
		9  0	2.463
		10  0	3.15
		15  0	0
		16  1	-2.189
		17  0	-2.374
		18  0	-0.163
		19  0	-3.537
		20  1	0
		21  0	2.863
		22  0	2.607
		23  1	0.59
		24  0	-0.393
		25  0	-0.287
		26  0	0
		27  0	2.849
		28  0	-1.209
		29  0	0
		30  0	5.392
		31  0	2.288
		32  0	-1.989
		33  0	-1.588
		34  0	-2.157
		35  0	0.405
		36  0	0.0570005
		37  0	-0.648
		38  0	-0.35
		39  0	1.316
		40  0	1.467
		41  0	-1.061
		42  0	-8.875
		43  0	0.61
		44  0	-0.596

node  3		 link	 weight	 bias 0.449001
		1  0	2.89
		2  1	-0.429
		3  0	2.148
		4  1	0
		5  0	0.334
		6  0	0.908
		7  0	0.0350002
		8  1	2.224
		9  0	2.792
		10  0	7.527
		15  0	-0.384
		16  0	0.92
		17  0	-2.776
		18  0	-1.089
		19  0	2.274
		20  0	-0.131
		21  0	-3.911
		22  0	0.246
		23  1	0
		24  0	0
		25  0	-4.338
		26  0	-0.75
		27  0	-6.938
		28  0	-0.796
		29  0	-0.122
		30  0	-4.291
		31  0	4.965
		32  0	1.281
		33  0	-2.629
		34  1	0
		35  0	2.821
		36  0	-1.046
		37  0	6.026
		38  0	-3.087
		39  0	-5.705
		40  1	-0.0569999
		41  0	2.853
		42  0	-4.139
		43  0	0.0870001
		44  0	0.747

node  4		 link	 weight	 bias 1.982
		1  0	-0.101
		2  0	-1.111
		3  0	0.454
		4  1	2.815
		5  0	-6.655
		6  1	0.769
		7  0	-0.978
		8  0	-2.409
		9  0	1.642
		10  0	3.79
		15  1	0
		16  0	-2.003
		17  0	2.173
		18  0	-3.906
		19  1	0.036
		20  0	2.573
		21  0	4.69
		22  0	0.165
		23  0	3.06
		24  1	0.04
		25  1	0.163
		26  0	-2.82
		27  0	-0.347
		28  0	-5.049
		29  0	-0.963
		30  0	-0.162
		31  0	-3.339
		32  0	0.198
		33  1	0
		34  0	-7.356
		35  1	0
		36  0	-0.19
		37  0	-1.637
		38  0	1.675
		39  0	-0.147
		40  0	1.192
		41  0	-2.543
		42  0	3.396
		43  0	0.666
		44  0	-0.251
