
======================================================
Score	2.04609e+15
Z	0.000476635
alpha	0.501059
betta	-0.162209
gamma	0.328558
Vx	-0.199379
Vy	-0.00160447
Vz	-0.0169122
engIng	0
cFuel	239
tfuel	264.066
======================================================

Initial Parametrs
rOa	{ 89 ; 92 ; -119 }

V	{ 14 ; 3 ; 5 }

w	{ 0.25 ; 0.48 ; 0.32 }

alpha	-0.022
betta	-0.26
gamma	0.326
======================================================

 Layer 2

node  1		 link	 weight	 bias 0.0160004
		1  0	0.452
		2  0	0
		3  0	0
		4  0	0
		5  1	-1.712
		6  0	0
		7  0	0.458
		8  0	0
		9  0	0
		10  0	-2.038

node  2		 link	 weight	 bias -9.86
		1  0	0
		2  0	0
		3  0	0
		4  0	0
		5  1	-1.034
		6  1	1.305
		7  0	0
		8  0	0
		9  0	0
		10  1	0

node  3		 link	 weight	 bias 4.066
		1  0	0
		2  1	-1.57
		3  0	-1.063
		4  0	0
		5  0	0
		6  0	0
		7  1	-0.186
		8  0	-0.408
		9  0	0
		10  0	0.774

node  4		 link	 weight	 bias -7.925
		1  0	-1.275
		2  0	0
		3  1	1.806
		4  0	1.511
		5  0	0
		6  0	0
		7  1	-2.206
		8  0	-2.1
		9  1	0
		10  1	0

node  5		 link	 weight	 bias -1.176
		1  0	-1.904
		2  1	0
		3  0	0
		4  0	0
		5  1	0
		6  0	1.398
		7  0	0
		8  1	-1.453
		9  0	0.249
		10  0	0

node  6		 link	 weight	 bias -8.908
		1  0	0
		2  0	-2.138
		3  0	0
		4  0	1.371
		5  0	0
		6  0	0
		7  0	0
		8  1	0.106
		9  0	-0.372
		10  0	0

node  7		 link	 weight	 bias -1.918
		1  0	0.763
		2  1	0
		3  1	0
		4  0	0
		5  1	0.58
		6  0	0.699
		7  0	-1.814
		8  0	0
		9  1	0.327
		10  0	0

node  8		 link	 weight	 bias -10.492
		1  0	-0.831
		2  1	0
		3  0	-1.635
		4  0	0
		5  0	0
		6  0	0
		7  0	0
		8  0	0
		9  0	0
		10  0	0

node  9		 link	 weight	 bias -1.266
		1  0	-0.873
		2  0	-0.272
		3  0	0
		4  0	1.166
		5  0	0
		6  1	0
		7  0	-0.456
		8  1	-0.202
		9  0	0
		10  0	0

node  10		 link	 weight	 bias -3.764
		1  0	0
		2  0	1.042
		3  0	0
		4  1	-1.931
		5  1	0
		6  0	0
		7  0	0
		8  0	0
		9  0	0
		10  1	0


 Layer 3

node  1		 link	 weight	 bias 1.444
		1  0	0.492
		2  0	0.587
		3  0	0.017
		4  1	0
		5  0	-2.491
		6  0	0
		7  0	0
		8  0	0
		9  0	0
		10  0	0
		15  0	-1.819
		16  0	1.722
		17  0	0
		18  1	0
		19  0	2.326
		20  0	0
		21  1	0
		22  0	0
		23  0	0
		24  0	0

node  2		 link	 weight	 bias -16.615
		1  0	0
		2  0	1.554
		3  1	0
		4  1	0
		5  0	0
		6  0	0
		7  0	0
		8  0	0
		9  0	0
		10  0	0.625
		15  1	-1.999
		16  0	0
		17  0	0
		18  0	0
		19  0	0
		20  0	0
		21  0	0
		22  0	0
		23  0	-2.169
		24  0	0

node  3		 link	 weight	 bias 4.588
		1  0	0.116
		2  0	0
		3  0	0
		4  0	0
		5  0	-0.347
		6  0	0.433
		7  0	0
		8  0	0
		9  0	0
		10  0	0
		15  0	0
		16  0	0
		17  0	0
		18  1	0
		19  1	0
		20  0	0
		21  0	-1.146
		22  0	0
		23  0	0
		24  0	-3.254

node  4		 link	 weight	 bias -11.206
		1  0	0
		2  0	0
		3  0	0
		4  0	-0.768
		5  1	0
		6  0	0
		7  1	-2.359
		8  0	0
		9  0	0
		10  0	1.36
		15  0	0.711
		16  0	0
		17  0	0
		18  0	1.745
		19  0	-1.259
		20  1	0
		21  0	0
		22  0	0
		23  0	0.873
		24  1	0

node  5		 link	 weight	 bias -3.185
		1  0	0
		2  0	0.424
		3  0	-0.586
		4  0	0
		5  0	-2.973
		6  1	-2.366
		7  1	0
		8  0	-0.471
		9  0	0
		10  0	0
		15  0	0
		16  0	0.138
		17  0	-1.696
		18  0	-0.732
		19  1	-0.46
		20  1	0
		21  0	1.665
		22  0	0
		23  0	0
		24  0	0.225

node  6		 link	 weight	 bias -3.381
		1  0	0
		2  0	-2.36
		3  1	0
		4  1	0.936
		5  0	0
		6  0	0
		7  0	0
		8  0	-2.099
		9  0	-0.0309999
		10  0	0
		15  1	1.236
		16  0	0
		17  0	0
		18  0	0
		19  1	0
		20  0	0
		21  1	-1.823
		22  0	0.15
		23  0	0
		24  0	0

node  7		 link	 weight	 bias -0.735
		1  0	0.622
		2  0	-1.865
		3  0	0
		4  0	0
		5  0	0.363
		6  1	0
		7  0	0
		8  0	0
		9  0	0
		10  1	0
		15  0	0
		16  1	0
		17  0	0
		18  1	-1.56
		19  0	0
		20  0	0
		21  0	0
		22  0	0
		23  0	0.204
		24  0	0

node  8		 link	 weight	 bias -8.465
		1  0	0
		2  0	-4.512
		3  0	0
		4  0	-0.756
		5  0	0
		6  1	0
		7  0	0
		8  0	0
		9  0	0
		10  1	0.326
		15  0	0
		16  0	0
		17  1	0
		18  0	0
		19  0	0
		20  0	0
		21  0	0
		22  0	0
		23  1	0
		24  0	0

node  9		 link	 weight	 bias 13.414
		1  0	-0.583
		2  0	0
		3  1	-2.299
		4  0	0
		5  0	0
		6  1	0
		7  0	0
		8  0	0
		9  1	0
		10  0	0
		15  1	0.616
		16  0	-0.789
		17  0	0
		18  0	0
		19  1	0
		20  0	0
		21  0	0.00400007
		22  0	-1.155
		23  1	0.11
		24  0	0

node  10		 link	 weight	 bias -5.009
		1  0	2.431
		2  1	0
		3  0	0
		4  0	0.96
		5  0	-2.382
		6  0	0
		7  0	1.07
		8  1	-2.224
		9  0	-2.076
		10  0	0
		15  0	-0.919
		16  0	1.148
		17  0	1.533
		18  1	0
		19  0	-2.481
		20  0	-2.256
		21  0	2.005
		22  0	0
		23  0	0
		24  0	0


 Layer 4

node  1		 link	 weight	 bias 0.71
		1  0	0
		2  0	0
		3  1	0.974
		4  1	1.524
		5  0	0
		6  0	0
		7  1	-2.149
		8  0	0
		9  0	0
		10  0	1.448
		15  0	0
		16  0	-0.859
		17  0	1.914
		18  0	0.451
		19  0	1.462
		20  0	0
		21  0	0
		22  1	0
		23  0	0
		24  1	0
		25  0	0
		26  0	-1.323
		27  0	0
		28  0	0
		29  0	0
		30  0	0
		31  0	0
		32  0	0
		33  0	-2.366
		34  0	0

node  2		 link	 weight	 bias 15.157
		1  0	0
		2  0	0.288
		3  0	-1.506
		4  0	0
		5  0	-0.497
		6  0	0
		7  0	0
		8  0	0
		9  0	0
		10  0	0
		15  0	0
		16  1	0
		17  0	-1.96
		18  0	-1.957
		19  0	0
		20  0	0
		21  1	0
		22  0	0
		23  0	0
		24  0	0
		25  0	1.241
		26  1	-0.693
		27  0	0
		28  0	0
		29  0	0
		30  0	0
		31  0	1.675
		32  0	0
		33  0	-0.224
		34  0	0

node  3		 link	 weight	 bias -0.992
		1  0	0
		2  0	-0.754
		3  0	0
		4  0	0
		5  0	-0.209
		6  1	0
		7  0	1.002
		8  0	-2.148
		9  0	-2.485
		10  1	0
		15  0	0
		16  0	0
		17  1	0
		18  0	0
		19  0	0
		20  0	0
		21  1	0
		22  0	-1.308
		23  0	-2.435
		24  0	0
		25  0	0.426
		26  1	0
		27  0	1.06
		28  0	-1.001
		29  0	-1.171
		30  1	0
		31  0	0
		32  0	3.953
		33  0	0
		34  0	0

node  4		 link	 weight	 bias -6.547
		1  0	2.006
		2  1	0
		3  0	0
		4  0	0
		5  1	-0.994
		6  0	0
		7  0	0
		8  0	-0.757
		9  0	-0.258
		10  0	-0.77
		15  0	0
		16  0	2.416
		17  0	0
		18  0	1.923
		19  0	0
		20  1	0
		21  0	0
		22  1	1.026
		23  0	0
		24  1	1.486
		25  0	0
		26  0	0
		27  0	0
		28  0	0
		29  0	0
		30  0	-0.297
		31  1	0
		32  0	-2.424
		33  0	0
		34  0	0

node  5		 link	 weight	 bias -9.85
		1  1	-0.905
		2  1	-2.068
		3  0	0
		4  0	0
		5  1	0
		6  1	0
		7  0	1.647
		8  0	0
		9  0	0
		10  0	0
		15  0	0
		16  0	0
		17  0	0
		18  1	0
		19  0	-0.55
		20  0	0
		21  0	0
		22  0	0
		23  0	0.688
		24  0	0
		25  0	0
		26  0	1.205
		27  0	-0.537
		28  1	-0.00300002
		29  0	1.161
		30  1	0
		31  0	1.023
		32  0	0
		33  0	1.281
		34  0	0

node  6		 link	 weight	 bias 10.786
		1  0	-1.374
		2  0	0
		3  0	0
		4  1	0
		5  0	0
		6  0	0
		7  0	0
		8  0	4.012
		9  1	0
		10  0	-0.221
		15  1	0
		16  0	0
		17  1	0
		18  1	-1.333
		19  0	-0.261
		20  0	0
		21  1	-0.533
		22  0	0
		23  0	0
		24  0	0
		25  0	0
		26  0	5.352
		27  0	0
		28  0	-2.226
		29  0	1.062
		30  0	0
		31  0	0
		32  0	-0.0999998
		33  0	2.428
		34  0	0

node  7		 link	 weight	 bias -1.041
		1  1	0
		2  0	-2.587
		3  0	0
		4  0	0
		5  1	0
		6  1	0
		7  0	0
		8  0	-1.438
		9  1	0
		10  0	0
		15  0	0
		16  1	0.976
		17  0	-2.891
		18  0	-0.35
		19  0	3.487
		20  1	0
		21  0	0
		22  0	-1.933
		23  0	0
		24  0	1.023
		25  0	0
		26  0	0
		27  0	0
		28  0	0
		29  0	0
		30  0	0
		31  1	0.292
		32  0	0
		33  0	0
		34  0	-0.675

node  8		 link	 weight	 bias 8.348
		1  0	0
		2  1	0
		3  0	0.184
		4  0	2.022
		5  0	0
		6  1	0
		7  0	0
		8  0	0
		9  1	0
		10  0	0
		15  0	-0.947
		16  0	0
		17  0	0.085
		18  0	0.89
		19  1	0
		20  0	-2.121
		21  0	0
		22  0	-1.751
		23  0	-1.663
		24  0	0
		25  0	0
		26  1	2.337
		27  0	1.241
		28  1	0
		29  0	0
		30  0	1.986
		31  0	2.396
		32  1	0
		33  0	-1.905
		34  0	0

node  9		 link	 weight	 bias -0.887
		1  1	0
		2  1	0
		3  0	0
		4  0	0.827
		5  0	0
		6  0	0
		7  0	0
		8  1	0
		9  0	0
		10  0	-0.616
		15  0	0
		16  0	0.381
		17  1	0
		18  1	0
		19  1	0
		20  0	-1.494
		21  0	0
		22  0	0.795
		23  0	-0.961
		24  1	0
		25  0	-0.434
		26  0	0
		27  0	0
		28  1	0
		29  0	1.456
		30  0	2.096
		31  0	0
		32  0	-2.457
		33  0	2.09
		34  0	0

node  10		 link	 weight	 bias 13.152
		1  0	0
		2  1	0
		3  0	0
		4  0	1.89
		5  0	1.424
		6  0	0
		7  1	-2.654
		8  0	0.105
		9  1	0
		10  0	-0.968
		15  0	-1.023
		16  0	0
		17  0	0
		18  1	0
		19  0	0.898
		20  0	0
		21  1	0
		22  0	0
		23  1	-1.353
		24  1	0
		25  0	0
		26  0	-1.15
		27  0	0
		28  0	1.571
		29  0	1.164
		30  1	0
		31  1	0
		32  0	0
		33  0	0
		34  1	1.393


 Layer 5

node  1		 link	 weight	 bias -2.358
		1  0	-0.861
		2  0	0.231
		3  0	0
		4  1	-1.184
		5  1	0
		6  0	0
		7  1	2.227
		8  0	0
		9  0	3.343
		10  0	-0.334
		15  0	0
		16  0	0
		17  0	2.026
		18  0	-2.189
		19  0	-1.023
		20  0	0
		21  0	0
		22  0	0
		23  0	0
		24  0	0.562
		25  0	2.538
		26  0	0
		27  0	0
		28  0	0
		29  0	0
		30  1	0.414
		31  1	0
		32  0	0
		33  0	0
		34  0	0
		35  1	0
		36  0	0
		37  1	-0.898
		38  0	-1.115
		39  0	0
		40  1	0
		41  0	0.0480001
		42  0	1.934
		43  1	-2.311
		44  0	0

node  2		 link	 weight	 bias 1.629
		1  0	0
		2  1	0
		3  0	0
		4  0	0
		5  0	1.153
		6  1	0
		7  0	0
		8  0	0
		9  0	-0.256
		10  0	-0.902
		15  0	2.251
		16  1	0
		17  0	0
		18  0	0.758
		19  0	0
		20  0	-2.454
		21  1	-1.167
		22  0	0
		23  1	0.969
		24  0	-0.106
		25  1	0
		26  0	1.595
		27  0	0
		28  0	0
		29  0	1.457
		30  0	1.422
		31  1	0
		32  1	-2.225
		33  0	0
		34  0	0
		35  0	-2.417
		36  0	0
		37  0	0
		38  0	1.437
		39  0	0
		40  0	0
		41  0	0.501
		42  0	1.258
		43  0	-2.39
		44  0	-1.62

node  3		 link	 weight	 bias 1.339
		1  0	0
		2  1	0
		3  0	-1.21
		4  0	0
		5  1	1.898
		6  0	0
		7  0	-5.004
		8  1	0.821
		9  0	0
		10  1	0
		15  1	0
		16  0	0
		17  0	0
		18  1	0
		19  0	0
		20  0	0
		21  0	0
		22  0	2.196
		23  0	0
		24  0	0
		25  0	0
		26  0	0.858
		27  0	0
		28  1	0
		29  0	0
		30  0	-1.221
		31  0	-0.51
		32  0	0
		33  0	0.311
		34  0	1.188
		35  0	-1.631
		36  0	0
		37  0	-0.534
		38  0	1.867
		39  1	0
		40  0	0
		41  0	0
		42  0	-3.264
		43  0	-0.908
		44  0	1.438

node  4		 link	 weight	 bias -0.394
		1  0	-1.126
		2  0	-1.289
		3  0	-2.451
		4  0	0.899
		5  0	0
		6  0	0
		7  0	-0.585
		8  0	0
		9  1	2.531
		10  0	2.589
		15  0	1.844
		16  0	-1.308
		17  1	0.173
		18  0	1.314
		19  1	0
		20  0	-1.454
		21  0	0.251
		22  0	2.109
		23  1	0
		24  0	0
		25  0	-2.476
		26  0	0
		27  0	0
		28  0	-0.194
		29  0	-4.017
		30  0	0
		31  0	1.173
		32  0	0
		33  1	0
		34  0	0
		35  0	0
		36  0	0
		37  0	0
		38  0	0
		39  0	0
		40  0	0
		41  0	-1.036
		42  0	0
		43  1	0
		44  0	0
