
======================================================
Score	3.72944e+09
Z	-141.192
alpha	-0.593014
betta	-0.291099
gamma	-0.427746
Vx	4.25073
Vy	19.91
Vz	19.71
engIng	1
cFuel	67
tfuel	0
======================================================

Initial Parametrs
rOa	{ 68 ; 130 ; -136 }

V	{ 11 ; 19.91 ; 19.71 }

w	{ -0.4963 ; -0.4918 ; -0.4943 }

alpha	-0.34843
betta	-0.34698
gamma	-0.3493
======================================================

 Layer 2

node  1		 link	 weight	 bias 1.098
		1  1	0
		2  0	0
		3  0	0
		4  0	0
		5  0	0
		6  0	-2.671
		7  0	-1.973
		8  0	0
		9  0	-3.953
		10  0	0

node  2		 link	 weight	 bias -16.133
		1  0	-4.971
		2  0	0
		3  0	-2.633
		4  0	0
		5  0	0
		6  0	0
		7  0	0
		8  0	3.73
		9  0	3.553
		10  0	0.53

node  3		 link	 weight	 bias -12.982
		1  0	0
		2  0	0
		3  1	0
		4  0	3.645
		5  0	0
		6  0	-1.327
		7  0	-3.7
		8  0	0
		9  0	0
		10  0	0

node  4		 link	 weight	 bias -18.757
		1  0	-1.031
		2  0	0
		3  0	0
		4  0	0
		5  0	0
		6  1	0
		7  0	0
		8  1	0
		9  0	0
		10  0	0

node  5		 link	 weight	 bias -19.656
		1  0	0
		2  0	0
		3  0	0
		4  0	-4.774
		5  0	0
		6  0	0
		7  0	0
		8  0	0
		9  0	-4.584
		10  0	0

node  6		 link	 weight	 bias 4.311
		1  0	0
		2  0	0
		3  0	0
		4  0	-0.104
		5  0	0
		6  0	0
		7  0	0
		8  0	0
		9  0	0.287
		10  0	0

node  7		 link	 weight	 bias -2.856
		1  0	0
		2  0	4.873
		3  1	4.991
		4  0	0
		5  0	-4.486
		6  0	0
		7  0	0
		8  0	0
		9  0	0
		10  0	0

node  8		 link	 weight	 bias -10.754
		1  0	0
		2  0	2.296
		3  0	0
		4  0	0
		5  0	0
		6  0	0
		7  0	0
		8  0	0
		9  0	0
		10  0	0

node  9		 link	 weight	 bias -11.651
		1  0	0
		2  0	-0.93
		3  0	0
		4  0	0
		5  0	0
		6  0	0
		7  0	0
		8  0	0
		9  0	0
		10  0	0

node  10		 link	 weight	 bias -21.131
		1  0	0
		2  0	0
		3  0	0
		4  0	0
		5  0	0
		6  0	0
		7  0	2.819
		8  0	0
		9  0	0
		10  0	0


 Layer 3

node  1		 link	 weight	 bias 0.294001
		1  0	0
		2  0	0
		3  0	0
		4  0	-0.689
		5  0	3.472
		6  0	0
		7  0	0
		8  1	1.35
		9  0	0
		10  0	0
		15  0	0
		16  0	0
		17  0	0
		18  0	0
		19  0	0
		20  0	0
		21  0	0
		22  0	3.426
		23  0	0
		24  0	0

node  2		 link	 weight	 bias 13.724
		1  0	0
		2  0	0
		3  0	0
		4  0	0
		5  0	0
		6  0	1.628
		7  0	0
		8  0	0
		9  0	0
		10  0	0
		15  0	0
		16  1	-0.632
		17  0	0.144
		18  0	0
		19  0	0
		20  0	0
		21  0	0
		22  0	0
		23  0	0
		24  0	0

node  3		 link	 weight	 bias 2.064
		1  0	0
		2  0	0
		3  0	0
		4  0	0
		5  0	0
		6  0	0
		7  0	0
		8  0	0
		9  0	0
		10  0	0
		15  0	3.09
		16  0	0
		17  0	0
		18  0	0
		19  0	2.762
		20  0	0
		21  0	0
		22  0	0.453
		23  0	0
		24  0	-0.63

node  4		 link	 weight	 bias -5.228
		1  0	1.222
		2  0	0
		3  0	0
		4  0	2.334
		5  0	-2.799
		6  0	0
		7  1	0
		8  0	0
		9  0	-0.892
		10  0	0
		15  0	0
		16  0	0
		17  1	0
		18  0	0
		19  0	0
		20  0	0
		21  0	0
		22  0	0
		23  0	0
		24  0	0

node  5		 link	 weight	 bias -15.533
		1  0	0
		2  0	2.107
		3  0	0
		4  0	0
		5  0	0
		6  0	0
		7  0	0
		8  0	0
		9  0	4.113
		10  0	0
		15  0	0
		16  0	0
		17  0	0
		18  0	0
		19  0	0
		20  1	0
		21  0	0
		22  0	0
		23  0	0
		24  0	0

node  6		 link	 weight	 bias -16.546
		1  0	0
		2  0	0
		3  0	3.178
		4  0	0
		5  0	0
		6  1	0
		7  0	0
		8  0	0
		9  0	0
		10  0	0
		15  0	-0.106
		16  0	0
		17  0	0
		18  0	1.075
		19  0	0
		20  0	0
		21  0	0
		22  0	0
		23  0	0
		24  0	0

node  7		 link	 weight	 bias -33.866
		1  0	2.996
		2  0	0
		3  0	0
		4  0	0
		5  0	0
		6  0	0
		7  0	0
		8  0	4.389
		9  0	-7.99
		10  0	0
		15  1	0
		16  0	0
		17  0	0
		18  0	0
		19  0	0
		20  0	0
		21  0	0
		22  0	0
		23  0	-2.098
		24  0	0

node  8		 link	 weight	 bias 3.821
		1  0	-2.482
		2  0	0
		3  0	0
		4  1	0.0110002
		5  0	-2.402
		6  0	0
		7  1	7.308
		8  0	0
		9  0	0.798
		10  0	0
		15  0	0
		16  0	4.441
		17  0	0
		18  0	0
		19  0	-4.776
		20  0	0
		21  0	2.219
		22  0	-3.889
		23  0	0
		24  0	0

node  9		 link	 weight	 bias -1.287
		1  0	0
		2  1	0
		3  0	0
		4  0	0
		5  0	0
		6  0	1.788
		7  0	0
		8  0	0
		9  0	-1.777
		10  0	0
		15  0	0
		16  0	0
		17  0	0
		18  0	0
		19  0	0
		20  0	0
		21  0	0
		22  0	0
		23  0	0
		24  0	-0.704

node  10		 link	 weight	 bias 2.877
		1  0	0
		2  0	0
		3  0	0
		4  0	0
		5  0	-2.336
		6  0	0
		7  0	0
		8  0	-3.344
		9  0	0
		10  0	-2.328
		15  0	0
		16  0	0
		17  0	0
		18  0	0
		19  0	0
		20  0	0
		21  0	0
		22  0	0
		23  0	0
		24  0	0


 Layer 4

node  1		 link	 weight	 bias -5.19
		1  0	0
		2  0	0
		3  0	0
		4  1	0
		5  0	0
		6  0	0
		7  0	0
		8  0	0
		9  0	0
		10  0	0
		15  0	0
		16  0	0.785
		17  0	0
		18  0	-4.873
		19  0	0
		20  0	0
		21  0	-1.197
		22  0	0
		23  0	2.403
		24  0	0
		25  0	2.327
		26  1	0
		27  0	0
		28  0	1.583
		29  0	0
		30  0	0
		31  0	0
		32  0	0
		33  0	0
		34  0	0

node  2		 link	 weight	 bias -5.167
		1  0	0
		2  0	3.525
		3  0	0
		4  0	0
		5  0	0
		6  0	4.401
		7  0	0
		8  0	0
		9  0	0
		10  0	0
		15  0	0
		16  0	0
		17  0	0
		18  0	0
		19  0	0
		20  0	0
		21  0	0
		22  0	0
		23  0	0
		24  0	0
		25  0	0
		26  0	0
		27  0	0
		28  0	0
		29  0	0
		30  0	-4.05
		31  0	0
		32  0	0
		33  0	0
		34  0	-2.245

node  3		 link	 weight	 bias -2.211
		1  1	0
		2  0	0
		3  0	0
		4  0	0
		5  0	0
		6  0	0
		7  0	1.576
		8  0	0
		9  0	0
		10  0	0
		15  0	0
		16  0	1.834
		17  0	0
		18  0	0
		19  0	2.521
		20  1	0
		21  0	4.25
		22  0	4.529
		23  0	0
		24  0	0
		25  0	0
		26  0	0
		27  0	0
		28  0	0
		29  0	0
		30  0	0
		31  0	4.559
		32  0	0
		33  0	-4.117
		34  0	0

node  4		 link	 weight	 bias -13.88
		1  0	4.197
		2  0	0
		3  0	0
		4  0	0
		5  0	0
		6  0	0
		7  0	0
		8  0	0
		9  0	0
		10  0	-0.153
		15  0	0
		16  0	0
		17  1	0
		18  1	0
		19  0	0.201
		20  0	0
		21  0	0
		22  0	0
		23  0	-3.439
		24  0	0
		25  0	2.848
		26  0	0
		27  0	0
		28  0	0
		29  0	0
		30  1	0
		31  0	0
		32  0	0
		33  0	0
		34  0	4.927

node  5		 link	 weight	 bias 1.701
		1  0	1.539
		2  0	0
		3  0	0
		4  0	0
		5  0	0
		6  0	0
		7  0	0
		8  0	0
		9  0	0.772
		10  0	0
		15  0	0
		16  0	0
		17  0	0
		18  0	2.714
		19  0	0
		20  0	0
		21  0	0.994
		22  0	0
		23  0	4.029
		24  0	0
		25  0	0
		26  0	0
		27  0	0
		28  0	0
		29  0	0
		30  0	0
		31  0	0
		32  0	0
		33  0	4.692
		34  0	-4.947

node  6		 link	 weight	 bias -21.236
		1  0	0
		2  0	0
		3  0	0
		4  0	0
		5  0	0
		6  0	1.813
		7  0	0
		8  0	0
		9  1	0
		10  0	-1.27
		15  0	0
		16  0	-8.331
		17  0	0
		18  0	0
		19  0	0
		20  0	-1.106
		21  0	0
		22  0	0
		23  0	0.911
		24  0	0
		25  0	0
		26  0	0
		27  0	0
		28  0	0
		29  0	-3.855
		30  0	0
		31  0	4.091
		32  0	0
		33  0	-3.702
		34  0	0

node  7		 link	 weight	 bias 11.811
		1  0	0
		2  0	0
		3  0	0
		4  0	0
		5  0	0
		6  0	3.793
		7  0	0
		8  0	0
		9  0	0
		10  0	0
		15  0	0
		16  0	1.708
		17  0	0
		18  0	-0.00299978
		19  0	0
		20  0	0
		21  1	0.862
		22  0	2.854
		23  0	0
		24  0	0
		25  0	-0.445
		26  0	-0.677
		27  0	-3.858
		28  0	-2.171
		29  0	3.838
		30  0	-1.521
		31  0	4.618
		32  0	0
		33  0	0
		34  0	0

node  8		 link	 weight	 bias -13.085
		1  0	0
		2  0	0
		3  0	0
		4  0	0
		5  0	4.66
		6  1	0
		7  0	0
		8  0	-3.787
		9  0	0
		10  0	0
		15  0	0
		16  0	0
		17  0	0
		18  0	0
		19  0	0
		20  0	0
		21  0	0
		22  0	0
		23  0	0
		24  0	-3.119
		25  1	0
		26  0	0
		27  0	0
		28  0	0
		29  0	1.459
		30  0	0
		31  0	0
		32  0	0
		33  0	0
		34  0	0

node  9		 link	 weight	 bias -4.127
		1  0	0
		2  0	0
		3  1	0
		4  0	-1.655
		5  0	0
		6  0	0
		7  0	0
		8  0	-2.89
		9  0	0
		10  0	3.59
		15  0	0
		16  0	0
		17  0	0
		18  0	0
		19  0	0
		20  0	0
		21  0	-2.613
		22  0	2.163
		23  0	0
		24  0	-3.156
		25  0	0
		26  0	-4.435
		27  0	0
		28  0	0
		29  1	0
		30  0	0
		31  1	-3.087
		32  0	0
		33  0	0
		34  0	0

node  10		 link	 weight	 bias 7.609
		1  0	0
		2  0	0
		3  0	0
		4  0	0
		5  0	0
		6  0	0
		7  0	0
		8  0	-0.533
		9  0	0
		10  0	0
		15  0	0
		16  0	0.039
		17  0	0
		18  0	3.934
		19  0	0
		20  0	-3.511
		21  0	0
		22  0	0
		23  0	4.788
		24  0	0
		25  0	0
		26  1	3.914
		27  0	0
		28  0	-4.15
		29  0	0
		30  0	0
		31  0	3.632
		32  0	0
		33  0	0
		34  0	0


 Layer 5

node  1		 link	 weight	 bias 6.56
		1  0	0
		2  0	0
		3  0	0
		4  1	0
		5  0	0
		6  0	0
		7  0	0
		8  0	0
		9  0	0
		10  0	0
		15  0	0
		16  0	0
		17  0	0
		18  0	0
		19  0	0
		20  0	0
		21  0	0
		22  0	0.192
		23  0	0
		24  0	-1.369
		25  0	0
		26  0	0
		27  0	0
		28  0	0
		29  0	0
		30  0	0
		31  0	0
		32  1	3.694
		33  0	0
		34  0	0
		35  0	0
		36  0	0
		37  0	0.921
		38  0	0
		39  0	0
		40  0	0
		41  0	-2.771
		42  0	0
		43  0	0
		44  1	0

node  2		 link	 weight	 bias -9.774
		1  0	-2.493
		2  0	-2.37
		3  0	-3.357
		4  0	0
		5  0	0
		6  0	-2.592
		7  0	1.663
		8  0	0
		9  1	-4.565
		10  0	0
		15  1	-0.217
		16  0	0
		17  1	0
		18  0	0
		19  0	-1.583
		20  0	0
		21  0	0.568
		22  0	0
		23  0	0
		24  0	-1.478
		25  0	0
		26  0	0
		27  0	0
		28  0	0
		29  0	0
		30  0	0
		31  0	0
		32  0	1.883
		33  0	0
		34  0	0
		35  0	0
		36  0	3.215
		37  1	0.652
		38  0	0
		39  1	4.107
		40  0	0
		41  0	0
		42  0	4.591
		43  0	0
		44  0	0

node  3		 link	 weight	 bias -6.752
		1  0	0
		2  0	0
		3  0	2.841
		4  0	0
		5  1	6.923
		6  0	0
		7  0	0
		8  0	0
		9  0	0
		10  0	4.878
		15  0	0
		16  0	4.102
		17  0	0
		18  0	0
		19  0	0
		20  0	0
		21  0	0
		22  0	0
		23  0	0
		24  0	0.111
		25  0	0
		26  0	0
		27  0	0
		28  0	0.585
		29  0	0.156
		30  0	0
		31  0	-0.122
		32  0	0
		33  0	0
		34  0	0
		35  0	0
		36  0	0
		37  0	-4.62
		38  0	1.343
		39  0	0
		40  0	0
		41  0	0
		42  0	0
		43  1	0
		44  0	-1.892

node  4		 link	 weight	 bias -4.754
		1  0	0
		2  0	0
		3  0	-1.667
		4  1	2.944
		5  0	0.564
		6  0	0
		7  0	0
		8  0	0
		9  0	0
		10  0	0
		15  0	0
		16  1	0
		17  0	0
		18  0	0
		19  0	-1.608
		20  0	0
		21  0	-1.47
		22  0	0.262
		23  0	0
		24  0	0
		25  0	0
		26  0	0
		27  0	0
		28  0	0
		29  0	0
		30  0	1.836
		31  0	0
		32  0	-1.822
		33  0	0
		34  0	3.238
		35  0	1.848
		36  0	0
		37  0	0
		38  1	0
		39  0	0
		40  0	0
		41  0	0
		42  1	0.0300002
		43  0	0
		44  0	0
