
======================================================
Score	7.97148e+15
Z	0.00072626
alpha	0.024284
betta	0.000967607
gamma	0.00788836
Vx	-0.267885
Vy	0.000376785
Vz	0.059614
engIng	0
cFuel	6
tfuel	178.511
======================================================

Initial Parametrs
rOa	{ 181 ; 193 ; -82 }

V	{ 10 ; 0.01 ; 0.06 }

w	{ 0.004 ; 0.0006 ; -0.0021 }

alpha	-0.0033
betta	-0.00317
gamma	-0.00323
======================================================

 Layer 2

node  1		 link	 weight	 bias -109.557
		1  0	0.179
		2  0	-4.61
		3  0	-3.939
		4  1	6.952
		5  1	-0.497
		6  0	8.081
		7  1	-10.029
		8  0	-10.302
		9  1	-3.617
		10  1	-0.919

node  2		 link	 weight	 bias -24.844
		1  0	2.698
		2  1	-9.454
		3  0	-11.907
		4  0	1.162
		5  1	-0.401
		6  1	-9.44
		7  1	0.721
		8  0	-3.774
		9  0	10.917
		10  0	0.551

node  3		 link	 weight	 bias -11.447
		1  0	-4.614
		2  1	-7.527
		3  1	-7.111
		4  0	4.994
		5  1	-1.93
		6  1	-3.537
		7  0	5.176
		8  1	2.152
		9  0	5.808
		10  1	-0.305

node  4		 link	 weight	 bias -74.341
		1  0	-9.777
		2  0	-8.56
		3  0	0.661
		4  1	5.895
		5  0	4.137
		6  1	-7.623
		7  1	-2.77
		8  0	0.242
		9  0	8.231
		10  1	-1.906

node  5		 link	 weight	 bias -33.596
		1  0	-3.343
		2  0	-6.531
		3  1	-3.011
		4  1	2.476
		5  1	-1.17
		6  0	-11.945
		7  0	0.422
		8  0	3.517
		9  0	3.321
		10  0	-1.859

node  6		 link	 weight	 bias -82.367
		1  0	-3.063
		2  1	-1.538
		3  1	-3.33
		4  0	-8.939
		5  0	1.737
		6  0	-5.661
		7  1	11.513
		8  0	-5.365
		9  0	-1.405
		10  1	-1.534

node  7		 link	 weight	 bias 20.045
		1  0	-8.742
		2  0	1.017
		3  0	-0.369
		4  0	-0.466
		5  0	-9.619
		6  1	4.628
		7  1	-15.869
		8  1	-3.134
		9  0	-7.769
		10  1	-0.845

node  8		 link	 weight	 bias -80.036
		1  1	-4.963
		2  0	2.561
		3  0	-7.651
		4  1	4.455
		5  1	-9.159
		6  0	-5.224
		7  1	1.864
		8  0	0.0309998
		9  0	-3.607
		10  1	-8.454

node  9		 link	 weight	 bias -34.698
		1  1	3.956
		2  1	1.82
		3  1	-11.005
		4  0	1.509
		5  1	-6.886
		6  1	1.244
		7  1	-11.717
		8  0	5.257
		9  1	-4.403
		10  1	-2.989

node  10		 link	 weight	 bias -25.867
		1  1	3.865
		2  0	3.453
		3  1	4.327
		4  0	-13.183
		5  1	5.331
		6  1	-24.121
		7  0	3.168
		8  1	-0.497
		9  1	0.496
		10  0	-1.568


 Layer 3

node  1		 link	 weight	 bias -22.53
		1  0	1.516
		2  0	1.873
		3  0	8.267
		4  1	1.434
		5  1	-6.839
		6  1	2.045
		7  1	-3.327
		8  0	-4.872
		9  0	2.395
		10  1	-4.514
		15  0	2.216
		16  1	-1.379
		17  1	-3.381
		18  0	2.229
		19  0	1.795
		20  0	-2
		21  0	-12.752
		22  0	2.105
		23  1	9.289
		24  0	-0.826

node  2		 link	 weight	 bias -41.464
		1  0	1.209
		2  1	-1.629
		3  1	3.863
		4  0	-8.687
		5  0	14.514
		6  1	2.86
		7  1	-5.235
		8  0	-4.972
		9  0	-1.144
		10  0	0.581
		15  1	-11.074
		16  0	2.736
		17  1	-7.08
		18  0	-1.742
		19  0	-2.084
		20  1	3.934
		21  1	4.032
		22  0	0.53
		23  0	-1.322
		24  1	1.531

node  3		 link	 weight	 bias 4.49
		1  0	0.123
		2  1	3.823
		3  0	1.781
		4  1	-2.431
		5  1	0.6
		6  1	-0.00700004
		7  0	2.757
		8  1	-0.666
		9  1	-2.831
		10  0	8.531
		15  0	0.407
		16  0	-0.319
		17  1	3.39
		18  0	0.142
		19  0	-1.521
		20  0	-0.218
		21  0	3.872
		22  1	0.058
		23  1	-0.798
		24  0	-0.675

node  4		 link	 weight	 bias -44.296
		1  1	-4.217
		2  0	1.55
		3  1	2.061
		4  0	7.266
		5  1	2.403
		6  0	-0.0920001
		7  1	-1.198
		8  1	-11.353
		9  0	-1.659
		10  0	-4.439
		15  0	-1.03
		16  0	-0.574
		17  0	-2.873
		18  1	-1.175
		19  1	7.366
		20  1	-1.217
		21  1	-8.764
		22  0	-0.614
		23  0	-9.019
		24  1	6.282

node  5		 link	 weight	 bias -16.032
		1  1	4.77
		2  0	-6.97
		3  0	2.714
		4  1	-0.897
		5  0	-15.421
		6  1	-11.383
		7  0	-4.134
		8  1	-9.164
		9  1	-12.762
		10  1	-3.166
		15  0	-2.087
		16  0	2.461
		17  0	0.307
		18  0	0.491
		19  1	-7.742
		20  0	-1.297
		21  1	-10.38
		22  0	-1.858
		23  0	4.004
		24  0	2.453

node  6		 link	 weight	 bias -95.758
		1  1	-3.957
		2  1	-3.531
		3  1	0.234
		4  0	-2.776
		5  1	0.118
		6  0	-3.926
		7  1	-4.879
		8  1	-7.408
		9  1	1.158
		10  1	-2.009
		15  0	-2.153
		16  1	-0.1
		17  1	-0.748
		18  1	2.057
		19  1	-1.028
		20  0	-6.722
		21  0	-8.91
		22  0	-3.182
		23  0	-2.382
		24  0	-6.481

node  7		 link	 weight	 bias -20.338
		1  0	-3.569
		2  1	-1.465
		3  1	-0.0130001
		4  0	-1.779
		5  0	-3.382
		6  1	4.056
		7  1	-6.174
		8  0	2.422
		9  1	-5.296
		10  0	-1.32
		15  1	1.786
		16  1	-6.308
		17  1	-7.686
		18  0	5.622
		19  1	-1.273
		20  0	-0.273
		21  0	3.25
		22  0	2.807
		23  0	-1.185
		24  1	1.547

node  8		 link	 weight	 bias -86.689
		1  0	1.71
		2  1	2.045
		3  0	-6.585
		4  1	-1
		5  0	-11.712
		6  0	4.86
		7  1	0.394
		8  0	-9.304
		9  1	-0.996
		10  1	-0.575
		15  1	-1.92
		16  0	-3.411
		17  1	5.527
		18  1	-1.711
		19  0	-5.394
		20  0	6.646
		21  0	-6.198
		22  0	1.468
		23  0	3.967
		24  1	0.862

node  9		 link	 weight	 bias -63.383
		1  1	-7.131
		2  0	-2.765
		3  1	-4.74
		4  1	0.699
		5  0	10.945
		6  1	-8.859
		7  1	-4.236
		8  1	-2.116
		9  1	7.678
		10  0	2.041
		15  1	-4.198
		16  0	-3.381
		17  0	-8.97
		18  1	8.48
		19  1	4.316
		20  0	-7.237
		21  1	-4.928
		22  0	-0.395
		23  1	-3.208
		24  1	0.548

node  10		 link	 weight	 bias -23.102
		1  0	-2.269
		2  1	-7.001
		3  0	-2.576
		4  1	-6.13
		5  1	-1.926
		6  1	4.074
		7  1	7.912
		8  0	0.348
		9  1	2.507
		10  0	-7.351
		15  0	3.367
		16  0	-3.602
		17  1	5.519
		18  1	3.241
		19  0	3.009
		20  1	1.268
		21  1	-3.907
		22  1	0.35
		23  1	-6.446
		24  0	-2.766


 Layer 4

node  1		 link	 weight	 bias 8.843
		1  0	9.268
		2  0	1.337
		3  0	-11.527
		4  0	-6.194
		5  1	-5.032
		6  1	0.573
		7  0	-0.273
		8  0	-4.888
		9  1	-2.315
		10  0	-7.531
		15  0	-5.605
		16  0	-9.552
		17  0	2.041
		18  0	-7.593
		19  1	-9.962
		20  1	-8.726
		21  1	-3.021
		22  1	-2.89
		23  1	5.567
		24  1	0.664
		25  0	4.286
		26  0	-6.03
		27  1	6.62
		28  1	-5.263
		29  0	4.163
		30  0	8.509
		31  1	9.008
		32  1	-0.58
		33  1	-0.792
		34  1	10.561

node  2		 link	 weight	 bias -41.418
		1  0	-2.88
		2  1	5.142
		3  0	7.028
		4  0	-1.225
		5  0	0.714
		6  1	-4.186
		7  1	-0.621
		8  1	3.729
		9  1	-10.712
		10  1	-3.339
		15  0	-8.406
		16  0	-1.824
		17  0	-6.331
		18  1	1.447
		19  0	-5.22
		20  1	-9.053
		21  1	-1.469
		22  1	-0.447
		23  1	0.114
		24  0	-1.424
		25  1	-0.529
		26  0	-1.673
		27  1	2.848
		28  0	-8.309
		29  1	5.197
		30  0	3.751
		31  1	0.764
		32  1	-3.47
		33  1	2.635
		34  0	6.735

node  3		 link	 weight	 bias -58.052
		1  1	-7.281
		2  1	0.386
		3  0	-6.87
		4  1	-5.959
		5  0	4.96
		6  1	-0.707
		7  1	-7.219
		8  1	-4.611
		9  0	-1.381
		10  1	-3.455
		15  0	-6.959
		16  1	10.986
		17  0	3.329
		18  1	0.726
		19  0	1.445
		20  0	11.439
		21  1	4.592
		22  1	-3.251
		23  1	0.253
		24  0	0.978
		25  1	-0.54
		26  0	-7.084
		27  0	1.281
		28  0	6.965
		29  0	2.01
		30  1	-5.85
		31  1	-2.923
		32  1	-1.274
		33  1	-4.99
		34  0	-3.184

node  4		 link	 weight	 bias 18.203
		1  0	-3.187
		2  1	-0.443
		3  0	-1.481
		4  0	-1.983
		5  1	8.331
		6  1	2.71
		7  0	-3.504
		8  1	-10.318
		9  1	-1.434
		10  0	-2.821
		15  0	3.1
		16  1	1.81
		17  1	1.77
		18  1	-0.875
		19  1	-0.539
		20  1	-3.058
		21  0	1.531
		22  1	-6.143
		23  1	5.578
		24  0	-2.271
		25  1	-1.941
		26  0	0.0670001
		27  0	4.99
		28  1	1.23
		29  1	6.143
		30  1	3.771
		31  1	2.605
		32  0	6.695
		33  1	-0.255
		34  0	-8.974

node  5		 link	 weight	 bias 22.36
		1  1	-2.026
		2  1	6.743
		3  0	-2.563
		4  0	6.241
		5  0	-1.475
		6  0	-3.876
		7  1	-3.604
		8  0	-0.25
		9  0	2.923
		10  0	-0.658
		15  0	2.035
		16  0	-2.436
		17  0	1.433
		18  1	1.405
		19  0	1.546
		20  1	10.306
		21  0	2.978
		22  0	1.468
		23  1	-6.003
		24  0	0.821
		25  0	9.407
		26  0	0.835
		27  1	2.609
		28  1	-6.593
		29  0	-1.906
		30  0	0.628
		31  1	-0.0940001
		32  0	5.179
		33  0	-7.113
		34  0	-6.871

node  6		 link	 weight	 bias 23.324
		1  1	-3.636
		2  0	-2.508
		3  0	-3.12
		4  0	-1.741
		5  0	-1.881
		6  0	-0.616
		7  0	-12.557
		8  0	-12.582
		9  1	-1.152
		10  1	-4.298
		15  1	-4.14
		16  0	-1.504
		17  0	5.371
		18  0	-3.259
		19  1	-3.211
		20  1	-0.963
		21  1	-6.801
		22  1	-6.193
		23  1	-6.613
		24  0	2.702
		25  1	0.988
		26  0	2.662
		27  0	-2.292
		28  1	5.319
		29  0	-2.167
		30  0	-4.179
		31  0	5.931
		32  1	-8.343
		33  0	-1.172
		34  0	5.716

node  7		 link	 weight	 bias -23.631
		1  0	1.658
		2  0	-5.095
		3  1	-5.749
		4  0	0.283
		5  1	-4.802
		6  0	-4.072
		7  0	-4.75
		8  1	-7.089
		9  0	-3.196
		10  0	0.581
		15  1	5.722
		16  1	0.0479999
		17  0	1.783
		18  1	-1.067
		19  1	-1.276
		20  0	3.525
		21  0	0.536
		22  1	-5.313
		23  0	-4.346
		24  0	6.895
		25  0	-1.403
		26  1	7.058
		27  1	-6.39
		28  0	-6.608
		29  0	-3.531
		30  0	-0.519
		31  1	-4.805
		32  0	-4.532
		33  1	6.763
		34  0	1.278

node  8		 link	 weight	 bias -41.193
		1  0	5.555
		2  1	7.701
		3  1	-8.985
		4  1	-1.037
		5  1	0.996
		6  1	5.33
		7  1	-8.506
		8  0	-5.911
		9  1	-4.414
		10  0	3.628
		15  1	0.893
		16  1	7.668
		17  1	1.088
		18  1	-4.659
		19  1	0.675
		20  0	0.578
		21  1	1.273
		22  1	-5.805
		23  1	0.844
		24  0	4.791
		25  1	3.114
		26  1	2.724
		27  1	-0.749
		28  1	2.57
		29  1	-3.647
		30  1	-1.964
		31  1	-6.002
		32  0	-4.028
		33  1	-0.129
		34  1	-11.113

node  9		 link	 weight	 bias -53.759
		1  1	-1.002
		2  1	0.95
		3  0	-8.855
		4  0	0.88
		5  0	-2.673
		6  0	0.573
		7  0	-4.348
		8  1	0.541
		9  1	-1.269
		10  1	2.669
		15  1	-4.692
		16  1	7.578
		17  0	0.13
		18  0	6.836
		19  1	-4.555
		20  0	5.231
		21  0	-2.662
		22  0	4.516
		23  0	5.442
		24  0	-3.252
		25  0	3.164
		26  0	10.245
		27  1	-4.381
		28  0	1.503
		29  0	-5.021
		30  0	0.354
		31  1	-8.219
		32  0	-2.781
		33  1	-1.155
		34  0	0.861

node  10		 link	 weight	 bias -52.96
		1  0	-2.87
		2  1	2.473
		3  1	2.225
		4  1	-2.452
		5  0	-11.833
		6  1	0.656
		7  0	0.98
		8  1	-4.552
		9  0	0.193
		10  0	-0.595
		15  0	2.864
		16  0	-0.33
		17  1	2.272
		18  0	-3.527
		19  1	0.515
		20  0	12.247
		21  0	-4.512
		22  0	6.608
		23  1	-10.439
		24  1	-0.671
		25  1	-7.309
		26  1	3.037
		27  0	-7.223
		28  1	6.702
		29  1	-4.853
		30  1	-1.09
		31  0	5.075
		32  0	-2.483
		33  1	-7.83
		34  0	7.35


 Layer 5

node  1		 link	 weight	 bias 14.104
		1  0	-0.133
		2  0	3.006
		3  1	4.787
		4  1	0.782
		5  0	-2.35
		6  0	-9.317
		7  0	-4.062
		8  0	1.006
		9  1	-0.789
		10  0	-0.0720002
		15  0	-14.52
		16  0	-13.256
		17  0	-4.103
		18  1	-0.76
		19  0	-4.153
		20  0	-7.274
		21  0	5.09
		22  0	4.877
		23  0	-1.845
		24  0	0.565
		25  0	1.031
		26  0	0.06
		27  0	3.098
		28  0	-11.963
		29  1	7.091
		30  0	-3.694
		31  1	3.435
		32  1	-2.517
		33  0	-3.286
		34  1	4.424
		35  0	-0.185
		36  0	-2.894
		37  1	1.943
		38  1	1.7
		39  1	0.255
		40  1	3.719
		41  1	-0.0310001
		42  1	-0.761
		43  0	5.3
		44  0	-12.278

node  2		 link	 weight	 bias -2.363
		1  0	4.453
		2  0	-4.205
		3  0	-2.677
		4  0	-0.013
		5  0	-2.94
		6  1	-2.53
		7  1	2.322
		8  1	0.075
		9  0	1.072
		10  0	-3.758
		15  0	0.242
		16  0	-0.451
		17  0	-7.887
		18  0	-8.711
		19  0	2.468
		20  1	-2.185
		21  0	-4.359
		22  0	-1.722
		23  1	0.872
		24  0	-6.39
		25  0	-2.672
		26  1	-1.56
		27  0	-1.498
		28  0	4.723
		29  0	3.908
		30  0	-5.266
		31  0	-2.211
		32  0	-0.407
		33  0	-2.966
		34  0	1.55
		35  0	-4.484
		36  0	7.147
		37  0	-5.048
		38  1	-0.266
		39  0	-6.253
		40  0	-0.75
		41  0	3.851
		42  0	-2.531
		43  0	-0.19
		44  0	-6.749

node  3		 link	 weight	 bias 2.534
		1  0	-2.687
		2  1	-3.277
		3  0	2.721
		4  1	6.94
		5  1	4.865
		6  1	-2.361
		7  1	-3.216
		8  0	-6.927
		9  0	4.059
		10  0	-8.57
		15  0	-4.106
		16  0	-1.104
		17  1	3.779
		18  1	-2.661
		19  0	2.724
		20  0	2.041
		21  0	-14.343
		22  1	1.055
		23  0	1.453
		24  0	6.55
		25  1	-0.759
		26  0	1.519
		27  1	1.158
		28  0	-4.697
		29  0	1.663
		30  0	-0.00400019
		31  0	1.3
		32  0	0.814
		33  0	-4.188
		34  1	3.988
		35  0	-8.241
		36  0	-6.123
		37  0	5.29
		38  1	1.351
		39  1	-0.115
		40  0	-2.2
		41  0	-0.299
		42  0	7.069
		43  0	4.566
		44  1	0

node  4		 link	 weight	 bias -0.445001
		1  0	-4.429
		2  0	-6.29
		3  1	0.504
		4  0	-3.004
		5  1	1.143
		6  1	5.184
		7  0	-2.742
		8  1	9.11
		9  0	-2.145
		10  0	-6.162
		15  0	-0.812
		16  0	-13.39
		17  1	-2.844
		18  0	-0.798
		19  0	-5.629
		20  0	3.395
		21  0	-11.951
		22  1	1.7
		23  1	0.205
		24  0	0.957
		25  1	2.068
		26  0	-10.01
		27  1	-0.225
		28  0	3.426
		29  0	-4.38
		30  0	3.481
		31  0	3.497
		32  0	-0.686
		33  0	1.366
		34  0	4.198
		35  1	2.935
		36  0	-3.392
		37  0	0.617
		38  0	0.213
		39  0	-3.997
		40  0	-9.36
		41  0	1.09
		42  0	-10.139
		43  0	-4.128
		44  0	-2.541
