
======================================================
Score	2.27732e+06
Z	0.403017
alpha	-0.219028
betta	0.122939
gamma	0.00982689
Vx	-45.6423
Vy	19.2273
Vz	20.0455
engIng	0
cFuel	375
tfuel	1.81566
======================================================

Initial Parametrs
rOa	{ 27 ; 76 ; -98 }

V	{ 13 ; 19.7 ; 19.77 }

w	{ -0.4915 ; -0.4926 ; -0.4939 }

alpha	-0.34424
betta	-0.3446
gamma	-0.34387
======================================================

 Layer 2

node  1		 link	 weight	 bias 8.679
		1  1	0
		2  0	0
		3  0	0
		4  0	0
		5  0	0
		6  0	0
		7  0	0
		8  0	0
		9  0	0
		10  1	0

node  2		 link	 weight	 bias -10.527
		1  0	0
		2  0	0
		3  0	0
		4  0	0
		5  0	0
		6  0	0
		7  0	0
		8  0	0
		9  0	3.963
		10  0	0

node  3		 link	 weight	 bias -4.921
		1  0	0
		2  0	0
		3  0	0
		4  0	3.668
		5  0	0
		6  0	0
		7  0	0
		8  0	0
		9  0	0
		10  0	2.671

node  4		 link	 weight	 bias 4.252
		1  0	0
		2  0	0
		3  0	0
		4  0	0
		5  0	2.386
		6  0	-4.836
		7  0	0
		8  0	0
		9  0	0
		10  0	0

node  5		 link	 weight	 bias 7.552
		1  0	0
		2  0	0
		3  0	0
		4  0	0
		5  0	0
		6  0	0
		7  0	0
		8  0	0
		9  0	0
		10  0	0

node  6		 link	 weight	 bias 15.049
		1  0	0
		2  0	0
		3  0	3.654
		4  0	0
		5  0	0
		6  0	0
		7  0	0
		8  0	0
		9  0	0
		10  0	0

node  7		 link	 weight	 bias 0.824
		1  0	0
		2  0	0
		3  0	0
		4  0	0
		5  0	0
		6  0	0
		7  0	0
		8  0	3.56
		9  0	0
		10  0	0

node  8		 link	 weight	 bias -1.36
		1  0	0
		2  0	0
		3  0	0
		4  0	0.978
		5  0	0
		6  0	0
		7  0	0
		8  0	0
		9  0	-4.537
		10  0	0

node  9		 link	 weight	 bias -6.805
		1  0	0
		2  0	0
		3  0	-2.655
		4  0	0
		5  0	0
		6  0	0
		7  0	0
		8  0	0
		9  0	-1.681
		10  0	0

node  10		 link	 weight	 bias -8.388
		1  0	-0.914
		2  0	0
		3  0	0
		4  0	0
		5  0	0
		6  0	0
		7  0	-0.293
		8  0	-3.731
		9  0	0
		10  0	0


 Layer 3

node  1		 link	 weight	 bias 4.202
		1  0	0
		2  0	0
		3  0	0
		4  0	0
		5  0	0
		6  0	0
		7  0	0
		8  0	0
		9  0	0
		10  0	0
		15  0	0
		16  0	0
		17  0	0
		18  0	0
		19  0	0
		20  0	0
		21  0	-2.98
		22  0	0
		23  0	0
		24  1	0

node  2		 link	 weight	 bias -0.935
		1  0	0
		2  0	0
		3  0	0
		4  0	0
		5  0	0
		6  0	0
		7  0	0
		8  0	0
		9  0	0
		10  0	0
		15  0	0
		16  0	0
		17  0	0
		18  0	0
		19  0	0
		20  0	0
		21  0	0
		22  0	0
		23  0	0
		24  0	0

node  3		 link	 weight	 bias 8.078
		1  0	0
		2  0	1.757
		3  0	0
		4  0	0
		5  0	0
		6  0	0
		7  0	0
		8  0	0
		9  0	0
		10  0	0
		15  0	0
		16  0	0
		17  0	0
		18  0	0
		19  0	0
		20  0	0
		21  1	-3.569
		22  0	0
		23  0	0
		24  0	0

node  4		 link	 weight	 bias -9.981
		1  0	0
		2  0	1.112
		3  0	0
		4  0	0
		5  0	0
		6  0	0
		7  0	0
		8  0	0
		9  0	0
		10  0	0
		15  1	2.204
		16  0	0
		17  0	0
		18  0	0
		19  0	0
		20  0	3.459
		21  0	0
		22  0	0
		23  0	0
		24  0	0

node  5		 link	 weight	 bias 7.265
		1  0	0
		2  0	0
		3  0	0
		4  0	-4.594
		5  0	0
		6  0	0
		7  0	-4.985
		8  0	0
		9  0	0
		10  0	0
		15  0	0
		16  0	0
		17  0	0
		18  0	0
		19  0	-4.32
		20  0	-2.572
		21  0	0
		22  0	0
		23  0	0
		24  0	-0.667

node  6		 link	 weight	 bias 3.116
		1  1	0
		2  0	0
		3  0	0
		4  0	0
		5  0	-2.825
		6  0	0
		7  0	-3.215
		8  0	0
		9  0	0
		10  0	0
		15  0	0
		16  0	0
		17  0	0
		18  0	0
		19  0	0
		20  0	0
		21  0	0
		22  0	0
		23  0	0
		24  0	0

node  7		 link	 weight	 bias -3.443
		1  0	1.69
		2  0	0
		3  0	0
		4  0	0
		5  0	0
		6  0	-3.682
		7  0	0
		8  0	0
		9  0	0
		10  0	0
		15  0	0
		16  0	0
		17  0	0
		18  0	0
		19  0	0
		20  0	2.483
		21  0	1.073
		22  0	0
		23  0	0
		24  0	0

node  8		 link	 weight	 bias -14.359
		1  0	0
		2  1	0
		3  0	0
		4  0	0
		5  0	0
		6  0	0
		7  0	0
		8  0	0
		9  0	1.773
		10  0	0
		15  0	0
		16  0	-2.749
		17  0	0
		18  0	0
		19  0	0
		20  0	0
		21  0	0
		22  0	0
		23  0	-4.345
		24  0	0

node  9		 link	 weight	 bias 7.609
		1  0	0
		2  0	0
		3  0	0
		4  0	0
		5  0	0
		6  0	0
		7  0	0
		8  0	0
		9  0	-3.752
		10  0	0
		15  0	0
		16  0	0
		17  0	0
		18  0	0
		19  0	0
		20  0	0
		21  0	0
		22  0	0
		23  0	0
		24  0	0

node  10		 link	 weight	 bias -4.328
		1  1	-3.622
		2  0	0
		3  0	0
		4  0	0
		5  0	0
		6  0	0
		7  0	0
		8  0	0
		9  0	0
		10  0	0
		15  0	0
		16  0	0
		17  0	0
		18  0	0
		19  0	0
		20  0	0
		21  0	0
		22  0	0
		23  0	0
		24  0	0


 Layer 4

node  1		 link	 weight	 bias -7.734
		1  0	0
		2  0	0
		3  0	0
		4  0	-0.936
		5  0	0
		6  0	0
		7  0	0
		8  0	0
		9  0	0
		10  0	0
		15  0	0
		16  0	0
		17  0	0
		18  0	1.33
		19  0	0
		20  0	0
		21  0	0
		22  0	0
		23  0	0
		24  0	0
		25  0	0
		26  0	0
		27  0	0
		28  0	-0.511
		29  0	0
		30  0	0
		31  0	0
		32  0	0
		33  1	0
		34  0	0

node  2		 link	 weight	 bias -3.071
		1  0	3.784
		2  0	0
		3  0	0
		4  0	0
		5  0	-3.029
		6  0	0
		7  0	0
		8  0	0
		9  0	0
		10  0	0
		15  0	-1.221
		16  0	0
		17  0	0
		18  0	0
		19  0	0.053
		20  1	0
		21  0	0
		22  0	-4.271
		23  1	0
		24  0	0
		25  0	0
		26  0	0
		27  0	0
		28  0	0
		29  0	0
		30  0	0
		31  0	1.663
		32  0	0
		33  0	0
		34  0	0

node  3		 link	 weight	 bias -4.599
		1  0	0
		2  0	0
		3  0	0
		4  0	0
		5  0	0
		6  0	0
		7  0	0
		8  0	0
		9  0	0
		10  0	-4.754
		15  0	0
		16  0	0
		17  0	0
		18  0	0
		19  0	0
		20  0	-0.58
		21  0	0
		22  0	0
		23  0	0
		24  0	0
		25  0	0
		26  0	-2.264
		27  0	0
		28  0	0
		29  0	0
		30  0	0
		31  0	0
		32  0	0
		33  0	0
		34  0	0

node  4		 link	 weight	 bias -2.262
		1  0	0
		2  0	0
		3  0	0
		4  0	0
		5  0	0
		6  0	0
		7  0	0
		8  0	1.862
		9  0	-2.815
		10  0	0
		15  0	2.122
		16  0	0
		17  0	0
		18  0	0
		19  0	0
		20  0	0
		21  0	0
		22  0	0
		23  0	0
		24  0	0
		25  0	-4.194
		26  0	0
		27  0	0
		28  0	0
		29  0	0
		30  0	0
		31  0	0
		32  0	0
		33  0	0
		34  0	0

node  5		 link	 weight	 bias 2.174
		1  0	0
		2  0	0
		3  0	0
		4  0	0
		5  0	0
		6  0	0
		7  0	0
		8  0	0
		9  0	0
		10  0	0
		15  0	0
		16  0	0
		17  0	0
		18  0	1.154
		19  0	0
		20  0	0
		21  0	0
		22  0	0
		23  0	0
		24  0	0
		25  0	0
		26  0	0
		27  0	0
		28  0	0
		29  0	0
		30  0	0
		31  0	0
		32  0	0
		33  0	0
		34  0	0

node  6		 link	 weight	 bias -6.068
		1  0	0
		2  0	0
		3  0	0
		4  0	0
		5  0	0
		6  0	0
		7  0	0
		8  0	-4.245
		9  0	0
		10  0	0
		15  0	4.281
		16  0	0
		17  0	0
		18  0	0
		19  0	0
		20  0	0
		21  0	0
		22  0	0
		23  0	-1.712
		24  0	-3.737
		25  0	0
		26  0	4.17
		27  0	0
		28  0	3.853
		29  0	0
		30  0	0
		31  0	0
		32  0	0
		33  0	0
		34  0	0

node  7		 link	 weight	 bias 7.593
		1  0	0
		2  0	0
		3  0	0
		4  0	0
		5  0	1.789
		6  0	0
		7  0	0
		8  0	3.703
		9  0	0
		10  0	0
		15  0	0
		16  0	0
		17  0	0
		18  0	1.066
		19  0	0
		20  0	-2.369
		21  0	0
		22  0	0
		23  0	0
		24  0	0
		25  0	0
		26  0	0
		27  0	2.479
		28  0	0
		29  0	0
		30  0	0
		31  0	-2.301
		32  0	0
		33  0	0
		34  0	0

node  8		 link	 weight	 bias 3.583
		1  0	0
		2  0	0
		3  0	0
		4  1	0
		5  0	0
		6  0	0
		7  0	0
		8  0	0
		9  0	0
		10  0	-4.644
		15  0	0
		16  0	0
		17  0	0
		18  0	0
		19  0	0
		20  0	0
		21  0	0
		22  0	0
		23  0	-4.107
		24  0	-4.066
		25  0	0
		26  0	-3.784
		27  0	0
		28  0	0
		29  0	0
		30  0	0
		31  0	0
		32  0	0
		33  0	0
		34  0	0

node  9		 link	 weight	 bias -1.15
		1  0	0
		2  0	0
		3  0	0
		4  0	0
		5  0	0
		6  0	0.603
		7  0	0
		8  0	0
		9  0	0
		10  0	0
		15  0	0
		16  0	0
		17  0	0
		18  0	0
		19  0	0
		20  0	0
		21  0	0
		22  0	0
		23  0	5.821
		24  0	0
		25  0	0
		26  0	0
		27  0	0
		28  0	0
		29  0	-1.606
		30  0	0
		31  0	0
		32  0	0
		33  0	3.003
		34  1	0

node  10		 link	 weight	 bias -7.311
		1  0	-3.217
		2  0	0
		3  0	0
		4  0	0
		5  0	0
		6  0	0
		7  0	0
		8  0	0
		9  0	0
		10  0	0
		15  0	0
		16  0	0
		17  0	0
		18  0	1.735
		19  0	0
		20  0	0
		21  0	0
		22  0	0
		23  0	0
		24  0	0
		25  0	0
		26  0	0
		27  0	0
		28  0	0
		29  0	0
		30  0	0
		31  0	0
		32  0	0
		33  0	-4.381
		34  0	0


 Layer 5

node  1		 link	 weight	 bias -0.698999
		1  1	-2.152
		2  0	0
		3  0	0
		4  0	0
		5  0	0
		6  0	0
		7  0	0
		8  0	0
		9  0	0
		10  0	-4.26
		15  1	-4.068
		16  0	0
		17  0	0
		18  0	-4.112
		19  0	0
		20  0	0
		21  0	0
		22  0	0
		23  0	0
		24  0	0
		25  0	4.187
		26  0	0
		27  1	2.58
		28  0	0
		29  0	0
		30  0	0
		31  0	0
		32  0	0
		33  0	0
		34  1	0
		35  0	0
		36  0	0
		37  0	0
		38  1	0
		39  0	0
		40  0	0
		41  0	0
		42  0	0
		43  0	0
		44  0	0

node  2		 link	 weight	 bias -7.952
		1  1	2.161
		2  1	0
		3  0	0
		4  0	0
		5  0	0
		6  0	0
		7  0	0
		8  0	0
		9  0	0
		10  0	0
		15  0	-0.137
		16  0	0
		17  0	0
		18  0	0
		19  0	0
		20  0	0
		21  0	0
		22  0	0
		23  0	0
		24  0	0
		25  0	0
		26  0	0
		27  0	0
		28  0	0
		29  0	0
		30  0	0
		31  0	0
		32  0	0
		33  0	0
		34  0	0
		35  0	0
		36  0	0
		37  0	0
		38  0	0
		39  0	0
		40  0	0
		41  0	3.063
		42  0	0
		43  0	0
		44  0	0

node  3		 link	 weight	 bias -6.038
		1  0	0
		2  0	0
		3  0	0
		4  0	0
		5  1	3.66
		6  0	0
		7  0	0.214
		8  1	0.334
		9  0	0
		10  0	0
		15  0	0
		16  0	0
		17  0	0
		18  0	0
		19  0	3.941
		20  0	0
		21  0	0
		22  0	0
		23  0	0
		24  0	0
		25  0	0
		26  0	0
		27  0	0
		28  0	0
		29  0	0
		30  0	0
		31  0	0
		32  0	0
		33  0	0
		34  0	0
		35  0	-3.152
		36  0	0
		37  0	0
		38  0	0
		39  0	-4.617
		40  0	0
		41  0	0
		42  0	0
		43  0	4.956
		44  0	0

node  4		 link	 weight	 bias -1.539
		1  0	0
		2  0	0
		3  0	0
		4  0	0
		5  0	0
		6  0	-5.029
		7  0	0
		8  0	0
		9  1	2.979
		10  0	0
		15  0	0
		16  0	0
		17  0	0
		18  0	0
		19  0	0
		20  0	0
		21  0	0
		22  0	0
		23  0	0
		24  0	0
		25  0	2.886
		26  0	0
		27  0	0
		28  0	0
		29  0	0
		30  0	0
		31  0	0
		32  0	0
		33  0	0
		34  0	0
		35  0	0
		36  1	0
		37  0	0
		38  0	0
		39  0	0
		40  0	-0.854
		41  0	0
		42  0	0
		43  0	0
		44  0	0
