
======================================================
Score	1.14819e+14
Z	0.000385484
alpha	-4.75328
betta	0.0306639
gamma	0.0646196
Vx	-0.32694
Vy	0.00455993
Vz	0.0296525
engIng	0
cFuel	399
tfuel	218.438
======================================================

Initial Parametrs
rOa	{ 193 ; 167 ; -120 }

V	{ 11 ; 0.14 ; 0.17 }

w	{ -0.0042 ; -0.0025 ; 0.0017 }

alpha	0.00012
betta	-0.00084
gamma	-0.00323
======================================================

 Layer 2

node  1		 link	 weight	 bias -79.084
		1  1	4.189
		2  0	-3.208
		3  0	-4.025
		4  1	7.72
		5  1	2.851
		6  1	0.24
		7  0	-7.924
		8  1	-8.21
		9  1	-0.973
		10  0	-2.273

node  2		 link	 weight	 bias -1.313
		1  0	3.128
		2  1	-5.88
		3  1	-10.283
		4  0	0.413
		5  0	0.227
		6  1	-7.16
		7  1	0.812
		8  0	-0.869
		9  1	10.828
		10  1	-1.369

node  3		 link	 weight	 bias -1.212
		1  0	-4.563
		2  0	-6.869
		3  1	-3.29
		4  0	3.522
		5  1	-4.716
		6  1	-5.181
		7  0	6.448
		8  0	-1.636
		9  0	4.259
		10  0	-1.089

node  4		 link	 weight	 bias -55.246
		1  0	-4.395
		2  0	-6.523
		3  1	1.055
		4  0	-1.019
		5  1	5.281
		6  1	-3.181
		7  1	-3.824
		8  1	1.637
		9  0	5.044
		10  0	0.097

node  5		 link	 weight	 bias -0.573
		1  0	-3.9
		2  0	-7.587
		3  0	-1.79
		4  1	1.422
		5  0	-0.66
		6  0	-4.539
		7  0	-0.845
		8  0	3.517
		9  0	0.488
		10  0	1.384

node  6		 link	 weight	 bias -74.673
		1  0	-3.096
		2  0	-0.157
		3  1	0.378
		4  0	-8.561
		5  0	1.714
		6  1	-6.22
		7  1	9.291
		8  0	-3.232
		9  0	0.449
		10  0	-0.421

node  7		 link	 weight	 bias 26.823
		1  0	-8.851
		2  1	1.057
		3  1	-2.046
		4  1	1.484
		5  0	-11.63
		6  1	4.713
		7  0	-11.952
		8  0	-2.847
		9  0	-4.935
		10  0	-2.019

node  8		 link	 weight	 bias -50.393
		1  0	-5.67
		2  1	1.241
		3  1	-7.651
		4  0	5.483
		5  1	-11.515
		6  1	-7.479
		7  0	-1.329
		8  0	-1.695
		9  0	-3.288
		10  1	-6.219

node  9		 link	 weight	 bias -25.815
		1  0	5.415
		2  0	2.687
		3  0	-9.611
		4  0	1.509
		5  1	-2.785
		6  1	1.179
		7  0	0.28
		8  0	6.905
		9  1	-3.891
		10  0	-2.989

node  10		 link	 weight	 bias -26.072
		1  1	3.992
		2  0	1.267
		3  1	2.473
		4  0	-6.117
		5  0	8.119
		6  0	-22.296
		7  0	6.717
		8  1	-0.43
		9  0	-1.965
		10  0	-1.848


 Layer 3

node  1		 link	 weight	 bias -21.844
		1  0	0.58
		2  1	-2.814
		3  0	7.526
		4  0	1.49
		5  1	-7.25
		6  0	2.111
		7  0	-6.698
		8  0	-7.012
		9  0	4.198
		10  1	-8.178
		15  0	3.016
		16  1	-4.333
		17  0	-4.037
		18  0	0.625
		19  0	4.193
		20  1	0.137
		21  0	-10.791
		22  1	-3.037
		23  0	5.004
		24  1	-1.302

node  2		 link	 weight	 bias -4.804
		1  0	0.356
		2  1	0.176
		3  1	1.53
		4  0	-4.216
		5  1	12.464
		6  1	4.227
		7  0	-1.012
		8  1	-0.979
		9  0	0.0619997
		10  0	-0.23
		15  0	-2.987
		16  0	-0.465
		17  0	-7.028
		18  0	-1.742
		19  0	2.252
		20  0	6.28
		21  0	4.929
		22  0	-1.633
		23  0	-1.81
		24  0	0.386

node  3		 link	 weight	 bias -9.212
		1  0	-0.712
		2  0	3.823
		3  0	5.278
		4  0	0.0910003
		5  1	-2.252
		6  1	1.18
		7  1	1.394
		8  0	-2.37
		9  1	-2.825
		10  0	7.705
		15  1	0.407
		16  1	1.609
		17  1	3.39
		18  0	4.303
		19  0	-0.00899993
		20  1	-0.402
		21  0	-2.572
		22  0	-1.781
		23  0	0.957
		24  1	1.444

node  4		 link	 weight	 bias -49.629
		1  1	-3.878
		2  0	2.202
		3  1	2.598
		4  1	5.712
		5  1	0.345
		6  1	1.654
		7  1	-8.808
		8  1	-12.346
		9  1	-1.659
		10  1	-7.192
		15  1	-1.816
		16  0	-2.732
		17  1	0.082
		18  0	-0.739
		19  0	7.305
		20  1	2.014
		21  0	-9.582
		22  0	-1.567
		23  1	-4.845
		24  0	3.409

node  5		 link	 weight	 bias 15.836
		1  0	-2.338
		2  0	-5.402
		3  1	2.714
		4  0	1.779
		5  1	-12.192
		6  1	-11.073
		7  0	-3.416
		8  1	-11.246
		9  1	-12.664
		10  1	-1.807
		15  0	-0.293
		16  0	2.593
		17  0	3.062
		18  1	0.241
		19  1	-3.19
		20  1	-1.182
		21  1	-5.977
		22  0	0.524
		23  0	1.928
		24  1	-1.903

node  6		 link	 weight	 bias -106.76
		1  0	-0.425
		2  0	-3.357
		3  0	0.199
		4  0	0.894
		5  0	1.351
		6  0	-4.541
		7  1	-0.558
		8  1	-3.91
		9  1	1.314
		10  0	-0.387
		15  1	-1.511
		16  1	-6.422
		17  0	-3.085
		18  1	-0.0410001
		19  1	-0.131
		20  0	-5.669
		21  1	-6.42
		22  1	-3.182
		23  0	0.673
		24  0	-4.886

node  7		 link	 weight	 bias -29.836
		1  0	-7.032
		2  0	-2.254
		3  1	1.053
		4  0	-1.779
		5  1	-2.806
		6  0	3.427
		7  1	-1.863
		8  0	1.39
		9  0	-8.516
		10  0	-2.826
		15  0	1.877
		16  1	-3.673
		17  0	-6.586
		18  0	3.196
		19  0	0.662
		20  1	-0.547
		21  0	-0.494
		22  1	2.807
		23  1	-2.396
		24  1	1.547

node  8		 link	 weight	 bias -58.499
		1  0	0.614
		2  0	2.118
		3  0	-1.689
		4  1	-2.393
		5  0	-10.329
		6  0	2.744
		7  0	-1.41
		8  1	-7.086
		9  1	-4.218
		10  0	2.747
		15  0	0.03
		16  0	-2.291
		17  1	1.86
		18  1	0.9
		19  0	-11.869
		20  1	3.668
		21  1	0.512
		22  0	-0.653
		23  0	4.063
		24  1	0.862

node  9		 link	 weight	 bias -45.859
		1  1	-2.098
		2  0	-5.736
		3  1	-3.293
		4  0	-1.758
		5  1	10.073
		6  1	-10.678
		7  0	-2.986
		8  0	-2.245
		9  0	6.499
		10  1	0.256
		15  0	-5.205
		16  0	-2.125
		17  0	-9.496
		18  1	8.788
		19  1	2.673
		20  0	-6.365
		21  1	-7.019
		22  1	-3.412
		23  1	-0.662
		24  1	2.159

node  10		 link	 weight	 bias 0.6
		1  0	2.401
		2  0	-2.879
		3  1	0.717
		4  0	-6.13
		5  1	-1.761
		6  1	3.785
		7  0	4.787
		8  0	-0.674
		9  1	0.394
		10  0	-10.522
		15  0	5.011
		16  0	-6.105
		17  0	3.131
		18  0	2.906
		19  0	-3.781
		20  1	3.388
		21  0	-1.709
		22  0	-1.594
		23  0	-6.749
		24  0	-2.233


 Layer 4

node  1		 link	 weight	 bias -6.841
		1  1	7.908
		2  1	-1.294
		3  0	-3.669
		4  0	-6.712
		5  0	2.471
		6  0	-1.285
		7  1	1.214
		8  0	-6.169
		9  1	-0.219
		10  0	-2.936
		15  1	-5.674
		16  1	-7.215
		17  1	3.582
		18  0	-7.883
		19  1	-3.79
		20  0	-7.291
		21  1	0.0930001
		22  1	0.905
		23  1	3.49
		24  0	0.699
		25  1	1.896
		26  1	-6.03
		27  0	6.296
		28  1	0.599
		29  0	4.922
		30  0	3.76
		31  0	7.981
		32  1	1.318
		33  0	0.78
		34  0	10.748

node  2		 link	 weight	 bias -34.299
		1  0	-5.22
		2  1	6.448
		3  0	2.872
		4  1	-1.225
		5  1	1.833
		6  0	-3.024
		7  1	0.418
		8  1	2.329
		9  0	-4.513
		10  1	0.416
		15  0	-10.566
		16  1	-2.445
		17  1	-3.534
		18  1	1.28
		19  1	-0.289
		20  0	-4.245
		21  1	-3.889
		22  1	-1.878
		23  0	-0.62
		24  0	-3.07
		25  0	-1.452
		26  1	1.749
		27  1	3.34
		28  1	-6.845
		29  0	3.488
		30  0	1.678
		31  0	-1.387
		32  0	-1.178
		33  1	3.187
		34  1	6.307

node  3		 link	 weight	 bias -58.083
		1  0	-9.453
		2  1	-3.218
		3  0	-5.607
		4  0	-1.973
		5  1	2.136
		6  1	6.132
		7  0	-9.735
		8  1	-3.615
		9  1	-2.964
		10  0	0.494
		15  1	-3.197
		16  1	8.734
		17  0	0.218
		18  0	2.322
		19  0	-1.3
		20  0	6.079
		21  1	4.592
		22  1	0.0220001
		23  0	-2.262
		24  1	1.643
		25  0	-1.13
		26  1	-6.102
		27  1	-0.877
		28  0	6.965
		29  1	2.973
		30  0	-4.883
		31  1	-3.73
		32  0	0.668
		33  1	-4.583
		34  0	2.026

node  4		 link	 weight	 bias 11.011
		1  1	-3.707
		2  1	-1.382
		3  1	-10.411
		4  1	1.025
		5  0	7.535
		6  0	3.754
		7  0	-2.03
		8  1	-8.23
		9  1	-4.269
		10  1	2.085
		15  0	2.771
		16  1	0.869
		17  1	2.684
		18  1	-0.294
		19  1	-2.766
		20  1	-1.972
		21  1	1.508
		22  0	-4.28
		23  0	4.822
		24  1	-0.373
		25  1	-1.941
		26  0	3.343
		27  1	-0.234
		28  0	-1.367
		29  0	6.143
		30  0	1.421
		31  1	0.629
		32  0	6.695
		33  0	1.366
		34  1	-8.888

node  5		 link	 weight	 bias 23.819
		1  1	-4.282
		2  1	7.468
		3  1	-8.234
		4  1	0.37
		5  1	-2.414
		6  0	-1.447
		7  0	-5.194
		8  1	-0.51
		9  0	2.923
		10  0	1.576
		15  1	4.24
		16  0	1.703
		17  0	-0.82
		18  1	-0.505
		19  0	-0.501
		20  0	6.557
		21  0	4.264
		22  0	3.104
		23  0	-8.717
		24  0	-1.104
		25  1	10.47
		26  0	1.496
		27  0	-1.522
		28  0	2.193
		29  0	-1.906
		30  1	0.695
		31  1	-1.727
		32  0	1.716
		33  1	-2.822
		34  1	-4.203

node  6		 link	 weight	 bias -17.951
		1  1	-0.0599998
		2  0	-2.475
		3  0	-1.193
		4  1	-3.79
		5  1	-0.123
		6  1	-1.626
		7  1	-8.473
		8  0	-10.694
		9  0	-6.589
		10  1	-4.74
		15  0	-4.167
		16  0	0.967
		17  1	-5.823
		18  1	-1.205
		19  1	-5.648
		20  0	-0.27
		21  0	-5.225
		22  1	-2.618
		23  1	-4.131
		24  0	3.524
		25  1	1.221
		26  0	4.224
		27  1	-4.917
		28  0	4.709
		29  0	-1.238
		30  0	-1.753
		31  1	-0.386
		32  1	-5.892
		33  0	0.79
		34  0	0.0920002

node  7		 link	 weight	 bias -4.389
		1  1	0.955
		2  0	-3.07
		3  0	-5.302
		4  1	0.364
		5  1	-1.105
		6  1	-4.035
		7  0	-4.527
		8  0	-5.519
		9  1	-3.849
		10  1	0.581
		15  0	6.212
		16  1	0.238
		17  0	-1.09
		18  1	-4.27
		19  1	-0.262
		20  0	1.325
		21  1	1.044
		22  1	-5.113
		23  0	-0.31
		24  0	6.768
		25  0	-0.466
		26  0	6.969
		27  1	-3.967
		28  1	-3.61
		29  1	-1.358
		30  1	1.833
		31  0	-4.805
		32  0	-1.364
		33  0	4.548
		34  0	0.715

node  8		 link	 weight	 bias -73.221
		1  1	4.576
		2  0	6.645
		3  0	-4.363
		4  0	-2.95
		5  0	4.311
		6  1	3.339
		7  1	-5.981
		8  0	-2.932
		9  0	-3.582
		10  0	5.625
		15  1	-1.296
		16  0	7.039
		17  1	-1.387
		18  0	-3.677
		19  1	-2.591
		20  0	-3.27
		21  0	1.388
		22  1	-7.456
		23  1	-1.123
		24  0	3.463
		25  0	2.516
		26  0	1.839
		27  1	-3.401
		28  0	-1.949
		29  1	-3.647
		30  0	-1.079
		31  0	-5.225
		32  1	-4.443
		33  0	1.729
		34  0	-8.394

node  9		 link	 weight	 bias -56.11
		1  1	1.921
		2  0	4.594
		3  0	-5.429
		4  1	0.385
		5  0	-1.394
		6  0	-2.916
		7  1	-3.716
		8  1	2.905
		9  0	-5.886
		10  0	1.607
		15  1	-4.5
		16  1	4.185
		17  0	-3.471
		18  0	6.886
		19  0	-1.732
		20  1	3.622
		21  0	-2.932
		22  1	3.014
		23  0	6.916
		24  1	-2.478
		25  0	2.649
		26  0	7.603
		27  1	-6.183
		28  1	-0.187
		29  0	-2.29
		30  0	-0.482
		31  1	-9.473
		32  0	-1.875
		33  1	-2.308
		34  0	-1.004

node  10		 link	 weight	 bias -49.157
		1  1	-1.537
		2  0	3.131
		3  1	3.094
		4  0	-4.894
		5  0	-8.443
		6  0	0.657
		7  0	4.975
		8  1	-3.771
		9  0	0.193
		10  0	-1.873
		15  1	2.26
		16  1	-5.682
		17  1	-1.521
		18  0	-2.268
		19  1	2.105
		20  1	3.242
		21  1	-0.726
		22  1	6.608
		23  0	-1.919
		24  1	-0.671
		25  0	-7.145
		26  1	3.666
		27  0	-4.234
		28  0	2.459
		29  0	-4.961
		30  0	-0.318
		31  1	1.007
		32  0	-1.015
		33  1	-5.222
		34  1	3.955


 Layer 5

node  1		 link	 weight	 bias -4.063
		1  0	-1.425
		2  0	3.553
		3  0	3.884
		4  1	0.463
		5  1	-4.795
		6  0	-5.672
		7  1	-1.983
		8  0	2.426
		9  0	0.716
		10  0	-1.295
		15  0	-11.264
		16  0	-8.167
		17  0	-6.83
		18  0	-2.738
		19  0	-5.07
		20  0	-4.002
		21  1	0.03
		22  0	1.872
		23  0	1.236
		24  0	0.565
		25  0	1.121
		26  0	1.973
		27  1	0.544
		28  0	-11.799
		29  0	8.692
		30  0	-6.645
		31  0	2.101
		32  1	-0.554
		33  0	-2.693
		34  0	3.391
		35  0	0.022
		36  0	-2.625
		37  0	-0.046
		38  1	1.647
		39  1	0
		40  1	3.719
		41  1	-0.0310001
		42  1	-0.761
		43  0	5.619
		44  0	-14.394

node  2		 link	 weight	 bias 2.188
		1  0	4.372
		2  0	-4.205
		3  0	-7.673
		4  0	0
		5  0	-1.199
		6  0	-2.258
		7  1	1.308
		8  0	-0.566
		9  0	-0.903
		10  0	-2.07
		15  0	0.0710001
		16  0	1.247
		17  0	-8.541
		18  0	-8.172
		19  0	4.515
		20  0	-1.566
		21  0	-4.686
		22  0	0.538
		23  0	0.872
		24  0	-7.372
		25  0	-3.954
		26  1	-1.56
		27  0	-0.186
		28  0	3.557
		29  0	6.196
		30  0	-5.099
		31  0	-2.115
		32  0	-1.415
		33  1	-0.467
		34  1	0.448
		35  0	-0.367
		36  0	5.384
		37  0	-3.035
		38  0	-1.671
		39  0	-7.565
		40  0	1.32
		41  0	2.474
		42  0	-2.531
		43  0	-2.821
		44  0	-2.369

node  3		 link	 weight	 bias -1.255
		1  0	-3.706
		2  0	-1.684
		3  1	2.975
		4  0	4.812
		5  1	4.064
		6  1	-4.29
		7  0	-6.001
		8  1	0.108
		9  0	-0.155
		10  0	-3.809
		15  0	-4.106
		16  0	-3.344
		17  1	-0.127
		18  0	-1.913
		19  0	3.326
		20  0	3.9
		21  0	-10.899
		22  0	0
		23  0	-0.00399983
		24  0	3.591
		25  0	-2.911
		26  0	1.627
		27  0	2.216
		28  0	-3.636
		29  0	0.872
		30  1	-0.00400019
		31  0	1.521
		32  0	1.188
		33  0	-1.09
		34  0	1.494
		35  0	-4.774
		36  0	-6.237
		37  0	4.492
		38  1	-0.417
		39  0	-0.62
		40  0	-4.041
		41  0	-0.696
		42  0	4.023
		43  0	0.992
		44  1	0

node  4		 link	 weight	 bias 1.765
		1  0	0
		2  1	-4.611
		3  1	-0.501
		4  0	-1.945
		5  0	1.226
		6  1	4.041
		7  0	-2.227
		8  0	5.804
		9  0	-2.202
		10  0	-4.883
		15  0	-0.605
		16  0	-11.82
		17  1	1.465
		18  0	-1.767
		19  0	-4.264
		20  0	1.721
		21  0	-9.129
		22  0	3.603
		23  1	0
		24  0	0.957
		25  0	2.156
		26  0	-9.454
		27  1	-0.225
		28  0	2.331
		29  0	-3.677
		30  0	1.354
		31  0	2.883
		32  0	-2.025
		33  0	-0.69
		34  0	6.665
		35  1	0.768
		36  0	-2.298
		37  0	2.658
		38  0	-0.621
		39  0	-1.213
		40  0	-7.198
		41  0	2.134
		42  0	-10.379
		43  0	-4.269
		44  0	-4.671
