
======================================================
Score	5.18422e+14
Z	0.00293649
alpha	-1.79812
betta	-0.0784559
gamma	-0.0504153
Vx	-0.184591
Vy	-0.0267877
Vz	-0.025679
engIng	0
cFuel	92
tfuel	193.245
======================================================

Initial Parametrs
rOa	{ 143 ; 194 ; -59 }

V	{ 11 ; 0 ; 5 }

w	{ -0.29 ; -0.37 ; 0.19 }

alpha	0.131
betta	0.077
gamma	-0.302
======================================================

 Layer 2

node  1		 link	 weight	 bias -0.196
		1  0	-0.805
		2  0	-3.585
		3  0	3.1
		4  1	0
		5  1	-2.386
		6  0	5.879
		7  0	-5.217
		8  0	-1.346
		9  0	4.104
		10  0	-1.373

node  2		 link	 weight	 bias -1.363
		1  0	1.947
		2  0	1.882
		3  1	-1.638
		4  0	2.561
		5  1	0.22
		6  0	0
		7  1	0
		8  0	-7.49
		9  0	-0.852
		10  0	5.965

node  3		 link	 weight	 bias 7.279
		1  1	4.319
		2  1	-9.869
		3  1	-20.565
		4  0	2.365
		5  0	0.585
		6  1	-0.991
		7  1	1.661
		8  0	2.908
		9  1	-12.571
		10  1	-11.646

node  4		 link	 weight	 bias -21.262
		1  0	1.161
		2  1	2.647
		3  1	1.998
		4  1	1.416
		5  0	-5.589
		6  1	-0.996
		7  0	-4.284
		8  0	1.918
		9  0	1.118
		10  1	1.976

node  5		 link	 weight	 bias -0.416999
		1  0	2.381
		2  1	8.199
		3  1	0.367
		4  0	1.856
		5  0	3.624
		6  1	0.212
		7  0	-2.272
		8  1	-0.344
		9  1	3.062
		10  0	-0.0910002

node  6		 link	 weight	 bias -13.349
		1  0	3.197
		2  0	4.897
		3  1	-5.849
		4  1	0.494
		5  0	0.144
		6  0	-15.007
		7  0	-2.271
		8  1	-2.153
		9  1	0.5
		10  1	-4.336

node  7		 link	 weight	 bias -48.303
		1  0	0.49
		2  0	1.618
		3  1	2.553
		4  1	-6.296
		5  1	1.806
		6  0	-3.763
		7  1	3.638
		8  1	-3.613
		9  1	-5.195
		10  1	1.249

node  8		 link	 weight	 bias -58.334
		1  1	0.541
		2  1	3.286
		3  0	-4.446
		4  1	-0.0919998
		5  0	0.376
		6  0	1.389
		7  0	0.049
		8  1	-2.854
		9  1	-5.215
		10  1	-3.035

node  9		 link	 weight	 bias -4.295
		1  0	1.059
		2  0	1.738
		3  1	-1.83
		4  0	-5.325
		5  0	-1.039
		6  0	0.234
		7  1	-4.586
		8  0	-6.241
		9  1	-0.189
		10  1	-3.461

node  10		 link	 weight	 bias -6.361
		1  0	2.505
		2  1	1.636
		3  1	4.437
		4  1	-7.989
		5  0	-6.927
		6  0	-8.621
		7  0	-3.91
		8  1	0.872
		9  0	-3.434
		10  1	9.072


 Layer 3

node  1		 link	 weight	 bias -0.278
		1  0	0
		2  1	-0.158
		3  0	-1.853
		4  0	-0.194
		5  0	0.466
		6  0	-2.912
		7  0	0.062
		8  0	-0.793
		9  1	3.373
		10  0	-2.975
		15  1	1.139
		16  0	-5.104
		17  1	0
		18  0	-1.202
		19  0	-8.132
		20  1	0
		21  0	4.801
		22  0	2.188
		23  0	-3.162
		24  0	0

node  2		 link	 weight	 bias -20.692
		1  0	0.315
		2  1	-2.183
		3  1	1.471
		4  0	1.318
		5  0	3.025
		6  1	-0.504
		7  1	-1.628
		8  1	-0.469
		9  1	0.875
		10  1	4.964
		15  0	-1.836
		16  1	-2.323
		17  0	-2.24
		18  1	-2.187
		19  0	-2.672
		20  0	-1.049
		21  1	-1.368
		22  1	-0.455
		23  1	4.79
		24  0	-5.436

node  3		 link	 weight	 bias 7.662
		1  1	2.706
		2  1	0.224
		3  0	0.0879999
		4  0	-0.726
		5  0	-2.521
		6  0	-0.29
		7  1	0.0770001
		8  0	-1.915
		9  1	0.419
		10  1	1.163
		15  0	2.884
		16  1	0
		17  1	-0.126
		18  1	5.239
		19  1	1.431
		20  0	-1.21
		21  0	1.499
		22  0	3.445
		23  0	-2.223
		24  0	-3.447

node  4		 link	 weight	 bias -18.779
		1  0	1.078
		2  1	2.503
		3  1	-2.645
		4  1	-5.915
		5  1	3.262
		6  0	-6.842
		7  1	4.02
		8  0	-7.881
		9  0	-3.04
		10  0	0.495
		15  0	-1.28
		16  0	0.185
		17  1	0.424
		18  0	-1.329
		19  1	-0.424
		20  1	0.576
		21  0	0.377
		22  0	-2.932
		23  1	1.545
		24  1	-7.679

node  5		 link	 weight	 bias -24.033
		1  0	1.893
		2  1	1.243
		3  0	-0.795
		4  0	-0.224
		5  0	-2.062
		6  0	2.47
		7  1	-7.209
		8  1	2.279
		9  1	0.677
		10  1	-4.052
		15  0	1.921
		16  1	0.0279996
		17  0	0
		18  0	0.424
		19  0	-1.024
		20  0	1.508
		21  1	-1.27
		22  1	4.208
		23  1	-1.363
		24  1	5.975

node  6		 link	 weight	 bias -4.332
		1  0	6.071
		2  0	0.0599999
		3  1	-3.96
		4  1	3.292
		5  1	-4.436
		6  1	1.308
		7  0	-2.054
		8  1	-4.508
		9  1	-0.553
		10  0	1.995
		15  1	0.396
		16  0	2.929
		17  0	0.0630002
		18  1	-0.72
		19  1	-3.476
		20  0	-1.754
		21  0	-1.575
		22  1	-3.983
		23  0	4.09
		24  1	3.523

node  7		 link	 weight	 bias 21.719
		1  1	3.018
		2  1	-2.906
		3  0	4.748
		4  1	0.975
		5  1	4.637
		6  1	-1.376
		7  0	1.595
		8  0	1.298
		9  1	-5.386
		10  1	1.814
		15  1	-3.711
		16  0	3.712
		17  0	3.417
		18  1	-0.0819999
		19  1	0.118
		20  0	0.045
		21  0	1.473
		22  0	1.245
		23  1	1.33
		24  1	0.348

node  8		 link	 weight	 bias 1.573
		1  0	-0.326
		2  1	-0.0210001
		3  1	-4.686
		4  1	-7.565
		5  0	2.387
		6  0	-1.27
		7  0	6.246
		8  1	-3.697
		9  1	1.099
		10  0	0.16
		15  1	1.462
		16  0	-0.283
		17  1	-1.489
		18  1	1.021
		19  0	0.709
		20  0	6.58
		21  1	0.414
		22  0	-1.584
		23  0	2.75
		24  1	-4.195

node  9		 link	 weight	 bias -0.181
		1  1	0.416
		2  0	-0.987
		3  1	-2.076
		4  1	-5.901
		5  0	2.179
		6  1	-5.016
		7  0	-3.112
		8  0	-0.939
		9  0	-1.07
		10  0	1.791
		15  1	0.376
		16  0	2.972
		17  0	1.613
		18  0	-3.023
		19  0	-3.327
		20  0	-1.229
		21  1	-0.887
		22  1	0.849
		23  0	-3.939
		24  1	4.184

node  10		 link	 weight	 bias -35.924
		1  1	5.069
		2  0	-2.489
		3  1	-3
		4  1	-2.738
		5  0	-1.594
		6  1	2.479
		7  1	1.429
		8  1	-1.622
		9  1	-1.18
		10  0	-0.966
		15  0	4.697
		16  1	-2.198
		17  1	0.384
		18  0	-1.682
		19  0	2.548
		20  1	0.893
		21  1	-1.439
		22  0	1.48
		23  0	-0.784
		24  1	-3.234


 Layer 4

node  1		 link	 weight	 bias -12.08
		1  1	-9.51
		2  0	-3.292
		3  1	4.471
		4  1	2.438
		5  0	0.985
		6  1	3.555
		7  1	-0.863
		8  1	-0.828
		9  0	-0.68
		10  0	3.142
		15  0	1.784
		16  0	-0.426
		17  0	-2.591
		18  0	4.652
		19  1	-1.61
		20  1	-1.417
		21  0	-4.099
		22  1	-1.177
		23  1	-3.379
		24  0	0.565
		25  0	0.0669999
		26  0	-0.824
		27  1	0.284
		28  1	1.021
		29  1	-2.827
		30  1	-3.097
		31  1	2.347
		32  0	-2.041
		33  0	-1.187
		34  1	5.838

node  2		 link	 weight	 bias 2.704
		1  1	0
		2  1	-1.718
		3  0	2.816
		4  1	0.322
		5  1	-2.833
		6  0	0.751
		7  0	-0.0590004
		8  0	-3.007
		9  0	0.0319998
		10  0	-4.792
		15  0	-1.377
		16  1	-3.438
		17  1	0.725
		18  0	-4.259
		19  1	2.677
		20  1	0.444
		21  0	-4.809
		22  0	-5.983
		23  1	-1.948
		24  1	9.756
		25  1	0.713
		26  0	-3.416
		27  1	-2.832
		28  0	-1.868
		29  0	0.608
		30  0	-1.63
		31  1	-0.975
		32  0	-8.768
		33  1	1.623
		34  1	-4.566

node  3		 link	 weight	 bias 9.698
		1  1	-9.776
		2  0	0.31
		3  1	-3.404
		4  1	-4.915
		5  0	3.399
		6  1	0.0970001
		7  0	-1.174
		8  0	4.332
		9  0	-1.997
		10  0	0.58
		15  0	1.42
		16  1	3.811
		17  1	4.548
		18  0	0.694
		19  1	3.213
		20  0	3.353
		21  0	-3.448
		22  0	0.919
		23  0	-1.964
		24  1	0.237
		25  0	-2.314
		26  1	-3.066
		27  0	-2.805
		28  1	1.424
		29  0	0.0579997
		30  0	-5.582
		31  0	-1.9
		32  0	-0.603
		33  0	-4.281
		34  0	1.044

node  4		 link	 weight	 bias 22.224
		1  1	-0.00300014
		2  1	-0.375
		3  1	-3.476
		4  0	2.254
		5  0	8.597
		6  0	1.416
		7  0	-3.306
		8  0	2.995
		9  1	-2.111
		10  1	-0.737
		15  0	0.00699997
		16  0	1.988
		17  1	-1.009
		18  1	-2.176
		19  0	-5.277
		20  0	-0.768
		21  1	-1.495
		22  1	-3.137
		23  0	4.049
		24  0	-0.376
		25  1	-0.796
		26  0	-2.474
		27  1	1.771
		28  1	1.217
		29  1	7.092
		30  0	-2.035
		31  1	-3.051
		32  1	1.158
		33  1	1.034
		34  1	-0.0759997

node  5		 link	 weight	 bias -12.573
		1  1	-3.788
		2  1	8.421
		3  1	1.162
		4  0	-2.73
		5  1	1.857
		6  0	3.356
		7  1	-7.136
		8  0	-0.587
		9  0	-4.867
		10  0	-1.683
		15  0	-5.763
		16  0	0.829
		17  1	0.299
		18  1	1.748
		19  1	0.104
		20  0	4.211
		21  1	-1.943
		22  1	-6.164
		23  1	-1.176
		24  0	-3.887
		25  1	-0.718
		26  1	-5.527
		27  0	0.48
		28  1	-0.372
		29  0	4.803
		30  1	2.169
		31  0	-3.408
		32  1	6.456
		33  1	2.103
		34  1	-2.694

node  6		 link	 weight	 bias -2.894
		1  0	4.333
		2  1	-1.511
		3  0	5.412
		4  0	1.187
		5  0	-3.46
		6  1	5.814
		7  1	0
		8  0	1.381
		9  0	-2.108
		10  0	0
		15  0	3.684
		16  1	-1.252
		17  0	0.845
		18  0	-0.354
		19  0	-1.552
		20  1	2.114
		21  1	0
		22  0	-2.935
		23  1	0
		24  0	-2.4
		25  0	-7.076
		26  0	-1.685
		27  1	0
		28  0	-1.989
		29  0	-1.212
		30  0	2.263
		31  1	-1.6
		32  0	-3.107
		33  1	-1.109
		34  1	0.255

node  7		 link	 weight	 bias -53.296
		1  0	-1.341
		2  1	0.854
		3  1	1.499
		4  0	-1.547
		5  1	1.47
		6  0	8.156
		7  1	-5.291
		8  1	5.059
		9  0	1.168
		10  0	3.005
		15  0	-2.401
		16  1	4.442
		17  1	1.617
		18  1	0.786
		19  1	7.159
		20  0	-1.417
		21  0	-3.61
		22  0	-7.386
		23  0	1.654
		24  0	-3.099
		25  0	1.296
		26  1	4.178
		27  0	2.37
		28  0	-1.601
		29  1	-1.412
		30  1	5.481
		31  1	-2.5
		32  0	-2.407
		33  0	-6.043
		34  1	2.869

node  8		 link	 weight	 bias -7.867
		1  0	0.069
		2  1	1.282
		3  0	0.542
		4  1	-4.595
		5  1	-5.179
		6  0	-0.427
		7  0	0.787
		8  1	1.188
		9  1	4.298
		10  1	-0.0929999
		15  0	3.079
		16  1	-0.948
		17  0	4.076
		18  1	-0.079
		19  1	6.268
		20  1	-6.351
		21  1	2.907
		22  1	-0.848
		23  1	-4.858
		24  0	-2.911
		25  0	-5.873
		26  0	0.349
		27  0	-4.762
		28  1	-0.878
		29  0	-1.418
		30  1	-6.065
		31  1	0.629
		32  0	10.813
		33  1	7.078
		34  1	1.751

node  9		 link	 weight	 bias -35.395
		1  1	-2.742
		2  1	1.008
		3  1	-5.507
		4  1	-3.975
		5  1	3.24
		6  1	0.518
		7  0	-1.127
		8  0	1.105
		9  1	-0.571
		10  0	1.799
		15  0	0.0010004
		16  0	-2.684
		17  0	-1.851
		18  1	-2.963
		19  1	-4.242
		20  1	-3.865
		21  1	5.655
		22  1	-3.239
		23  1	0.764
		24  1	2.262
		25  1	1.886
		26  0	3.573
		27  1	-4.544
		28  0	-2.749
		29  0	2.81
		30  1	-1.311
		31  0	-2.345
		32  0	2.785
		33  1	3.926
		34  0	3.318

node  10		 link	 weight	 bias -10.258
		1  1	-5.021
		2  1	0.837
		3  0	-1.481
		4  1	-3.47
		5  1	-5.703
		6  1	-2.334
		7  0	-0.93
		8  0	5.914
		9  0	0.22
		10  1	-3.608
		15  0	5.6
		16  0	6.697
		17  0	-2.187
		18  0	-1.034
		19  1	-0.188999
		20  1	-3.371
		21  0	-0.321
		22  0	-3.493
		23  0	-5.544
		24  1	-0.893
		25  1	2.165
		26  1	-2.707
		27  0	-4.106
		28  1	2.011
		29  1	4.601
		30  0	-0.382
		31  0	-1.317
		32  1	-5.826
		33  1	3.263
		34  1	2.084


 Layer 5

node  1		 link	 weight	 bias -2.455
		1  0	2.903
		2  1	0.02
		3  0	-4.417
		4  0	3.123
		5  0	4.459
		6  0	0.623
		7  1	-2.621
		8  1	-0.0179999
		9  0	0
		10  0	-2.805
		15  1	0
		16  0	-4.275
		17  1	0
		18  0	1.021
		19  0	1.413
		20  0	-4.084
		21  0	-0.48
		22  0	0.029
		23  0	1.431
		24  0	0.28
		25  0	5.473
		26  0	-6.765
		27  1	-2.063
		28  0	-0.923
		29  0	1.463
		30  0	-2.978
		31  1	0
		32  0	1.345
		33  0	-0.0550003
		34  0	-4.245
		35  0	7.788
		36  0	-1.096
		37  0	-4.076
		38  0	1.343
		39  0	-4.745
		40  0	-1.358
		41  0	-1.705
		42  1	-0.00699997
		43  0	-0.547
		44  0	1.696

node  2		 link	 weight	 bias -3.327
		1  0	5.798
		2  0	-3.864
		3  0	5.139
		4  0	-4.879
		5  0	-2.846
		6  0	-2.055
		7  0	-1.475
		8  1	0
		9  0	2.463
		10  0	2.365
		15  0	-3.975
		16  1	-2.189
		17  0	-2.374
		18  0	0.234
		19  0	-3.537
		20  0	0
		21  0	2.863
		22  0	2.607
		23  1	0.59
		24  0	-0.44
		25  0	-0.287
		26  0	0
		27  0	2.849
		28  0	-1.209
		29  0	-2.517
		30  0	5.392
		31  0	2.288
		32  0	-1.989
		33  0	-1.588
		34  0	-2.157
		35  0	0.405
		36  0	0.0960004
		37  0	-2.537
		38  0	-0.35
		39  0	1.316
		40  0	2.85
		41  0	-1.061
		42  0	-11.566
		43  0	0.61
		44  0	3.496

node  3		 link	 weight	 bias 0.449001
		1  0	2.89
		2  1	-0.429
		3  0	0.537
		4  1	0
		5  0	0.334
		6  0	-0.383
		7  0	0.0350002
		8  1	2.224
		9  0	0.821
		10  0	5.838
		15  0	-0.384
		16  0	-0.459
		17  0	-2.776
		18  0	-1.089
		19  0	2.274
		20  0	-0.131
		21  0	-4.937
		22  0	0.246
		23  0	0
		24  0	1.706
		25  0	-4.338
		26  0	-1.449
		27  0	-6.938
		28  0	-0.796
		29  0	-0.122
		30  0	-3.913
		31  0	4.965
		32  0	1.281
		33  0	0.125
		34  0	0
		35  0	7.168
		36  0	0.412
		37  0	6.026
		38  0	-3.087
		39  0	-6.682
		40  1	-0.0569999
		41  0	0.422
		42  0	-4.139
		43  0	0.0870001
		44  0	0.747

node  4		 link	 weight	 bias 1.982
		1  0	-0.68
		2  0	-1.16
		3  0	0.454
		4  1	2.815
		5  0	-6.655
		6  1	0.769
		7  0	0.439
		8  0	0.558
		9  0	1.642
		10  0	1.569
		15  1	0
		16  0	-2.003
		17  0	4.574
		18  0	-3.363
		19  1	0.036
		20  0	1.894
		21  0	4.69
		22  0	0.118
		23  0	3.06
		24  1	0.04
		25  1	0.163
		26  0	-2.82
		27  0	-0.347
		28  0	-5.049
		29  0	-0.963
		30  0	-0.162
		31  0	-3.339
		32  0	0.198
		33  1	0
		34  0	-6.486
		35  1	0
		36  0	-0.19
		37  0	-2.872
		38  0	1.675
		39  0	-0.148
		40  0	1.192
		41  0	-0.586
		42  0	3.396
		43  0	2.16
		44  0	-0.0119998
