
======================================================
Score	5.21137e+14
Z	0.00285221
alpha	-1.79812
betta	-0.0784559
gamma	-0.0499033
Vx	-0.180915
Vy	-0.0256224
Vz	-0.0262892
engIng	0
cFuel	92
tfuel	193.255
======================================================

Initial Parametrs
rOa	{ 143 ; 194 ; -59 }

V	{ 11 ; 0 ; 5 }

w	{ -0.29 ; -0.37 ; 0.19 }

alpha	0.131
betta	0.077
gamma	-0.302
======================================================

 Layer 2

node  1		 link	 weight	 bias -0.196
		1  0	-0.805
		2  0	-3.585
		3  0	3.1
		4  1	0
		5  1	-2.386
		6  0	5.879
		7  0	-8.56
		8  0	-1.346
		9  0	1.767
		10  0	-3.264

node  2		 link	 weight	 bias -1.363
		1  0	1.006
		2  0	1.882
		3  1	-1.638
		4  0	0.545
		5  1	0.22
		6  0	-2.321
		7  0	-2.415
		8  0	-9.722
		9  0	-3.021
		10  0	5.869

node  3		 link	 weight	 bias 6.643
		1  1	4.319
		2  1	-9.869
		3  1	-20.308
		4  0	2.423
		5  0	0.585
		6  1	-0.991
		7  1	1.661
		8  0	2.908
		9  1	-15.322
		10  1	-11.73

node  4		 link	 weight	 bias -21.261
		1  0	0.116
		2  1	2.647
		3  1	1.998
		4  1	1.416
		5  0	-5.589
		6  1	-0.996
		7  0	-4.284
		8  0	1.918
		9  0	1.118
		10  1	1.976

node  5		 link	 weight	 bias -0.429999
		1  0	0.546
		2  1	8.199
		3  1	0.367
		4  1	0.0149999
		5  0	4.481
		6  1	0.236
		7  0	-2.272
		8  1	-0.344
		9  1	3.062
		10  0	-0.921

node  6		 link	 weight	 bias -0.136999
		1  0	3.197
		2  0	4.897
		3  1	-7.787
		4  1	1.037
		5  0	-1.739
		6  0	-16.626
		7  0	-2.271
		8  1	-2.446
		9  1	-1.781
		10  1	-4.336

node  7		 link	 weight	 bias -42.464
		1  0	1.904
		2  0	1.382
		3  0	1.375
		4  1	-6.296
		5  1	1.806
		6  0	-6.232
		7  0	2.751
		8  1	-3.613
		9  1	-1.556
		10  1	3.252

node  8		 link	 weight	 bias -60.356
		1  1	-2.211
		2  0	3.286
		3  0	-4.446
		4  1	-0.0919998
		5  1	-1.387
		6  1	0.901
		7  1	0.049
		8  1	-4.554
		9  0	-5.215
		10  1	-3.035

node  9		 link	 weight	 bias -4.351
		1  0	-1.779
		2  0	1.738
		3  1	-1.83
		4  0	-5.325
		5  0	-0.454
		6  0	0.234
		7  1	-4.586
		8  0	-6.241
		9  0	-0.189
		10  1	-3.461

node  10		 link	 weight	 bias -7.111
		1  0	2.505
		2  1	1.636
		3  1	4.437
		4  1	-7.989
		5  0	-6.927
		6  0	-8.621
		7  0	-3.91
		8  1	0.872
		9  0	-4.592
		10  1	9.072


 Layer 3

node  1		 link	 weight	 bias -0.278
		1  0	1.311
		2  1	-0.158
		3  0	-4.209
		4  0	-2.438
		5  0	0.466
		6  0	-2.912
		7  0	2.017
		8  0	-0.793
		9  1	3.373
		10  0	-2.814
		15  1	1.139
		16  0	-5.815
		17  1	0
		18  0	-1.202
		19  0	-8.132
		20  0	0
		21  0	3.296
		22  0	-0.0929998
		23  0	-5.002
		24  0	0

node  2		 link	 weight	 bias -22.438
		1  0	0.315
		2  1	-1.36
		3  1	1.471
		4  0	1.318
		5  0	3.025
		6  1	-0.504
		7  0	-0.349
		8  0	-0.469
		9  1	0.875
		10  0	4.964
		15  0	-1.836
		16  1	-2.323
		17  1	-1.503
		18  1	-1.238
		19  0	-4.062
		20  1	-1.049
		21  1	-1.368
		22  1	-2.715
		23  1	5.227
		24  0	-3.475

node  3		 link	 weight	 bias 7.661
		1  1	2.706
		2  1	0.224
		3  0	-1.726
		4  0	1.21
		5  0	-2.521
		6  0	1.83
		7  1	0.0770001
		8  0	-2.238
		9  1	0.419
		10  1	1.163
		15  0	2.884
		16  1	0
		17  1	-0.126
		18  1	5.239
		19  1	1.431
		20  0	-2.27
		21  0	1.499
		22  0	3.131
		23  0	-3.59
		24  0	-3.447

node  4		 link	 weight	 bias -5.426
		1  0	2.98
		2  1	2.503
		3  1	-2.151
		4  1	-4.549
		5  1	-0.651
		6  0	-6.576
		7  1	2.932
		8  0	-9.838
		9  0	-3.04
		10  0	0.495
		15  0	-1.28
		16  1	1.148
		17  1	1.315
		18  1	0.0510001
		19  0	-0.152
		20  1	1.722
		21  0	2.977
		22  0	-2.932
		23  0	0.87
		24  1	-7.919

node  5		 link	 weight	 bias -24.715
		1  0	2.131
		2  0	0.131
		3  0	-1.044
		4  0	-0.224
		5  0	-2.062
		6  0	0.0170001
		7  0	-8.526
		8  1	2.279
		9  1	1.23
		10  1	-3.137
		15  0	1.488
		16  1	0.0279996
		17  0	0
		18  0	0.419
		19  1	-1.024
		20  0	1.508
		21  0	-1.27
		22  0	4.208
		23  1	-1.363
		24  1	3.896

node  6		 link	 weight	 bias -4.753
		1  0	6.071
		2  1	0.0599999
		3  1	-3.956
		4  1	3.363
		5  1	-4.436
		6  1	1.009
		7  0	-2.054
		8  1	-6.349
		9  1	-2.244
		10  0	1.995
		15  1	0.396
		16  0	2.929
		17  0	0.0630002
		18  1	-0.356
		19  1	-4.726
		20  0	-1.754
		21  0	0.502
		22  1	-3.562
		23  0	3.106
		24  1	3.523

node  7		 link	 weight	 bias 9.935
		1  0	3.018
		2  1	-2.906
		3  0	4.748
		4  1	3.387
		5  0	4.637
		6  1	0.775
		7  0	1.595
		8  1	1.298
		9  1	-3.785
		10  1	4.269
		15  0	-5.7
		16  0	3.267
		17  1	3.417
		18  1	-0.0819999
		19  1	0.118
		20  1	0.045
		21  0	1.473
		22  1	1.245
		23  1	0.0509999
		24  1	1.694

node  8		 link	 weight	 bias 4.104
		1  1	-0.326
		2  1	-0.0210001
		3  1	-5.893
		4  0	-7.565
		5  0	2.387
		6  0	-1.27
		7  0	6.246
		8  1	-3.697
		9  1	2.906
		10  0	0.16
		15  1	1.462
		16  0	-0.283
		17  1	-1.489
		18  1	0.973
		19  0	-1.574
		20  0	6.039
		21  1	1.495
		22  1	-1.584
		23  0	2.75
		24  1	-4.195

node  9		 link	 weight	 bias 2.002
		1  1	0.416
		2  0	-0.987
		3  1	-1.96
		4  0	-5.901
		5  1	2.179
		6  1	-5.016
		7  0	-1.097
		8  1	-2.184
		9  0	-1.07
		10  0	1.791
		15  1	2.32
		16  0	4.597
		17  0	-0.0529999
		18  0	-3.023
		19  0	-3.327
		20  1	-1.229
		21  1	1.522
		22  1	0.849
		23  0	-6.234
		24  1	4.578

node  10		 link	 weight	 bias -30.843
		1  1	3.638
		2  0	-2.489
		3  0	-1.948
		4  1	-2.738
		5  0	-1.594
		6  1	0.995
		7  0	1.429
		8  1	-2.227
		9  1	-1.692
		10  0	-0.966
		15  0	5.531
		16  0	-2.198
		17  1	1.386
		18  0	-5.57
		19  0	1.82
		20  1	0.893
		21  1	-1.439
		22  0	0.989
		23  0	1.367
		24  1	-6.328


 Layer 4

node  1		 link	 weight	 bias 4.971
		1  1	-10.429
		2  0	-3.292
		3  0	5.167
		4  1	2.438
		5  0	0.985
		6  1	3.555
		7  0	1.529
		8  0	2.974
		9  1	0.00299978
		10  0	5.114
		15  0	-1.699
		16  1	-0.426
		17  0	-4.394
		18  0	4.652
		19  0	0.49
		20  1	-1.417
		21  0	-4.605
		22  1	-1.177
		23  1	-2.891
		24  0	0.565
		25  0	0.0669999
		26  0	-0.824
		27  1	0.284
		28  0	-1.832
		29  1	-2.308
		30  1	-3.097
		31  1	2.347
		32  1	0.379
		33  0	-1.187
		34  1	5.838

node  2		 link	 weight	 bias 3.853
		1  0	0
		2  0	-1.718
		3  0	2.155
		4  1	0.322
		5  1	-2.628
		6  1	-1.221
		7  0	2.263
		8  0	-3.678
		9  0	-2.072
		10  0	-5.818
		15  1	1.814
		16  1	-2.478
		17  1	0.725
		18  0	-4.259
		19  1	2.677
		20  1	0.444
		21  1	-4.809
		22  1	-5.983
		23  1	-3.873
		24  1	9.756
		25  1	0.713
		26  0	-2.006
		27  1	-2.832
		28  0	-4.213
		29  0	0.608
		30  1	0.188
		31  1	0.368
		32  0	-9.87
		33  1	2.834
		34  1	-4.566

node  3		 link	 weight	 bias 12.565
		1  0	-12.22
		2  0	0.31
		3  1	-3.404
		4  1	-4.915
		5  0	3.399
		6  1	0.0970001
		7  0	-1.174
		8  1	4.264
		9  0	-2.455
		10  1	0.562
		15  0	1.42
		16  0	3.811
		17  1	4.548
		18  1	0.694
		19  1	0.843
		20  0	1.018
		21  1	-1.787
		22  0	0.887
		23  0	-4.272
		24  1	2.438
		25  0	-2.314
		26  0	-3.066
		27  0	-2.805
		28  1	1.424
		29  0	0.0579997
		30  0	-5.582
		31  0	-1.9
		32  0	-1.18
		33  0	-5.427
		34  1	1.044

node  4		 link	 weight	 bias 18.487
		1  1	-0.00300014
		2  1	-0.375
		3  1	-3.476
		4  0	1.592
		5  0	8.597
		6  1	1.416
		7  0	-3.306
		8  0	2.995
		9  0	0.075
		10  1	-0.737
		15  0	-2.443
		16  0	1.988
		17  0	-1.009
		18  1	-2.176
		19  1	-5.277
		20  0	-0.768
		21  1	-3.047
		22  1	-3.137
		23  0	4.049
		24  0	-0.376
		25  1	-1.755
		26  0	-4.225
		27  1	1.771
		28  0	2.024
		29  0	7.24
		30  0	-3.912
		31  1	-3.131
		32  1	-0.267
		33  1	1.034
		34  1	-1.631

node  5		 link	 weight	 bias -10.815
		1  0	-3.457
		2  0	8.421
		3  0	1.162
		4  0	-2.73
		5  1	5.79
		6  0	3.497
		7  1	-8.646
		8  0	-0.55
		9  0	-4.867
		10  1	-2.904
		15  0	-6.565
		16  0	-1.446
		17  0	0.299
		18  1	1.748
		19  1	-2.153
		20  0	3.754
		21  1	-2.479
		22  1	-3.692
		23  1	-2.011
		24  0	-3.887
		25  1	-0.718
		26  1	-5.527
		27  1	0.48
		28  0	0.0399998
		29  0	4.803
		30  1	2.169
		31  1	-0.922
		32  1	6.456
		33  1	3.826
		34  1	-2.694

node  6		 link	 weight	 bias -0.401
		1  0	4.333
		2  1	-1.511
		3  0	6.92
		4  0	1.187
		5  0	-5.008
		6  0	5.814
		7  1	0
		8  1	2.242
		9  0	0.0550001
		10  0	-4.099
		15  0	3.684
		16  1	-1.252
		17  1	0.845
		18  0	1.966
		19  0	-3.533
		20  1	2.114
		21  0	1.267
		22  0	-2.935
		23  1	0
		24  0	-2.4
		25  0	-8.023
		26  0	-1.685
		27  1	0
		28  0	-1.989
		29  0	-0.107
		30  0	1.035
		31  1	-1.6
		32  0	-3.107
		33  1	-2.246
		34  0	0.255

node  7		 link	 weight	 bias -62.419
		1  1	-1.341
		2  1	0.854
		3  0	0.821
		4  0	0.925
		5  0	1.47
		6  1	8.156
		7  0	-5.291
		8  1	5.059
		9  1	3.395
		10  0	3.005
		15  0	-2.401
		16  0	5.92
		17  1	1.617
		18  1	0.786
		19  1	9.549
		20  0	-1.417
		21  0	-3.61
		22  0	-6.965
		23  0	1.654
		24  0	-1.556
		25  0	1.296
		26  1	4.178
		27  1	3.216
		28  0	-3.794
		29  0	-0.679
		30  1	2.989
		31  1	-2.5
		32  0	-2.407
		33  1	-6.043
		34  0	2.869

node  8		 link	 weight	 bias 0.180999
		1  0	0.069
		2  1	0.712
		3  0	0.542
		4  0	-6.78
		5  0	-4.454
		6  0	-0.427
		7  0	1.433
		8  1	2.883
		9  1	9.77
		10  1	-0.0929999
		15  0	2.924
		16  0	-0.948
		17  0	2.535
		18  0	-0.678
		19  1	8.753
		20  1	-6.819
		21  1	2.907
		22  1	-0.848
		23  1	-4.858
		24  0	-1.324
		25  0	-5.873
		26  0	-1.155
		27  0	-4.762
		28  1	-3.336
		29  0	-1.418
		30  1	-8.694
		31  1	1.285
		32  0	10.813
		33  0	7.078
		34  1	1.751

node  9		 link	 weight	 bias -42.921
		1  1	-2.773
		2  0	2.11
		3  0	-5.983
		4  1	-5.702
		5  1	2.838
		6  0	0.518
		7  0	-1.127
		8  0	1.105
		9  1	-0.571
		10  0	1.799
		15  0	0.0010004
		16  1	-2.684
		17  0	-2.554
		18  0	-2.963
		19  0	-3.266
		20  1	-4.426
		21  1	4.6
		22  1	-3.239
		23  1	1.589
		24  1	2.262
		25  0	1.203
		26  0	3.573
		27  1	-4.544
		28  0	-2.749
		29  0	2.81
		30  1	-3.742
		31  1	-2.345
		32  0	2.785
		33  1	3.926
		34  0	4.55

node  10		 link	 weight	 bias 1.057
		1  1	-5.021
		2  0	-1.08
		3  0	-1.481
		4  0	-5.233
		5  1	-5.703
		6  1	-4.037
		7  0	0.515
		8  0	5.914
		9  0	1.785
		10  1	-2.717
		15  0	7.103
		16  0	6.697
		17  1	-2.187
		18  0	-1.034
		19  1	-0.188999
		20  1	-3.371
		21  0	-3.654
		22  1	-3.493
		23  1	-7.841
		24  1	-0.893
		25  1	2.165
		26  1	-4.836
		27  1	-4.106
		28  1	3.138
		29  1	4.601
		30  0	-2.374
		31  0	-1.317
		32  1	-5.826
		33  1	5.173
		34  1	0.0419998


 Layer 5

node  1		 link	 weight	 bias -2.455
		1  0	5.206
		2  1	0.02
		3  0	-2.136
		4  0	2.993
		5  0	2.226
		6  0	0.623
		7  1	-2.621
		8  1	-0.0179999
		9  0	0
		10  0	-2.805
		15  0	0
		16  0	-4.275
		17  1	0
		18  0	3.212
		19  0	2.831
		20  0	-5.136
		21  0	-2.403
		22  0	-0.685
		23  0	1.431
		24  0	0.28
		25  0	5.473
		26  0	-6.765
		27  1	-2.063
		28  0	-0.923
		29  0	3.089
		30  0	-2.978
		31  1	0
		32  0	0.606
		33  0	-2.395
		34  0	-4.021
		35  0	7.788
		36  0	-1.096
		37  0	-4.076
		38  0	1.343
		39  0	-4.745
		40  0	-1.358
		41  0	-1.705
		42  1	-0.00699997
		43  0	-0.547
		44  0	-0.435

node  2		 link	 weight	 bias -3.327
		1  0	5.44
		2  0	-3.864
		3  0	5.139
		4  0	-6.164
		5  0	-2.357
		6  0	-2.055
		7  0	-1.475
		8  0	0
		9  0	1.115
		10  0	2.365
		15  0	-3.225
		16  1	-2.189
		17  0	-2.631
		18  0	-0.864
		19  0	-1.411
		20  0	0
		21  0	2.863
		22  0	2.607
		23  1	0.59
		24  0	-0.44
		25  0	-0.287
		26  0	0.698
		27  0	2.849
		28  0	-1.209
		29  0	-2.25
		30  0	3.405
		31  0	3.106
		32  0	-1.989
		33  0	-1.588
		34  0	-3.105
		35  0	-0.708
		36  0	0.0960004
		37  0	-3.286
		38  0	-0.35
		39  0	1.316
		40  0	6.442
		41  0	-1.748
		42  0	-11.566
		43  0	0.61
		44  0	4.044

node  3		 link	 weight	 bias 0.449001
		1  0	2.926
		2  1	-0.429
		3  0	2.674
		4  0	0
		5  0	0.334
		6  0	-0.383
		7  0	0.0350002
		8  1	2.224
		9  0	3.196
		10  0	5.838
		15  0	-0.384
		16  0	-0.459
		17  0	-2.776
		18  0	-1.089
		19  0	2.274
		20  0	-0.504
		21  0	-4.937
		22  0	0.246
		23  0	0
		24  0	1.706
		25  0	-5.216
		26  0	-0.208
		27  0	-6.938
		28  0	-3.167
		29  0	-0.942
		30  0	-4.515
		31  0	4.965
		32  0	-0.0990003
		33  0	3.049
		34  0	-1.007
		35  0	8.872
		36  0	-1.45
		37  0	3.857
		38  0	-3.087
		39  0	-5.602
		40  1	-0.0569999
		41  0	-2.733
		42  0	-4.139
		43  0	0.0870001
		44  0	0.747

node  4		 link	 weight	 bias 1.982
		1  0	-2.794
		2  0	-1.16
		3  0	0.454
		4  1	2.815
		5  0	-8.78
		6  1	0.769
		7  0	0.439
		8  0	0.558
		9  0	1.642
		10  0	1.569
		15  1	0
		16  0	-2.003
		17  0	4.574
		18  0	-3.385
		19  1	0.036
		20  0	0.193
		21  0	4.69
		22  0	0.764
		23  0	2.672
		24  1	0.04
		25  1	0.163
		26  0	-2.82
		27  0	-0.347
		28  0	-2.644
		29  0	-0.963
		30  0	1.407
		31  0	-6.754
		32  0	-0.855
		33  1	0
		34  0	-4.25
		35  1	0
		36  0	2.245
		37  0	-2.872
		38  0	2.667
		39  0	0.593
		40  0	1.992
		41  0	0.538
		42  0	3.396
		43  0	1.994
		44  0	0.273
