
======================================================
Score	5.41741e+14
Z	0.00230057
alpha	-1.79812
betta	-0.0784559
gamma	-0.0504152
Vx	-0.144854
Vy	-0.0172624
Vz	-0.0213809
engIng	0
cFuel	92
tfuel	193.368
======================================================

Initial Parametrs
rOa	{ 143 ; 194 ; -59 }

V	{ 11 ; 0 ; 5 }

w	{ -0.29 ; -0.37 ; 0.19 }

alpha	0.131
betta	0.077
gamma	-0.302
======================================================

 Layer 2

node  1		 link	 weight	 bias -0.196
		1  0	-0.877
		2  0	-3.661
		3  0	-0.7
		4  0	-2.91
		5  1	-2.404
		6  0	3.593
		7  0	-9.629
		8  0	1.34
		9  0	-2.911
		10  0	0.423

node  2		 link	 weight	 bias -1.37
		1  0	-3.997
		2  0	-5.979
		3  1	-1.638
		4  0	-2.021
		5  1	0.22
		6  0	-3.332
		7  0	-4.664
		8  0	-9.636
		9  0	-8.737
		10  0	9.334

node  3		 link	 weight	 bias 18.205
		1  1	14.674
		2  0	-30.317
		3  1	-17.812
		4  1	0.198
		5  1	-1.533
		6  0	-3.242
		7  1	1.654
		8  0	2.84
		9  1	-62.56
		10  0	-44.656

node  4		 link	 weight	 bias -20.789
		1  1	0.0849999
		2  1	2.647
		3  1	1.998
		4  1	1.38
		5  0	-12.816
		6  1	-0.863
		7  0	-2.6
		8  1	0.558
		9  0	1.208
		10  1	1.976

node  5		 link	 weight	 bias -0.520999
		1  0	0.864
		2  1	10.672
		3  1	0.367
		4  1	0.0179999
		5  0	5.642
		6  1	0.35
		7  0	1.458
		8  1	-0.344
		9  1	4.422
		10  0	-7.381

node  6		 link	 weight	 bias -13.528
		1  1	-3.874
		2  1	-1.016
		3  0	-11.277
		4  0	-0.146
		5  1	-1.524
		6  0	-17.816
		7  0	-4.443
		8  0	-3.385
		9  1	-1.823
		10  0	-6.006

node  7		 link	 weight	 bias -36.067
		1  0	5.512
		2  0	3.142
		3  0	2.452
		4  1	-6.759
		5  1	4.065
		6  0	-7.233
		7  1	-2.107
		8  0	0.826
		9  0	-6.567
		10  1	2.596

node  8		 link	 weight	 bias -73.963
		1  1	-1.607
		2  1	7.223
		3  1	-12.951
		4  1	-9.266
		5  0	0.6
		6  0	1.347
		7  1	-0.999
		8  1	-4.145
		9  1	-7.552
		10  0	-6.383

node  9		 link	 weight	 bias -4.364
		1  0	0.614
		2  0	-5.407
		3  1	-1.83
		4  0	-2.439
		5  0	-1.245
		6  0	3.001
		7  1	-4.586
		8  0	-6.633
		9  0	1.838
		10  1	-3.461

node  10		 link	 weight	 bias -2.568
		1  0	-4.889
		2  1	5.975
		3  1	6.857
		4  0	-0.977
		5  1	-10.533
		6  0	-6.26
		7  0	-6.051
		8  0	1.673
		9  0	-1.661
		10  1	6.383


 Layer 3

node  1		 link	 weight	 bias -0.278
		1  0	4.862
		2  1	-0.158
		3  0	-7.976
		4  0	-1.842
		5  0	-2.478
		6  0	-1.643
		7  0	-3.486
		8  0	0.0820001
		9  1	3.373
		10  0	-3.684
		15  1	1.139
		16  0	-7.033
		17  0	0.393
		18  0	-5.744
		19  0	-5.148
		20  0	-3.409
		21  0	2.714
		22  0	-0.789
		23  0	-5.503
		24  0	-4.195

node  2		 link	 weight	 bias -11.682
		1  0	-1.623
		2  1	-4.927
		3  1	-3.331
		4  1	-2.427
		5  1	8.892
		6  1	-3.579
		7  0	-5.209
		8  0	2.338
		9  1	-4.662
		10  1	2.739
		15  1	2.827
		16  0	-2.037
		17  0	-0.122999
		18  1	0.342
		19  1	-5.594
		20  1	1.577
		21  1	-3.275
		22  0	-6.705
		23  1	4.776
		24  1	-3.163

node  3		 link	 weight	 bias 7.6
		1  1	2.706
		2  1	0.224
		3  0	2.45
		4  0	-4.562
		5  0	-1.67
		6  0	-1.425
		7  1	0.0770001
		8  0	-5.963
		9  1	0.419
		10  1	1.163
		15  0	4.168
		16  0	0.826
		17  1	-0.126
		18  1	5.239
		19  1	1.431
		20  0	-6.114
		21  0	4.81
		22  0	5.808
		23  0	-6.327
		24  0	-2.465

node  4		 link	 weight	 bias -12.293
		1  0	1.364
		2  0	9.831
		3  0	-1.542
		4  0	-9.888
		5  1	-0.535
		6  1	-15.355
		7  1	2.215
		8  0	-12.238
		9  0	-3.448
		10  0	-4.073
		15  0	6.094
		16  0	2.318
		17  1	9.655
		18  1	0.243
		19  0	4.154
		20  0	1.411
		21  0	4.019
		22  1	-5.645
		23  0	3.943
		24  1	-3.608

node  5		 link	 weight	 bias -70.981
		1  0	6.321
		2  1	-0.764
		3  1	-0.189
		4  1	4.055
		5  0	4.657
		6  1	2.578
		7  1	-6.8
		8  1	-0.935
		9  1	0.711
		10  1	-2.839
		15  0	0.89
		16  0	6.307
		17  0	-4.282
		18  1	-0.563
		19  1	-4.849
		20  1	-5.628
		21  0	3.159
		22  1	5.824
		23  1	-0.154
		24  1	2.209

node  6		 link	 weight	 bias -17.763
		1  1	9.687
		2  0	-1.556
		3  0	-7.112
		4  1	3.817
		5  1	-4.349
		6  0	-1.038
		7  1	-5.436
		8  0	-4.638
		9  0	-5.361
		10  0	2.839
		15  0	-3.55
		16  0	1.425
		17  0	-4.15
		18  0	-0.601
		19  0	-7.787
		20  0	-0.814
		21  1	3.763
		22  0	-4.65
		23  1	5.112
		24  0	1.414

node  7		 link	 weight	 bias 9.269
		1  0	1.017
		2  0	5.399
		3  0	-0.0490001
		4  0	0.217
		5  0	0.864
		6  1	-0.571
		7  0	4.969
		8  1	5.826
		9  0	-4.988
		10  0	-0.834
		15  1	-4.7
		16  1	1.924
		17  1	1.997
		18  0	3.248
		19  0	-0.848
		20  1	3.911
		21  1	2.704
		22  1	-1.926
		23  0	-6.808
		24  1	6.321

node  8		 link	 weight	 bias 7.49
		1  0	3.446
		2  0	-3.582
		3  1	-2.068
		4  1	-6.246
		5  1	2.476
		6  1	-3.573
		7  1	5.585
		8  0	-4.615
		9  0	4.18
		10  1	-0.55
		15  0	4.756
		16  1	-0.452
		17  0	-4.644
		18  1	2.417
		19  0	-2.589
		20  0	8.158
		21  1	-5.727
		22  0	-1.548
		23  1	6.418
		24  0	-5.161

node  9		 link	 weight	 bias -9.657
		1  0	-9.007
		2  1	0.577
		3  0	-2.635
		4  0	-3.88
		5  1	2.404
		6  0	-10.155
		7  1	3.163
		8  1	-11.261
		9  0	-0.176001
		10  0	-2.698
		15  1	-1.956
		16  1	8.22
		17  0	1.849
		18  1	5.652
		19  1	-9.927
		20  0	-6.877
		21  1	3.807
		22  0	-2.472
		23  0	-7.53
		24  0	5.339

node  10		 link	 weight	 bias -77.831
		1  1	7.945
		2  0	-1.046
		3  1	0.746
		4  1	-5.493
		5  0	-2.566
		6  0	3.92
		7  0	7.992
		8  1	-4.327
		9  1	-4.148
		10  0	0.662
		15  1	8.738
		16  1	1.152
		17  0	-0.378999
		18  1	-11.769
		19  0	4.386
		20  1	-2.068
		21  1	0.927001
		22  0	-4.648
		23  1	-3.741
		24  0	-13.901


 Layer 4

node  1		 link	 weight	 bias -33.03
		1  0	-9.984
		2  1	-5.863
		3  1	5.415
		4  1	5.975
		5  0	-1.531
		6  0	4.875
		7  0	3.429
		8  0	3.172
		9  1	-0.754
		10  0	3.056
		15  0	3.08
		16  1	-2.671
		17  0	-4.402
		18  0	4.363
		19  1	3.684
		20  0	-1.594
		21  0	-7.405
		22  0	-2.799
		23  0	-5.763
		24  0	-0.892
		25  1	7.463
		26  0	-4.944
		27  1	-5.324
		28  1	-5.439
		29  0	-6.759
		30  1	-2.263
		31  0	0.158999
		32  0	0.214
		33  1	-1.012
		34  0	10.358

node  2		 link	 weight	 bias -51.716
		1  1	-1.618
		2  1	-0.0429997
		3  0	4.65
		4  1	2.178
		5  0	-9.829
		6  0	-0.588
		7  0	-1.731
		8  0	-5.508
		9  1	-2.616
		10  1	-1.602
		15  1	1.585
		16  0	-1.292
		17  0	-0.734
		18  0	-10.277
		19  0	2.747
		20  0	-2.653
		21  1	-10.704
		22  0	-3.561
		23  0	0.534
		24  0	7.058
		25  0	3.489
		26  1	-1.027
		27  0	-2.809
		28  1	-4.314
		29  1	2.442
		30  0	3.241
		31  0	4.85
		32  1	-6.321
		33  0	-0.919
		34  1	-4.952

node  3		 link	 weight	 bias -20.355
		1  1	-17.735
		2  1	0.00200009
		3  0	-5.618
		4  1	-7.92
		5  0	2.681
		6  1	-3.922
		7  0	-2.183
		8  0	3.487
		9  0	-5.63
		10  0	6.763
		15  0	4.085
		16  1	2.473
		17  1	3.323
		18  1	2.722
		19  1	1.907
		20  0	2.144
		21  0	-4.213
		22  1	-1.806
		23  1	-0.715
		24  0	3.236
		25  0	0.449
		26  0	-3.691
		27  0	-3.549
		28  1	-2.751
		29  0	-1.036
		30  1	-6.193
		31  1	-5.492
		32  0	-5.168
		33  0	-3.625
		34  0	2.103

node  4		 link	 weight	 bias -16.662
		1  1	-4.374
		2  1	0.163
		3  1	-6.838
		4  1	1.387
		5  0	10.85
		6  1	2.119
		7  0	-0.656
		8  0	-3.429
		9  1	-3.157
		10  1	0.322
		15  1	0.17
		16  1	3.138
		17  0	-2.36
		18  1	0.0960001
		19  1	-10.669
		20  0	-2.81
		21  0	-3.886
		22  0	-6.21
		23  0	-1.06
		24  0	2.36
		25  1	0.153
		26  1	-3.988
		27  0	-0.0340003
		28  1	1.424
		29  0	8.939
		30  0	-4.462
		31  1	-4.407
		32  0	6.87
		33  1	-1.949
		34  0	-0.784

node  5		 link	 weight	 bias -70.386
		1  1	-1.952
		2  0	8.812
		3  0	-8.455
		4  0	-0.248001
		5  0	3.101
		6  1	5.318
		7  0	-12.882
		8  1	0.0820004
		9  1	-6.91
		10  0	1.446
		15  0	-8.688
		16  1	-5.185
		17  0	-0.894
		18  0	4.157
		19  0	3.926
		20  1	2.682
		21  1	-3.483
		22  1	-5.677
		23  0	-0.463
		24  0	-3.798
		25  1	-1.927
		26  0	-6.769
		27  1	-1.362
		28  1	-1.902
		29  1	2.45
		30  0	-1.585
		31  0	1.454
		32  1	8.04
		33  0	4.809
		34  1	-3.947

node  6		 link	 weight	 bias -9.983
		1  0	4.962
		2  1	1.915
		3  0	8.386
		4  1	-2.235
		5  0	-3.715
		6  0	5.058
		7  0	-5.296
		8  0	2.692
		9  1	0.178
		10  0	-7.913
		15  1	0.983
		16  1	-2.041
		17  0	3.486
		18  0	4.224
		19  0	-8.795
		20  1	-1.152
		21  1	1.395
		22  0	-11.04
		23  0	-0.295
		24  0	-4.927
		25  1	-11.001
		26  0	-2.4
		27  0	0.94
		28  0	-5.294
		29  1	-0.781
		30  0	0.397001
		31  1	-2.456
		32  1	-1.549
		33  1	-3.799
		34  0	-1.127

node  7		 link	 weight	 bias -62.769
		1  1	-4.679
		2  0	5.103
		3  0	2.213
		4  1	2.654
		5  1	1.92
		6  1	13.699
		7  0	-6.05
		8  1	9.629
		9  1	5.958
		10  0	-1.891
		15  1	-7.995
		16  1	-0.714
		17  1	-0.506
		18  0	-0.226
		19  1	8.255
		20  1	-5.159
		21  0	-6.348
		22  0	-7.979
		23  0	2.602
		24  0	-3.088
		25  0	-2.556
		26  0	-0.275
		27  1	12.812
		28  0	-15.704
		29  1	1.076
		30  0	2.222
		31  0	-3.545
		32  1	-3.588
		33  0	-8.771
		34  0	0.733

node  8		 link	 weight	 bias -18.463
		1  1	-4.007
		2  0	6.303
		3  1	-4.265
		4  1	-4.895
		5  0	-6.155
		6  1	4.228
		7  1	3.542
		8  1	0.615
		9  1	14.913
		10  0	-0.108
		15  0	-3.088
		16  0	1.387
		17  1	-1.265
		18  0	-0.144
		19  1	7.102
		20  0	-10.369
		21  0	3.445
		22  0	-0.111
		23  1	-7.608
		24  0	-2.873
		25  1	-6.769
		26  0	-6.839
		27  0	-4.405
		28  1	-10.791
		29  1	-8.682
		30  0	-9.705
		31  1	1.633
		32  1	13.174
		33  0	6.479
		34  1	-2.246

node  9		 link	 weight	 bias -47.977
		1  1	-6.564
		2  0	5.718
		3  0	-0.465
		4  1	-2.692
		5  0	-6.001
		6  0	-4.244
		7  1	-3.136
		8  1	-3.335
		9  0	-8.499
		10  1	2.769
		15  1	-5.76
		16  0	-7.774
		17  1	-8.504
		18  0	1.372
		19  0	-0.776
		20  1	2.244
		21  1	1.684
		22  1	-7.437
		23  1	0.715
		24  0	0.475
		25  0	4.88
		26  1	0.389
		27  0	-6.513
		28  0	-5.89
		29  0	0.708
		30  0	-2.18
		31  1	-1.398
		32  1	-2.032
		33  0	3.034
		34  1	6.175

node  10		 link	 weight	 bias -27.724
		1  0	-10.045
		2  0	-0.148
		3  1	-6.795
		4  1	-6.206
		5  1	-8.358
		6  0	3.129
		7  1	-0.584
		8  0	4.028
		9  0	-2.084
		10  1	0.887
		15  1	6.591
		16  1	4.758
		17  0	-1.351
		18  0	0.989
		19  1	8.174
		20  0	-1.205
		21  1	-0.417
		22  1	-2.033
		23  1	-5.023
		24  0	-3.271
		25  1	6.409
		26  1	-7.04
		27  0	-0.656
		28  1	2.222
		29  1	0.8
		30  1	-2.683
		31  1	0.582
		32  0	-11.799
		33  1	5.391
		34  1	3.618


 Layer 5

node  1		 link	 weight	 bias -2.456
		1  0	5.804
		2  1	0.02
		3  0	-0.25
		4  0	5.159
		5  0	-0.255
		6  0	-2.189
		7  1	-2.621
		8  0	0.605
		9  0	-7.987
		10  0	-12.867
		15  0	1.673
		16  0	-8.093
		17  0	3.143
		18  0	4.519
		19  0	6.151
		20  0	-5.111
		21  0	-3.236
		22  0	5.442
		23  0	1.002
		24  0	1.079
		25  0	17.626
		26  0	-1.111
		27  1	-2.063
		28  0	-5.354
		29  0	0.799
		30  0	1.38
		31  1	0
		32  0	1.929
		33  0	1.971
		34  0	-2.914
		35  0	6.344
		36  0	-1.975
		37  0	-1.733
		38  0	0.212
		39  0	-5.874
		40  0	-4.257
		41  0	-1.16
		42  1	-0.00699997
		43  0	-0.939
		44  0	-3.072

node  2		 link	 weight	 bias -3.327
		1  0	0.983
		2  0	-4.513
		3  0	2.801
		4  0	-13.518
		5  0	-12.212
		6  0	-5.705
		7  0	-4.284
		8  0	0.368
		9  0	5.853
		10  0	0.158
		15  0	-0.767
		16  1	-2.189
		17  0	-7.16
		18  0	-1.527
		19  0	0.496
		20  0	-0.922
		21  0	0.027
		22  0	4.572
		23  1	0.59
		24  0	-2.219
		25  0	-1.493
		26  0	-5.107
		27  0	3.621
		28  0	-1.755
		29  0	-4.022
		30  0	-1.495
		31  0	9.24
		32  0	-0.892
		33  0	-0.315
		34  0	-9.576
		35  0	-5.594
		36  0	3.387
		37  0	-3.321
		38  0	-7.736
		39  0	1.6
		40  0	8.559
		41  0	-4.482
		42  0	-15.663
		43  0	-1.873
		44  0	9.15

node  3		 link	 weight	 bias 0.449001
		1  0	-6.357
		2  1	-0.429
		3  0	3.516
		4  0	7.457
		5  0	4.237
		6  0	1.772
		7  0	-3.324
		8  1	2.224
		9  0	4.372
		10  0	1.413
		15  0	-6.725
		16  0	0.990001
		17  0	-0.17
		18  0	5.012
		19  0	3.039
		20  0	-0.000999928
		21  0	0.143
		22  0	-5.717
		23  0	-4.057
		24  0	-3.742
		25  0	-6.353
		26  0	1.376
		27  0	-6.035
		28  0	-1.111
		29  0	0.699
		30  0	-7.235
		31  0	7.074
		32  0	-9.474
		33  0	9.407
		34  0	2.638
		35  0	12.777
		36  0	-0.878
		37  0	0.0390003
		38  0	-3.519
		39  0	-6.483
		40  1	-0.0569999
		41  0	-5.344
		42  0	-14.293
		43  0	-9.488
		44  0	0.38

node  4		 link	 weight	 bias 1.982
		1  0	-3.109
		2  0	-3.402
		3  0	2.073
		4  1	2.815
		5  0	-4.579
		6  1	0.769
		7  0	-6.79
		8  0	-1.944
		9  0	3.844
		10  0	-0.0329995
		15  0	-1.478
		16  0	-4.606
		17  0	-0.522
		18  0	-1.885
		19  1	0.036
		20  0	-1.373
		21  0	9.963
		22  0	2.76
		23  0	0.715
		24  1	0.04
		25  1	0.163
		26  0	-0.986
		27  0	0.514
		28  0	-0.41
		29  0	-1.208
		30  0	-0.0600007
		31  0	-14.374
		32  0	5.885
		33  0	-1.425
		34  0	-0.834
		35  0	-3.516
		36  0	-5.617
		37  0	-2.951
		38  0	3.278
		39  0	-3.504
		40  0	-2.942
		41  0	5.938
		42  0	0.395
		43  0	2.34
		44  0	-1.398
