
======================================================
Score	1.06005e+10
Z	2.69338e-06
alpha	-5.90787
betta	1.59648
gamma	0.131646
Vx	-2.77033
Vy	0.124611
Vz	-0.059269
engIng	0
cFuel	399
tfuel	235.184
======================================================

Initial Parametrs
rOa	{ 122 ; 119 ; -149 }

V	{ 11 ; 17 ; 0 }

w	{ -0.05 ; 0.25 ; 0.35 }

alpha	-0.082
betta	-0.295
gamma	0.284
======================================================

 Layer 2

node  1		 link	 weight	 bias -50.062
		1  0	-1.65
		2  0	-1.126
		3  1	-0.335
		4  1	6.387
		5  1	-0.464
		6  1	3.953
		7  0	-6.581
		8  1	-5.545
		9  1	1.671
		10  1	-2.273

node  2		 link	 weight	 bias -39.609
		1  0	0.984
		2  1	-6.184
		3  0	-4.461
		4  0	-2.06
		5  1	1.882
		6  0	-4.845
		7  0	-1.388
		8  1	-1.792
		9  0	3.617
		10  0	-1.27

node  3		 link	 weight	 bias -4.042
		1  0	1.065
		2  0	-1.688
		3  1	-2.277
		4  0	3.522
		5  0	-3.348
		6  0	-1.359
		7  0	5.567
		8  0	-0.974
		9  1	2.39
		10  0	-1.94

node  4		 link	 weight	 bias -22.772
		1  0	-3.751
		2  1	-1.246
		3  0	-1.463
		4  0	1.655
		5  1	2.152
		6  1	-4.977
		7  1	-4.603
		8  0	0.271
		9  1	0.802
		10  0	-1.527

node  5		 link	 weight	 bias 2.329
		1  0	3.067
		2  1	-2.063
		3  1	-3.132
		4  1	1.422
		5  0	-1.387
		6  1	-4.863
		7  1	-0.158
		8  1	-4.121
		9  1	1.303
		10  0	0.0879997

node  6		 link	 weight	 bias -72.197
		1  0	1.593
		2  1	4.061
		3  1	-2.833
		4  1	-9.76
		5  1	-0.712
		6  1	-7.228
		7  1	6.205
		8  1	1.207
		9  0	-0.561
		10  1	-1.701

node  7		 link	 weight	 bias 9.983
		1  1	-4.934
		2  0	-0.746
		3  0	-1.299
		4  1	2.238
		5  1	-4.23
		6  1	9.095
		7  0	-9.971
		8  0	-1.704
		9  0	-3.509
		10  1	0.478

node  8		 link	 weight	 bias -31.293
		1  0	-2.535
		2  1	0.893
		3  1	-1.39
		4  0	4.233
		5  1	-5.253
		6  1	-7.028
		7  0	-2.05
		8  1	-1.388
		9  0	2.121
		10  1	-6.722

node  9		 link	 weight	 bias -12.237
		1  1	4.732
		2  0	0.776
		3  1	-3.85
		4  0	4.442
		5  0	-3.756
		6  1	2.714
		7  1	-1.929
		8  0	1.783
		9  0	-7.232
		10  1	-1.403

node  10		 link	 weight	 bias -15.489
		1  1	1.575
		2  1	3.464
		3  0	1.645
		4  0	-5.39
		5  0	5.2
		6  0	-13.992
		7  0	3.782
		8  1	-0.0700002
		9  0	-0.322
		10  0	0.195


 Layer 3

node  1		 link	 weight	 bias -16.391
		1  1	0.178
		2  0	-0.809
		3  0	4.637
		4  0	-0.0990001
		5  0	-3.505
		6  1	2.111
		7  1	-2.269
		8  0	-3.656
		9  1	3.55
		10  1	-2.485
		15  0	1.629
		16  1	-4.333
		17  1	-1.425
		18  1	1.125
		19  0	1.953
		20  0	2.427
		21  1	-7.929
		22  1	-3.037
		23  0	-0.0780001
		24  1	-0.177

node  2		 link	 weight	 bias -1.828
		1  0	-0.65
		2  0	0.304
		3  1	1.53
		4  0	1.293
		5  0	0.197
		6  0	7.905
		7  0	0
		8  0	-0.302
		9  0	0.0619997
		10  0	0.678
		15  0	-4.247
		16  0	2.19
		17  0	-7.028
		18  0	1.941
		19  0	0.729
		20  0	2.317
		21  0	2.954
		22  0	-1
		23  0	0.00300014
		24  1	0.223

node  3		 link	 weight	 bias 0.234
		1  0	0.576
		2  0	-0.635
		3  0	-0.728
		4  0	0.0910003
		5  1	0.315
		6  1	1.18
		7  0	2.244
		8  0	-3.179
		9  0	-0.885
		10  0	5.484
		15  1	0
		16  1	-0.0179999
		17  1	3.39
		18  1	0.138
		19  0	1.039
		20  1	-0.408
		21  0	0.379
		22  0	0.214
		23  0	0
		24  1	1.444

node  4		 link	 weight	 bias -0.519
		1  0	-2.356
		2  1	1.262
		3  1	-0.00399983
		4  0	1.082
		5  0	-0.127
		6  1	-1.53
		7  0	-1.423
		8  0	-4.189
		9  0	-2.458
		10  0	-1.777
		15  0	-1.394
		16  1	-3.143
		17  1	5.072
		18  1	1.801
		19  1	6.115
		20  0	0.0300002
		21  1	-7.5
		22  0	-0.223
		23  1	0.166
		24  1	3.693

node  5		 link	 weight	 bias -10.676
		1  1	-0.367
		2  0	-6.712
		3  1	1.914
		4  0	-0.766
		5  1	-8.109
		6  0	-0.539
		7  1	-4.029
		8  1	-1.892
		9  0	2.304
		10  0	-1.159
		15  1	0.0840002
		16  0	1.372
		17  0	1.077
		18  0	2.612
		19  0	-3.801
		20  0	-1.182
		21  1	-5.831
		22  1	1.031
		23  0	-0.522
		24  1	1.348

node  6		 link	 weight	 bias -59.024
		1  0	1.385
		2  1	-0.918
		3  0	-4.857
		4  1	0.902
		5  1	3.891
		6  1	-3.346
		7  0	2.019
		8  1	-4.391
		9  1	-0.491
		10  0	-5.068
		15  0	-1.914
		16  1	-2.929
		17  1	-1.412
		18  0	-3.641
		19  1	0.822
		20  1	-3.921
		21  0	-0.18
		22  1	1.194
		23  1	2.299
		24  0	1.876

node  7		 link	 weight	 bias -47.309
		1  1	-4.701
		2  1	-2.172
		3  0	0.307
		4  0	-3.345
		5  1	-3.839
		6  1	5.601
		7  1	-2.554
		8  0	-0.922
		9  1	-6.963
		10  0	-3.167
		15  0	1.681
		16  0	-2.72
		17  1	-6.291
		18  0	2.085
		19  1	-1.704
		20  1	-1.632
		21  1	-3.189
		22  1	4.803
		23  1	-0.0190001
		24  0	4.552

node  8		 link	 weight	 bias -45.991
		1  0	-0.822
		2  0	1.253
		3  1	0.195
		4  1	-1.761
		5  1	-3.656
		6  0	0.862
		7  1	-1.977
		8  0	-5.145
		9  0	-0.308
		10  0	1.704
		15  1	1.684
		16  1	-1.705
		17  0	5.467
		18  0	-2.605
		19  0	-5.126
		20  1	1.027
		21  0	1.044
		22  0	-3.669
		23  1	4.218
		24  0	1.426

node  9		 link	 weight	 bias -72.733
		1  1	-2.098
		2  1	-0.847
		3  1	0.788
		4  0	-4.186
		5  0	8.962
		6  1	0.639
		7  1	-4.893
		8  0	-3.75
		9  0	1.044
		10  1	0.256
		15  1	-3.097
		16  1	-1.624
		17  1	-3.337
		18  1	3.471
		19  0	3.664
		20  1	-4.641
		21  1	-2.974
		22  1	-1.027
		23  1	-2.653
		24  0	-0.628

node  10		 link	 weight	 bias -0.362
		1  0	0
		2  0	-7.057
		3  1	0
		4  0	-3.099
		5  0	1.235
		6  1	1.165
		7  0	0.928
		8  0	-0.0710002
		9  0	-3.886
		10  0	-5.419
		15  0	2.22
		16  0	0
		17  0	3.852
		18  0	2.216
		19  0	0.931
		20  0	0.535
		21  0	-0.976
		22  0	0.732
		23  0	-0.39
		24  0	-4.78


 Layer 4

node  1		 link	 weight	 bias -0.240999
		1  0	4.362
		2  1	0.898
		3  0	-5.481
		4  1	-5.494
		5  0	1.627
		6  0	-1.341
		7  0	0.47
		8  0	1.376
		9  1	-0.219
		10  1	0.0580004
		15  0	-2.963
		16  1	-7.189
		17  1	2.943
		18  1	-5.422
		19  1	-2.213
		20  1	-6.426
		21  1	1.431
		22  1	-0.95
		23  0	1.342
		24  0	1.485
		25  1	2.671
		26  0	-4.128
		27  0	6.846
		28  1	-1.836
		29  1	6.503
		30  0	4.039
		31  1	5.039
		32  1	1.315
		33  0	-1.097
		34  0	10.959

node  2		 link	 weight	 bias 6.688
		1  1	-6.123
		2  0	5.189
		3  1	-1.236
		4  0	0.239
		5  0	1.287
		6  1	-0.0179998
		7  0	3.108
		8  0	2.866
		9  0	0.175
		10  1	1.274
		15  1	-4.191
		16  0	-2.946
		17  0	-3.534
		18  1	1.28
		19  1	0.757
		20  1	-1.686
		21  0	-1.915
		22  0	0.202
		23  1	-2.506
		24  1	-3.556
		25  1	-3.356
		26  0	-0.284
		27  1	1.953
		28  1	-2.196
		29  1	3.502
		30  1	2.049
		31  0	-2.031
		32  1	-0.203
		33  0	4.333
		34  1	4.931

node  3		 link	 weight	 bias -22.794
		1  0	-5.152
		2  1	-2.155
		3  0	-4.217
		4  1	-1.265
		5  1	4.125
		6  1	3.751
		7  0	-5.803
		8  1	-3.245
		9  1	0.229
		10  1	-0.627
		15  0	-5.366
		16  0	1.017
		17  0	-1.507
		18  0	-0.877
		19  0	0.0720003
		20  1	2.687
		21  0	-2.921
		22  1	-3.895
		23  0	-4.106
		24  0	1.836
		25  0	0.592
		26  1	-0.487
		27  1	3.461
		28  0	5.53
		29  1	6.233
		30  1	-4.184
		31  1	-2.758
		32  1	4.07
		33  1	-4.411
		34  1	0.08

node  4		 link	 weight	 bias 18.13
		1  1	-0.537
		2  1	-1.981
		3  1	-6.246
		4  1	2.824
		5  1	2.795
		6  0	0.104
		7  1	1.636
		8  1	0
		9  0	1.504
		10  0	1.521
		15  1	0.933
		16  1	-1.489
		17  0	0.102
		18  1	-1.071
		19  0	-1.075
		20  0	-0.474
		21  0	0.929
		22  0	-2.499
		23  0	4.41
		24  0	2.873
		25  1	-1.941
		26  1	0.0459999
		27  0	-2.848
		28  1	-3.677
		29  0	2.785
		30  0	0
		31  1	-0.183
		32  0	4.458
		33  1	0.849
		34  0	-4.648

node  5		 link	 weight	 bias 0.923998
		1  0	-1.893
		2  0	4.099
		3  1	-3.684
		4  0	2.451
		5  0	-3.017
		6  1	-0.984
		7  1	-3.921
		8  0	1.275
		9  1	2.923
		10  0	0.21
		15  0	5.719
		16  0	1.605
		17  0	3.073
		18  0	0.326
		19  0	0.0360001
		20  1	1.435
		21  0	4.264
		22  0	5.86
		23  1	-1.322
		24  0	-2.096
		25  1	10.654
		26  0	1.111
		27  1	0.464
		28  1	-0.802
		29  1	1.04
		30  1	-1.625
		31  1	1.125
		32  1	2.149
		33  0	-4.084
		34  0	-3.953

node  6		 link	 weight	 bias -37.149
		1  0	-0.0599998
		2  0	-1.452
		3  1	-2.703
		4  1	-3.79
		5  1	1.864
		6  1	1.972
		7  0	-3.553
		8  0	-3.299
		9  1	-3.821
		10  1	-5.137
		15  0	-1.796
		16  1	2.879
		17  1	-6.198
		18  0	-0.479
		19  1	-5.654
		20  0	1.766
		21  0	-5.159
		22  1	0.273
		23  1	-4.131
		24  0	-1.178
		25  1	1.869
		26  0	3.186
		27  1	-2.269
		28  0	5.743
		29  0	-1.157
		30  0	-5.193
		31  1	3.724
		32  1	-5.892
		33  0	0.0540001
		34  1	-2.708

node  7		 link	 weight	 bias -8.251
		1  1	0.955
		2  0	0.689
		3  0	-6.579
		4  0	2.514
		5  0	-0.333
		6  0	-1.419
		7  0	-5.794
		8  0	-3.183
		9  1	-2.342
		10  1	0.581
		15  0	2.612
		16  1	0.238
		17  1	-2.705
		18  1	-2.488
		19  1	-0.262
		20  1	1.325
		21  0	2.582
		22  0	-5.113
		23  0	-0.462
		24  0	1.601
		25  0	-0.475
		26  1	4.474
		27  1	-3.967
		28  1	-5.634
		29  1	-2.111
		30  1	3.09
		31  0	7.038
		32  0	0.493
		33  1	4.548
		34  1	0.62

node  8		 link	 weight	 bias -49.625
		1  0	4.847
		2  1	3.975
		3  0	-3.977
		4  1	1.738
		5  1	3.181
		6  1	5.227
		7  0	-9.606
		8  1	-1.599
		9  1	-1.553
		10  0	2
		15  0	-1.096
		16  1	3.859
		17  1	0.0550001
		18  0	-4.687
		19  1	4.51
		20  0	-4.565
		21  0	1.68
		22  1	-4.34
		23  1	1.153
		24  1	2.717
		25  0	1.286
		26  1	0.776
		27  1	-1.715
		28  0	-1.186
		29  0	-2.817
		30  0	-1.267
		31  1	-2.766
		32  0	-0.0230004
		33  0	4.581
		34  0	-6.271

node  9		 link	 weight	 bias -24.059
		1  0	-1.122
		2  1	4.712
		3  0	-3.399
		4  0	-0.205
		5  0	-1.342
		6  0	0.322
		7  0	-3.716
		8  1	4.425
		9  0	-3.101
		10  1	-1.197
		15  0	1.336
		16  1	8.612
		17  0	-3.713
		18  0	4.797
		19  1	1.596
		20  0	4.811
		21  1	-2.297
		22  0	0.161
		23  1	4.201
		24  1	0.586
		25  0	3.648
		26  0	7.082
		27  1	-7.283
		28  0	1.25
		29  0	-0.809
		30  0	-0.879
		31  0	-4.511
		32  0	-0.898
		33  1	-2.291
		34  1	-1.004

node  10		 link	 weight	 bias -23.239
		1  1	-4.961
		2  1	0.938
		3  1	1.305
		4  1	-0.355
		5  1	-7.539
		6  0	0.657
		7  1	3.669
		8  1	-5.124
		9  0	-6.034
		10  1	1.248
		15  1	3.569
		16  1	-2.407
		17  0	-0.0999998
		18  1	-1.67
		19  0	-1.759
		20  0	1.197
		21  1	-2.472
		22  0	7.908
		23  1	-2.237
		24  1	-3.034
		25  0	-7.11
		26  1	4.436
		27  0	-2.945
		28  1	3.362
		29  0	-2.465
		30  0	-2.718
		31  0	0.618
		32  1	0.163
		33  1	-6.099
		34  0	6.39


 Layer 5

node  1		 link	 weight	 bias -6.082
		1  0	-1.374
		2  0	0.649
		3  1	0
		4  1	0.463
		5  0	-1.64
		6  0	-3.644
		7  1	-1.983
		8  0	1.72
		9  0	1.281
		10  0	-2.198
		15  0	-4.293
		16  0	-4.996
		17  0	-4.7
		18  0	-0.357
		19  0	4.186
		20  0	-7.414
		21  1	0.03
		22  0	-2.356
		23  0	2.184
		24  0	-0.412
		25  0	2.844
		26  0	1.807
		27  1	0.544
		28  0	-9.392
		29  0	8.714
		30  0	-4.398
		31  0	4.163
		32  1	-0.554
		33  0	-0.204
		34  0	1.477
		35  0	1.82
		36  0	0.811
		37  0	-0.179
		38  1	1.647
		39  1	0
		40  0	3.719
		41  1	-0.0310001
		42  1	-0.761
		43  0	4.39
		44  0	-12.232

node  2		 link	 weight	 bias 2.847
		1  0	2.867
		2  0	-3.454
		3  0	-4.785
		4  1	0
		5  0	1.476
		6  0	-0.776
		7  1	1.308
		8  0	-3.476
		9  0	-2.656
		10  0	-1.757
		15  0	-1.948
		16  0	0.249
		17  0	-1.929
		18  0	-10.675
		19  0	0.049
		20  0	-0.236
		21  0	-4.88
		22  0	-3.023
		23  0	-1.788
		24  0	-2.584
		25  0	-2.645
		26  1	-1.56
		27  0	1.999
		28  0	1.316
		29  0	5.136
		30  0	2.238
		31  0	0.529
		32  0	0.402
		33  0	-0.467
		34  1	0.448
		35  1	0
		36  0	2.574
		37  0	-2.674
		38  0	2.89
		39  0	-7.56
		40  0	2.338
		41  0	-0.76
		42  0	-0.13
		43  0	-3.991
		44  1	0

node  3		 link	 weight	 bias -0.467
		1  0	-5.243
		2  0	0.124
		3  0	3.082
		4  0	5.227
		5  1	2.119
		6  1	-4.445
		7  0	-4.083
		8  1	0.98
		9  0	-2.754
		10  0	-5.404
		15  0	-3.282
		16  0	-4.78
		17  1	-0.0829999
		18  0	-2.469
		19  0	1.561
		20  0	0.056
		21  0	-6.768
		22  1	0
		23  1	-0.00399983
		24  0	3.514
		25  0	-2.037
		26  0	2.1
		27  0	-0.166
		28  0	-5.222
		29  0	1.54
		30  1	-0.00400019
		31  0	1.592
		32  0	3.072
		33  0	-3.967
		34  0	1.427
		35  0	-3.512
		36  0	-3.786
		37  0	5.117
		38  1	-0.417
		39  0	-0.726
		40  1	-0.02
		41  0	-2.34
		42  0	1.18
		43  0	2.093
		44  0	0

node  4		 link	 weight	 bias 0.698
		1  1	0
		2  0	-2.832
		3  0	0.118
		4  0	-3.658
		5  0	0.0969996
		6  1	0.81
		7  0	1.49
		8  0	5.835
		9  0	1.849
		10  0	-3.18
		15  0	-1.165
		16  0	-6.867
		17  1	-0.742
		18  0	-0.557
		19  0	-2.05
		20  0	2.695
		21  0	-7.869
		22  0	0.492
		23  1	0
		24  0	4.743
		25  0	1.986
		26  0	-6.946
		27  0	-1.211
		28  0	2.449
		29  0	-4.052
		30  0	1.707
		31  0	4.417
		32  0	-2.023
		33  0	-1.225
		34  0	6.119
		35  0	1.242
		36  0	-3.868
		37  0	1.761
		38  0	2.053
		39  0	-2.524
		40  0	-2.757
		41  0	-0.0860004
		42  0	-6.455
		43  0	0
		44  1	0
