
======================================================
Score	5.36914e+14
Z	0.000876309
alpha	-1.79133
betta	-0.0592239
gamma	-0.0437273
Vx	-0.175304
Vy	-0.0225974
Vz	-0.0275173
engIng	0
cFuel	93
tfuel	192.778
======================================================

Initial Parametrs
rOa	{ 143 ; 194 ; -59 }

V	{ 11 ; 0 ; 5 }

w	{ -0.29 ; -0.37 ; 0.19 }

alpha	0.131
betta	0.077
gamma	-0.302
======================================================

 Layer 2

node  1		 link	 weight	 bias -0.196
		1  0	-0.877
		2  0	-6.09
		3  0	3.139
		4  0	0
		5  1	-2.404
		6  0	3.256
		7  0	-9.065
		8  0	1.34
		9  0	-1.736
		10  0	0.423

node  2		 link	 weight	 bias -1.391
		1  0	-1.576
		2  0	-6.074
		3  1	-1.638
		4  0	-2.021
		5  1	0.22
		6  0	-4.635
		7  0	-4.451
		8  0	-8.587
		9  0	-4.908
		10  0	9.334

node  3		 link	 weight	 bias 20.473
		1  1	12.86
		2  0	-29.658
		3  1	-19.154
		4  0	0.977
		5  1	-1.533
		6  0	-1.754
		7  1	1.654
		8  0	2.84
		9  1	-55.195
		10  1	-41.319

node  4		 link	 weight	 bias -20.64
		1  1	0.0849999
		2  1	2.647
		3  1	1.998
		4  1	1.379
		5  0	-9.309
		6  1	-0.965
		7  0	-2.6
		8  0	0.448
		9  0	-0.359
		10  1	1.976

node  5		 link	 weight	 bias -0.496999
		1  0	0.586
		2  1	11.438
		3  1	0.367
		4  1	0.0179999
		5  0	2.72
		6  1	0.346
		7  0	-1.037
		8  1	-0.344
		9  1	4.262
		10  0	-2.699

node  6		 link	 weight	 bias -4.732
		1  1	-1.861
		2  0	-0.0339997
		3  1	-11.277
		4  0	1.225
		5  1	-3.002
		6  0	-16.127
		7  0	-2.476
		8  1	-2.114
		9  0	1.311
		10  0	-8.179

node  7		 link	 weight	 bias -36.729
		1  0	5.512
		2  0	2.397
		3  1	2.724
		4  1	-6.15
		5  0	5.159
		6  0	-4.69
		7  1	-3.632
		8  0	2.271
		9  1	-4.798
		10  0	2.596

node  8		 link	 weight	 bias -66.414
		1  1	-1.607
		2  0	7.081
		3  1	-13.671
		4  0	-6.892
		5  0	-0.821
		6  1	3.763
		7  1	-0.999
		8  0	-5.879
		9  1	-5.922
		10  1	-4.802

node  9		 link	 weight	 bias -4.514
		1  0	0.614
		2  0	-5.402
		3  1	-1.83
		4  0	-5.127
		5  0	-1.301
		6  0	1.694
		7  1	-4.586
		8  0	-4.594
		9  0	0.702
		10  1	-3.461

node  10		 link	 weight	 bias -3.973
		1  0	-0.854
		2  0	3.777
		3  1	5.869
		4  1	-3.315
		5  0	-10.255
		6  0	-7.954
		7  0	-3.949
		8  0	3.803
		9  1	-3.556
		10  1	6.533


 Layer 3

node  1		 link	 weight	 bias -0.278
		1  0	6.318
		2  1	-0.158
		3  0	-8.274
		4  0	-2.534
		5  0	-2.233
		6  0	-1.643
		7  0	-2.194
		8  0	0.0820001
		9  1	3.373
		10  0	-5.225
		15  1	1.139
		16  0	-7.033
		17  0	0.138
		18  0	-1.932
		19  0	-6.276
		20  0	-5.211
		21  0	2.714
		22  0	-0.519
		23  0	-2.326
		24  0	-5.669

node  2		 link	 weight	 bias -11.658
		1  1	-1.97
		2  0	-4.927
		3  1	-3.331
		4  1	-2.427
		5  1	3.392
		6  0	-4.522
		7  0	-6.306
		8  0	0.326
		9  0	0.414
		10  0	2.698
		15  1	0.398
		16  1	-0.854
		17  0	-1.85
		18  0	0.342
		19  1	-5.376
		20  1	1.555
		21  0	-4.579
		22  0	-6.705
		23  1	5.552
		24  1	-1.614

node  3		 link	 weight	 bias 7.61
		1  1	2.706
		2  1	0.224
		3  0	0.847
		4  0	-5.142
		5  0	-0.987
		6  0	-2.347
		7  1	0.0770001
		8  0	-3.829
		9  1	0.419
		10  1	1.163
		15  0	3.038
		16  0	1.506
		17  1	-0.126
		18  1	5.239
		19  1	1.431
		20  0	-4.587
		21  0	1.859
		22  0	9.388
		23  0	-0.963
		24  0	-0.684

node  4		 link	 weight	 bias -5.227
		1  1	2.705
		2  1	8.303
		3  0	-2.263
		4  1	-8.394
		5  0	0.945
		6  0	-10.965
		7  1	-1.379
		8  0	-9.835
		9  1	-2.708
		10  0	-4.073
		15  0	5.324
		16  0	1.261
		17  1	10.946
		18  0	0.401
		19  1	1.664
		20  0	3.567
		21  0	5.185
		22  0	-5.447
		23  1	1.697
		24  1	-3.72

node  5		 link	 weight	 bias -66.96
		1  1	6.321
		2  1	-3.198
		3  0	-0.536
		4  0	2.786
		5  1	4.657
		6  1	1.86
		7  1	-7.442
		8  1	-0.935
		9  0	-1.128
		10  1	-6.382
		15  0	0.89
		16  0	6.307
		17  1	-4.519
		18  1	-0.563
		19  0	-4.143
		20  0	-5.628
		21  0	3.159
		22  0	6.098
		23  1	-3.35
		24  0	4.217

node  6		 link	 weight	 bias -5.163
		1  1	9.126
		2  0	-0.472
		3  1	-7.757
		4  0	2.142
		5  1	-5.66
		6  1	-1.038
		7  0	-5.931
		8  0	-4.769
		9  1	-5.361
		10  1	3.598
		15  1	-3.55
		16  1	1.726
		17  0	-4.15
		18  1	-2.667
		19  1	-8.095
		20  1	1.847
		21  1	3.763
		22  1	-3.671
		23  0	5.112
		24  1	1.414

node  7		 link	 weight	 bias -0.559003
		1  0	-1.287
		2  1	5.399
		3  0	1.136
		4  0	0.217
		5  0	5.48
		6  1	0.538
		7  0	4.969
		8  0	2.967
		9  0	-2.578
		10  1	0.462
		15  0	-4.7
		16  1	-0.18
		17  0	2.296
		18  1	0.477
		19  0	-1.449
		20  0	2.619
		21  1	2.704
		22  0	-1.926
		23  0	-3.412
		24  0	1.144

node  8		 link	 weight	 bias 6.55
		1  1	-0.946
		2  0	-3.582
		3  1	-3.57
		4  1	-6.478
		5  0	2.642
		6  0	-3.053
		7  0	5.898
		8  1	-4.438
		9  1	4.18
		10  0	-0.567
		15  0	5.426
		16  0	-0.452
		17  0	-2.696
		18  0	2.558
		19  0	-2.589
		20  0	7.432
		21  0	-5.727
		22  1	-1.548
		23  0	4.983
		24  0	-3.244

node  9		 link	 weight	 bias -1.568
		1  0	-2.845
		2  1	1.326
		3  0	-2.763
		4  0	-4.823
		5  0	2.404
		6  1	-10.155
		7  1	-0.104
		8  1	-7.889
		9  1	-2.783
		10  0	-2.611
		15  0	0.248
		16  1	6.292
		17  0	3.826
		18  1	0.103
		19  0	-8.994
		20  0	-5.592
		21  1	2.005
		22  0	-2.056
		23  0	-8.309
		24  0	4.795

node  10		 link	 weight	 bias -74.986
		1  0	6.013
		2  0	-2.915
		3  0	0.176
		4  0	-4.975
		5  0	-0.797
		6  0	3.92
		7  1	2.614
		8  1	-4.384
		9  0	-4.148
		10  0	-0.966
		15  0	7.83
		16  0	1.152
		17  1	-0.378999
		18  0	-8.004
		19  0	3.102
		20  0	-2.068
		21  1	2.436
		22  0	0.694
		23  1	0.921
		24  0	-11.365


 Layer 4

node  1		 link	 weight	 bias -12.467
		1  1	-7.701
		2  0	-0.673
		3  1	4.311
		4  1	3.99
		5  0	-1.531
		6  1	2.41
		7  0	1.717
		8  0	5.214
		9  1	1.573
		10  0	4.309
		15  1	-0.752
		16  1	-2.639
		17  0	-3.69
		18  1	4.802
		19  0	1.032
		20  0	-1.594
		21  1	-6.297
		22  0	-3.67
		23  1	-5.763
		24  0	-2.687
		25  0	7.862
		26  1	-2.831
		27  1	-1.703
		28  0	-5.202
		29  0	-2.624
		30  0	-2.263
		31  1	0.158999
		32  1	0.0760002
		33  1	-1.012
		34  0	10.358

node  2		 link	 weight	 bias -21.482
		1  1	-1.247
		2  1	-0.0429997
		3  0	7.712
		4  0	0.172
		5  0	-7.663
		6  1	-1.723
		7  1	-1.352
		8  0	-3.786
		9  1	-2.616
		10  1	-4.262
		15  1	1.585
		16  1	0.436
		17  1	-0.28
		18  1	-3.58
		19  1	3.158
		20  0	-2.951
		21  1	-8.585
		22  0	-4.64
		23  1	1.55
		24  0	10.349
		25  0	3.489
		26  1	-2.11
		27  0	-1.251
		28  1	-3.444
		29  1	-1.929
		30  1	2.345
		31  1	6.713
		32  1	-6.31
		33  0	3.54
		34  1	-5.402

node  3		 link	 weight	 bias -15.348
		1  0	-18.463
		2  1	-1.963
		3  0	-5.618
		4  0	-5.782
		5  1	2.045
		6  0	-3.922
		7  0	-0.543
		8  0	2.288
		9  1	-5.63
		10  1	6.661
		15  1	4.477
		16  1	0.165
		17  0	3.323
		18  1	3.998
		19  1	1.536
		20  0	-0.492
		21  0	-4.213
		22  1	2.789
		23  1	0.934
		24  1	7.719
		25  1	-0.00899994
		26  0	-3.45
		27  1	-3.549
		28  1	-2.713
		29  1	-2.031
		30  1	-5.744
		31  0	-6.012
		32  1	-5.168
		33  0	-3.813
		34  0	2.103

node  4		 link	 weight	 bias -22.912
		1  1	-0.388
		2  1	1.318
		3  1	-6.295
		4  1	0.574
		5  1	10.921
		6  1	2.119
		7  0	0.316
		8  0	-3.429
		9  1	-0.711
		10  1	-1.089
		15  1	-0.744
		16  1	2.816
		17  0	-0.556
		18  1	-0.491
		19  1	-8.132
		20  0	-3.102
		21  0	-3.886
		22  0	-5.285
		23  0	0.766
		24  0	0.691
		25  0	-2.311
		26  1	-3.713
		27  0	-0.355
		28  1	1.424
		29  1	8.09
		30  0	-1.62
		31  0	-4.824
		32  1	4.375
		33  1	-0.752
		34  1	-0.239

node  5		 link	 weight	 bias -40.455
		1  0	-1.952
		2  0	9.371
		3  1	-2.24
		4  0	-1.545
		5  0	5.316
		6  1	2.031
		7  0	-10.982
		8  1	0.0820004
		9  0	-6.91
		10  1	3.44
		15  0	-7.934
		16  0	-0.756
		17  0	-0.11
		18  0	3.55
		19  1	1.437
		20  0	1.367
		21  1	-4.887
		22  1	-5.677
		23  0	-0.463
		24  0	-3.798
		25  0	-1.245
		26  1	-5.61
		27  1	0.357
		28  1	-1.824
		29  1	2.45
		30  1	-0.887
		31  0	-0.576
		32  1	9.369
		33  0	2.137
		34  0	-1.779

node  6		 link	 weight	 bias -7.327
		1  0	2.206
		2  0	1.915
		3  0	9.733
		4  1	-1.18
		5  1	-1.672
		6  0	5.752
		7  0	-3.52
		8  1	2.692
		9  1	-0.445
		10  0	-6.639
		15  1	0.983
		16  1	-2.041
		17  0	0.283
		18  0	2.392
		19  0	-4.285
		20  0	-1.314
		21  0	1.395
		22  0	-8.277
		23  1	-0.544
		24  0	-1.079
		25  1	-12.988
		26  1	-1.428
		27  1	0.94
		28  0	-5.027
		29  0	-0.637
		30  0	2.625
		31  1	-2.456
		32  0	-1.549
		33  1	-3.799
		34  0	-1.728

node  7		 link	 weight	 bias -62.98
		1  0	-4.429
		2  0	0.854
		3  0	1.879
		4  1	2.016
		5  0	1.101
		6  1	13.699
		7  0	-5.613
		8  1	10.297
		9  0	5.121
		10  1	-1.651
		15  0	-7.995
		16  1	-0.714
		17  0	-0.506
		18  1	-0.49
		19  0	6.091
		20  1	-5.159
		21  1	-6.297
		22  0	-4.32
		23  1	1.675
		24  0	-2.801
		25  0	-4.126
		26  0	2.335
		27  1	11.971
		28  1	-12.839
		29  0	4.955
		30  1	4.879
		31  0	-4.487
		32  0	-4.945
		33  1	-7.083
		34  0	1.844

node  8		 link	 weight	 bias -11.706
		1  1	-4.049
		2  0	1.614
		3  1	-4.32
		4  1	-4.895
		5  0	-7.813
		6  0	2.415
		7  1	3.542
		8  1	-0.123
		9  1	14.753
		10  0	-0.294
		15  0	-3.088
		16  0	4.321
		17  1	-0.941
		18  0	-0.144
		19  1	5.622
		20  0	-7.969
		21  0	3.445
		22  1	-0.111
		23  1	-7.608
		24  1	-2.873
		25  1	-6.769
		26  1	-4.424
		27  0	-4.725
		28  1	-7.534
		29  0	-3.787
		30  1	-11.242
		31  0	1.026
		32  0	11.58
		33  0	8.075
		34  0	-0.0960003

node  9		 link	 weight	 bias -52.769
		1  0	-7.34
		2  1	3.015
		3  0	-1.541
		4  0	-6.823
		5  0	-6.001
		6  0	-2.406
		7  0	-3.217
		8  1	-0.874
		9  1	-6.455
		10  1	3.486
		15  1	-4.825
		16  1	-9.922
		17  1	-2.916
		18  0	-2.625
		19  1	-1.016
		20  1	-3.799
		21  0	1.684
		22  1	-5.071
		23  0	4.254
		24  0	-0.0669998
		25  0	3.839
		26  0	0.363
		27  0	-4.608
		28  1	-2.976
		29  1	-1.258
		30  1	-1.502
		31  0	-1.363
		32  1	-3.527
		33  1	0.789
		34  1	3.645

node  10		 link	 weight	 bias -33.295
		1  0	-10.045
		2  1	-0.148
		3  1	-4.443
		4  1	-3.908
		5  0	-9.324
		6  1	-0.978
		7  1	-2.2
		8  0	4.028
		9  1	-1.989
		10  1	2.141
		15  0	5.533
		16  0	5.388
		17  0	-2.098
		18  0	2.033
		19  0	6.04
		20  0	-3.996
		21  1	-3.637
		22  1	-4.38
		23  1	-5.392
		24  0	-2.078
		25  0	4.877
		26  1	-7.153
		27  0	-2.697
		28  0	1.293
		29  0	3.313
		30  1	-2.125
		31  1	0.582
		32  0	-4.212
		33  1	5.66
		34  1	6.766


 Layer 5

node  1		 link	 weight	 bias -2.455
		1  0	1.48
		2  1	0.02
		3  0	-2.247
		4  0	3.223
		5  0	-0.255
		6  0	-0.135
		7  1	-2.621
		8  0	-2.503
		9  0	-7.826
		10  0	-9.641
		15  0	0.101
		16  0	-4.12
		17  0	-1.149
		18  0	4.519
		19  0	5.179
		20  0	-6.694
		21  0	-2.324
		22  0	3.877
		23  0	1.002
		24  0	-0.767
		25  0	16.399
		26  0	-3.308
		27  1	-2.063
		28  0	-3.911
		29  0	1.688
		30  0	-2.714
		31  1	0
		32  0	-2.345
		33  0	-1.148
		34  0	-1.465
		35  0	5.939
		36  0	-3.781
		37  0	-4.461
		38  0	-2.177
		39  0	-4.39
		40  0	-3.576
		41  0	1.166
		42  1	-0.00699997
		43  0	-1.087
		44  0	-2.417

node  2		 link	 weight	 bias -3.327
		1  0	2.895
		2  0	-4.513
		3  0	5.006
		4  0	-13.518
		5  0	-12.642
		6  0	-4.726
		7  0	-4.687
		8  0	0
		9  0	5.853
		10  0	0.158
		15  0	-1.919
		16  1	-2.189
		17  0	-5.097
		18  0	-1.527
		19  0	-0.264
		20  0	1.579
		21  0	1.133
		22  0	4.572
		23  1	0.59
		24  0	-1.704
		25  0	-1.727
		26  0	-5.107
		27  0	0.31
		28  0	-0.759
		29  0	-6.085
		30  0	1.256
		31  0	10.755
		32  0	0.409
		33  0	-0.315
		34  0	-5.455
		35  0	-4.414
		36  0	3.387
		37  0	-0.817
		38  0	-1.892
		39  0	-0.84
		40  0	6
		41  0	-8.141
		42  0	-16.813
		43  0	0.00899982
		44  0	9.602

node  3		 link	 weight	 bias 0.449001
		1  0	-2.656
		2  1	-0.429
		3  0	4.341
		4  0	4.633
		5  0	3.767
		6  0	1.772
		7  0	-2.288
		8  1	2.224
		9  0	3.906
		10  0	3.076
		15  0	-5.272
		16  0	0.468001
		17  0	-2.314
		18  0	2.621
		19  0	3.039
		20  0	1.738
		21  0	-0.308
		22  0	-5.717
		23  0	-4.8
		24  0	-2.909
		25  0	-6.512
		26  0	1.834
		27  0	-8.091
		28  0	-2.456
		29  0	2.518
		30  0	-8.897
		31  0	8.218
		32  0	-7.663
		33  0	9.034
		34  0	2.745
		35  0	11.45
		36  0	1.392
		37  0	2.727
		38  0	-3.519
		39  0	-6.913
		40  1	-0.0569999
		41  0	-5.344
		42  0	-8.278
		43  0	-9.431
		44  0	-0.308

node  4		 link	 weight	 bias 1.982
		1  0	-3.109
		2  0	-4.588
		3  0	2.073
		4  1	2.815
		5  0	-5.516
		6  1	0.769
		7  0	-6.79
		8  0	0.366
		9  0	2.815
		10  0	2.447
		15  1	0
		16  0	-3.581
		17  0	-0.775
		18  0	-2.947
		19  1	0.036
		20  0	-3.191
		21  0	8.935
		22  0	1.03
		23  0	1.655
		24  1	0.04
		25  1	0.163
		26  0	-3.938
		27  0	-1.65
		28  0	-5.925
		29  0	1.244
		30  0	-0.577001
		31  0	-13.427
		32  0	4.698
		33  0	0
		34  0	-2.932
		35  0	-1.372
		36  0	-0.224
		37  0	-2.951
		38  0	3.278
		39  0	-3.504
		40  0	-2.586
		41  0	5.938
		42  0	0.531
		43  0	2.575
		44  0	-1.398
