
======================================================
Score	5.35889e+14
Z	0.00233913
alpha	-1.79133
betta	-0.0592239
gamma	-0.0437273
Vx	-0.176017
Vy	-0.0232215
Vz	-0.0280705
engIng	0
cFuel	93
tfuel	192.774
======================================================

Initial Parametrs
rOa	{ 143 ; 194 ; -59 }

V	{ 11 ; 0 ; 5 }

w	{ -0.29 ; -0.37 ; 0.19 }

alpha	0.131
betta	0.077
gamma	-0.302
======================================================

 Layer 2

node  1		 link	 weight	 bias -0.196
		1  0	1.212
		2  0	-4.573
		3  0	3.139
		4  0	0
		5  1	-2.404
		6  0	5.331
		7  0	-8.69
		8  0	1.34
		9  0	0.682001
		10  0	-1.89

node  2		 link	 weight	 bias -1.391
		1  0	-1.154
		2  0	-6.074
		3  1	-1.638
		4  0	-1.914
		5  1	0.22
		6  0	-4.635
		7  0	-3.672
		8  0	-8.587
		9  0	-4.908
		10  0	11.056

node  3		 link	 weight	 bias 17.564
		1  1	12.89
		2  0	-29.658
		3  1	-18.981
		4  0	0.977
		5  1	-1.533
		6  0	-0.991
		7  1	1.654
		8  0	2.84
		9  1	-53.272
		10  1	-37.38

node  4		 link	 weight	 bias -20.639
		1  1	0.0849999
		2  1	2.647
		3  1	1.998
		4  1	1.379
		5  0	-7.676
		6  1	-0.965
		7  0	-2.6
		8  0	0.448
		9  0	-0.359
		10  1	1.976

node  5		 link	 weight	 bias -0.492999
		1  0	0.586
		2  1	10.971
		3  1	0.367
		4  1	0.0179999
		5  0	4.223
		6  1	0.346
		7  0	-1.037
		8  1	-0.344
		9  1	3.986
		10  0	-2.699

node  6		 link	 weight	 bias 0.262999
		1  1	-1.341
		2  0	2.035
		3  1	-11.479
		4  0	2.285
		5  1	-3.002
		6  0	-16.127
		7  0	-2.476
		8  1	-1.901
		9  0	1.311
		10  0	-6.389

node  7		 link	 weight	 bias -43.892
		1  0	5.512
		2  0	4.634
		3  1	0.461
		4  1	-6.15
		5  0	5.159
		6  0	-4.69
		7  1	-3.632
		8  0	2.271
		9  1	-4.798
		10  0	2.596

node  8		 link	 weight	 bias -60.891
		1  1	-3.446
		2  0	5.509
		3  0	-13.671
		4  0	-6.892
		5  0	-0.821
		6  1	2.732
		7  1	-0.999
		8  0	-6.108
		9  1	-8.184
		10  1	-5.72

node  9		 link	 weight	 bias -4.557
		1  0	0.451
		2  0	-5.402
		3  1	-1.83
		4  0	-6.83
		5  0	-1.301
		6  0	-0.0079999
		7  1	-4.586
		8  0	-4.752
		9  0	0.702
		10  1	-3.461

node  10		 link	 weight	 bias -4.638
		1  0	-0.854
		2  0	3.777
		3  1	5.869
		4  1	-3.315
		5  0	-10.255
		6  0	-9.191
		7  0	-3.949
		8  0	3.803
		9  1	-3.556
		10  1	6.71


 Layer 3

node  1		 link	 weight	 bias -0.278
		1  0	6.843
		2  1	-0.158
		3  0	-6.543
		4  0	-0.831
		5  0	-2.233
		6  0	-4.61
		7  0	-1.632
		8  0	0.0820001
		9  1	3.373
		10  0	-5.225
		15  1	1.139
		16  0	-7.033
		17  0	0.781
		18  0	-1.396
		19  0	-6.276
		20  0	-2.735
		21  0	2.714
		22  0	-2.766
		23  0	-3.939
		24  0	-5.669

node  2		 link	 weight	 bias -13.284
		1  1	-1.97
		2  1	-6.955
		3  1	-3.331
		4  1	-2.361
		5  0	3.392
		6  0	-6.339
		7  0	-6.306
		8  0	-0.858
		9  0	0.414
		10  0	2.698
		15  1	0.398
		16  0	-0.854
		17  0	-4.196
		18  1	0.342
		19  1	-5.376
		20  1	0.0929999
		21  0	-2.297
		22  0	-7.356
		23  1	5.552
		24  0	-1.614

node  3		 link	 weight	 bias 7.616
		1  1	2.706
		2  1	0.224
		3  0	0.847
		4  0	-5.142
		5  0	-0.987
		6  0	0.0600001
		7  1	0.0770001
		8  0	-1.642
		9  1	0.419
		10  1	1.163
		15  0	3.038
		16  0	1.506
		17  1	-0.126
		18  1	5.239
		19  1	1.431
		20  0	-3.109
		21  0	1.859
		22  0	10.889
		23  0	-0.963
		24  0	-0.684

node  4		 link	 weight	 bias -10.995
		1  1	2.705
		2  0	5.731
		3  1	-0.0979998
		4  1	-9.58
		5  0	0.945
		6  1	-10.881
		7  0	-1.884
		8  0	-9.835
		9  1	0.646
		10  0	-4.073
		15  1	1.707
		16  1	1.261
		17  1	10.946
		18  0	0.401
		19  1	1.664
		20  0	3.567
		21  1	4.557
		22  1	-5.447
		23  0	1.697
		24  0	-2.29

node  5		 link	 weight	 bias -62.519
		1  1	6.321
		2  1	-1.511
		3  0	-0.536
		4  0	2.786
		5  1	3.504
		6  1	0.314
		7  1	-6.499
		8  1	-0.935
		9  1	-1.128
		10  0	-6.382
		15  0	0.89
		16  0	6.307
		17  0	-4.519
		18  1	-0.563
		19  0	-2.702
		20  1	-5.628
		21  0	1.766
		22  0	4.123
		23  1	-2.467
		24  0	6.165

node  6		 link	 weight	 bias 2.509
		1  1	9.126
		2  0	-0.472
		3  1	-7.757
		4  1	4.323
		5  0	-5.66
		6  1	-1.038
		7  0	-4.454
		8  0	-6.065
		9  1	-4.853
		10  1	3.99
		15  1	-3.55
		16  0	0.688
		17  0	-2.649
		18  1	-1.402
		19  1	-5.871
		20  1	-0.24
		21  0	2.856
		22  1	-4.193
		23  0	5.112
		24  1	1.414

node  7		 link	 weight	 bias 4.781
		1  1	-1.287
		2  1	5.399
		3  0	1.136
		4  1	0.217
		5  0	5.48
		6  1	0.538
		7  0	4.969
		8  0	2.967
		9  0	-2.578
		10  1	0.462
		15  1	-4.7
		16  1	-0.18
		17  0	1.27
		18  1	0.477
		19  0	-1.449
		20  1	2.619
		21  1	1.027
		22  1	-1.926
		23  0	-3.412
		24  0	-0.374

node  8		 link	 weight	 bias 9.119
		1  1	-0.946
		2  0	-3.582
		3  1	-3.57
		4  1	-6.478
		5  1	2.642
		6  0	-0.681
		7  0	5.898
		8  1	-4.438
		9  1	4.18
		10  0	-0.567
		15  1	5.426
		16  0	-1.375
		17  0	-1.319
		18  1	2.558
		19  1	-2.589
		20  0	8.192
		21  0	-5.727
		22  0	-3.695
		23  0	2.766
		24  0	-3.244

node  9		 link	 weight	 bias -5.949
		1  0	-1.561
		2  1	0.333
		3  0	-2.763
		4  0	-4.823
		5  0	2.404
		6  1	-8.29
		7  0	-0.104
		8  0	-8.421
		9  1	-2.783
		10  0	-2.611
		15  0	-1.495
		16  1	6.292
		17  0	4.058
		18  1	-1.993
		19  1	-6.385
		20  0	-5.592
		21  1	2.005
		22  0	-2.056
		23  0	-5.961
		24  0	4.795

node  10		 link	 weight	 bias -61.618
		1  0	7.325
		2  0	-2.915
		3  0	-1.424
		4  0	-4.975
		5  1	-0.797
		6  1	5.483
		7  1	2.614
		8  1	-4.384
		9  0	-4.148
		10  1	-0.966
		15  0	7.83
		16  0	-1.172
		17  1	-0.378999
		18  0	-8.004
		19  0	3.703
		20  1	-0.547
		21  0	3.79
		22  0	0.694
		23  0	-1.351
		24  1	-12.567


 Layer 4

node  1		 link	 weight	 bias -11.842
		1  0	-7.701
		2  0	-0.82
		3  1	4.311
		4  1	3.99
		5  0	-3.014
		6  0	1.087
		7  0	1.717
		8  1	3.253
		9  1	1.573
		10  1	5.392
		15  1	-1.431
		16  1	-1.836
		17  0	-3.69
		18  1	2.758
		19  0	1.696
		20  1	-1.352
		21  0	-6.297
		22  0	-3.67
		23  1	-5.763
		24  1	-2.687
		25  0	3.412
		26  1	-2.44
		27  0	-0.953
		28  0	-2.441
		29  0	-0.275
		30  0	-2.263
		31  1	0.158999
		32  1	0.0760002
		33  1	-1.012
		34  0	10.358

node  2		 link	 weight	 bias -19.446
		1  1	0.0589998
		2  1	-0.311
		3  0	7.412
		4  1	0.172
		5  0	-5.121
		6  1	-2.108
		7  1	-3.118
		8  0	-1.643
		9  1	-2.616
		10  1	-4.262
		15  0	1.585
		16  1	-1.455
		17  1	-0.881
		18  1	-3.58
		19  1	3.158
		20  0	-2.951
		21  1	-8.585
		22  0	-7.016
		23  0	1.55
		24  0	8.838
		25  0	5.569
		26  1	-2.11
		27  1	-1.343
		28  1	-3.444
		29  0	-1.929
		30  0	2.345
		31  0	6.446
		32  1	-6.31
		33  0	3.54
		34  0	-5.402

node  3		 link	 weight	 bias -3.821
		1  1	-14.036
		2  1	-1.963
		3  1	-5.618
		4  0	-5.782
		5  0	2.898
		6  0	-3.275
		7  0	-0.543
		8  0	2.288
		9  1	-5.63
		10  1	6.661
		15  1	4.477
		16  1	0.165
		17  0	3.323
		18  1	5.774
		19  1	1.536
		20  0	1.462
		21  0	-3.779
		22  0	1.682
		23  1	-1.839
		24  1	7.719
		25  1	-1.98
		26  0	-5.228
		27  0	-5.048
		28  0	-1.449
		29  1	-2.031
		30  1	-5.744
		31  0	-6.012
		32  0	-4.525
		33  0	-4.839
		34  0	3.458

node  4		 link	 weight	 bias -15.494
		1  1	-0.388
		2  1	3.545
		3  1	-6.142
		4  1	2.375
		5  1	9.356
		6  0	2.119
		7  0	0.316
		8  0	-3.429
		9  1	-0.711
		10  1	-0.00400031
		15  1	-0.744
		16  1	2.816
		17  0	1.153
		18  0	0.0340002
		19  0	-8.132
		20  0	-3.102
		21  0	-2.241
		22  0	-5.285
		23  0	2.665
		24  0	0.691
		25  1	-5.379
		26  1	-3.713
		27  1	-0.355
		28  1	1.424
		29  1	8.09
		30  0	-1.62
		31  1	-4.824
		32  1	4.375
		33  0	-0.752
		34  0	-0.239

node  5		 link	 weight	 bias -40.193
		1  0	-2.244
		2  0	9.371
		3  1	-2.24
		4  0	-1.545
		5  0	4.903
		6  1	2.031
		7  0	-10.982
		8  1	0.0820004
		9  0	-5.571
		10  1	3.44
		15  1	-7.934
		16  0	-0.756
		17  1	1.575
		18  0	3.55
		19  1	1.437
		20  1	-0.645
		21  1	-5.07
		22  1	-5.677
		23  0	-0.463
		24  0	-3.798
		25  0	-1.941
		26  1	-5.61
		27  0	0.357
		28  1	-1.824
		29  1	2.45
		30  1	0.162
		31  0	-0.576
		32  1	9.369
		33  0	2.137
		34  1	-2.368

node  6		 link	 weight	 bias -5.848
		1  0	3.613
		2  0	1.915
		3  0	12.06
		4  1	-1.818
		5  1	-1.672
		6  0	5.752
		7  0	-3.775
		8  1	2.692
		9  0	-0.448
		10  0	-6.639
		15  1	0.983
		16  1	-1.491
		17  1	0.283
		18  0	2.392
		19  0	-4.285
		20  0	-0.701
		21  0	1.395
		22  0	-8.277
		23  1	-0.544
		24  0	-1.079
		25  1	-11.157
		26  1	-1.428
		27  1	0
		28  0	-5.027
		29  0	-0.637
		30  0	3.09
		31  1	-2.456
		32  0	-3.833
		33  1	-3.799
		34  0	0.609

node  7		 link	 weight	 bias -60.946
		1  0	-4.429
		2  1	0.854
		3  1	1.879
		4  1	2.016
		5  0	2.628
		6  1	13.699
		7  0	-4.817
		8  0	10.297
		9  1	5.121
		10  1	-3.085
		15  0	-8.286
		16  1	-0.714
		17  0	-0.506
		18  1	0.122
		19  0	6.091
		20  1	-3.643
		21  1	-8.029
		22  0	-2.207
		23  1	1.675
		24  0	-2.801
		25  0	-4.126
		26  0	0.254
		27  1	11.231
		28  0	-11.113
		29  0	4.955
		30  1	3.986
		31  0	-4.487
		32  0	-2.567
		33  1	-7.083
		34  0	1.844

node  8		 link	 weight	 bias -8.423
		1  1	-1.874
		2  1	1.614
		3  1	-4.32
		4  1	-6.166
		5  0	-6.239
		6  1	2.415
		7  1	3.542
		8  1	-0.123
		9  1	14.753
		10  0	0.125
		15  0	-2.693
		16  0	2.48
		17  1	1.219
		18  0	-0.144
		19  1	7.051
		20  0	-6.463
		21  0	3.445
		22  1	-0.111
		23  1	-7.608
		24  1	-2.873
		25  1	-6.769
		26  1	-2.171
		27  0	-3.576
		28  1	-7.534
		29  0	-3.787
		30  1	-11.242
		31  0	1.814
		32  0	9.171
		33  0	6.583
		34  1	-1.605

node  9		 link	 weight	 bias -50.985
		1  0	-10.427
		2  0	3.015
		3  1	-1.541
		4  1	-8.743
		5  0	-4.667
		6  0	-2.406
		7  1	-3.217
		8  0	0.212
		9  1	-6.31
		10  1	3.486
		15  1	-6.883
		16  1	-9.932
		17  1	-2.916
		18  1	-2.625
		19  1	-1.016
		20  1	-3.799
		21  1	1.684
		22  0	-5.071
		23  0	2.401
		24  0	0.731
		25  0	3.711
		26  0	-1.076
		27  1	-4.608
		28  1	-2.976
		29  1	0.284
		30  0	-1.502
		31  1	1.408
		32  1	-1.638
		33  1	0.789
		34  0	3.645

node  10		 link	 weight	 bias -22.685
		1  0	-7.689
		2  1	-0.148
		3  1	-3.049
		4  1	-3.908
		5  0	-6.893
		6  0	-0.978
		7  1	-1.237
		8  0	4.028
		9  0	-1.082
		10  0	2.141
		15  0	5.533
		16  0	7.391
		17  1	-2.098
		18  0	2.033
		19  1	6.04
		20  1	-3.996
		21  1	-3.637
		22  1	-4.38
		23  1	-5.392
		24  0	-2.078
		25  0	4.877
		26  0	-7.153
		27  1	-2.697
		28  0	1.293
		29  1	3.313
		30  1	-2.125
		31  1	-0.559
		32  0	-4.212
		33  1	5.66
		34  1	6.766


 Layer 5

node  1		 link	 weight	 bias -2.455
		1  0	1.48
		2  1	0.02
		3  0	-2.247
		4  0	4.27
		5  0	-0.255
		6  0	-0.135
		7  1	-2.621
		8  0	-2.503
		9  0	-8.694
		10  0	-9.641
		15  0	1.182
		16  0	-4.12
		17  0	-1.149
		18  0	4.034
		19  0	4.669
		20  0	-6.694
		21  0	-2.045
		22  0	3.877
		23  0	1.002
		24  0	-0.767
		25  0	16.399
		26  0	-3.308
		27  1	-2.063
		28  0	-3.911
		29  0	1.688
		30  0	-2.714
		31  1	0
		32  0	-0.873999
		33  0	-2.646
		34  0	-1.465
		35  0	5.939
		36  0	-3.781
		37  0	-4.461
		38  0	-1.039
		39  0	-4.39
		40  0	-7.931
		41  0	1.459
		42  1	-0.00699997
		43  0	-1.451
		44  0	-2.417

node  2		 link	 weight	 bias -3.327
		1  0	2.895
		2  0	-4.513
		3  0	5.006
		4  0	-11.541
		5  0	-10.218
		6  0	-4.726
		7  0	-4.687
		8  0	0
		9  0	5.701
		10  0	1.255
		15  0	-1.919
		16  1	-2.189
		17  0	-5.097
		18  0	-0.764
		19  0	0.989
		20  0	1.46
		21  0	1.643
		22  0	4.572
		23  1	0.59
		24  0	-1.704
		25  0	0.471
		26  0	-5.107
		27  0	0.31
		28  0	-3.621
		29  0	-6.085
		30  0	3.405
		31  0	8.545
		32  0	0.409
		33  0	1.24
		34  0	-5.455
		35  0	-4.414
		36  0	2.734
		37  0	-0.817
		38  0	-1.892
		39  0	-0.84
		40  0	4.513
		41  0	-8.141
		42  0	-16.813
		43  0	0.00899982
		44  0	7.232

node  3		 link	 weight	 bias 0.449001
		1  0	1.414
		2  1	-0.429
		3  0	1.511
		4  0	3.905
		5  0	3.767
		6  0	1.772
		7  0	-2.288
		8  1	2.224
		9  0	3.906
		10  0	3.076
		15  0	-5.272
		16  0	-0.0129997
		17  0	-2.314
		18  0	2.621
		19  0	2.313
		20  0	1.738
		21  0	-0.557
		22  0	-5.717
		23  0	-4.8
		24  0	0.519
		25  0	-6.512
		26  0	-0.635
		27  0	-8.091
		28  0	-2.456
		29  0	2.099
		30  0	-8.652
		31  0	8.218
		32  0	-5.733
		33  0	9.034
		34  0	1.155
		35  0	11.636
		36  0	1.392
		37  0	2.441
		38  0	-3.519
		39  0	-7.342
		40  1	-0.0569999
		41  0	-7.369
		42  0	-9.101
		43  0	-9.431
		44  0	-0.308

node  4		 link	 weight	 bias 1.982
		1  0	-3.109
		2  0	-3.817
		3  0	2.073
		4  1	2.815
		5  0	-4.211
		6  1	0.769
		7  0	-6.79
		8  0	0.366
		9  0	2.815
		10  0	2.447
		15  1	0
		16  0	-3.581
		17  0	-0.775
		18  0	-2.947
		19  1	0.036
		20  0	-3.191
		21  0	8.935
		22  0	-0.513
		23  0	1.655
		24  1	0.04
		25  1	0.163
		26  0	-3.938
		27  0	-0.685
		28  0	-5.925
		29  0	0.326
		30  0	-0.577001
		31  0	-13.427
		32  0	5.821
		33  1	0
		34  0	-2.932
		35  0	-1.372
		36  0	-0.224
		37  0	-2.951
		38  0	2.688
		39  0	-1.57
		40  0	-2.586
		41  0	6.474
		42  0	0.531
		43  0	2.575
		44  0	-1.156
