
======================================================
Score	5.6887e+15
Z	0.0031317
alpha	0.0225341
betta	-0.0056164
gamma	-0.0524129
Vx	-0.363118
Vy	0.00411188
Vz	0.111499
engIng	0
cFuel	46
tfuel	177.754
======================================================

Initial Parametrs
rOa	{ 156 ; 24 ; -57 }

V	{ 12 ; 0.04 ; 0.01 }

w	{ 0.0042 ; -0.0012 ; -0.0049 }

alpha	-0.00041
betta	0.00287
gamma	0.00272
======================================================

 Layer 2

node  1		 link	 weight	 bias -93.56
		1  1	0.527
		2  1	-3.208
		3  0	-3.939
		4  1	7.72
		5  0	-0.864
		6  0	5.301
		7  1	-7.261
		8  1	-8.21
		9  1	-2.722
		10  1	-2.028

node  2		 link	 weight	 bias -7.984
		1  0	2.469
		2  0	-7.721
		3  1	-10.283
		4  0	1.092
		5  0	-0.401
		6  1	-7.16
		7  1	0.812
		8  0	-2.907
		9  1	10.931
		10  0	-2.901

node  3		 link	 weight	 bias -1.299
		1  0	-4.563
		2  1	-7.027
		3  1	-3.29
		4  0	3.522
		5  1	-3.541
		6  1	-2.993
		7  0	7.105
		8  0	-2.143
		9  0	4.259
		10  0	-1.089

node  4		 link	 weight	 bias -66.767
		1  0	-7.246
		2  0	-8.245
		3  1	1.54
		4  0	3.46
		5  1	5.281
		6  0	-5.493
		7  0	-3.05
		8  1	1.637
		9  0	5.049
		10  0	0.097

node  5		 link	 weight	 bias -1.311
		1  0	-3.346
		2  0	-5.504
		3  1	-1.79
		4  0	1.422
		5  0	-1.17
		6  0	-7.36
		7  1	-0.608
		8  1	3.517
		9  1	3.321
		10  0	-0.604

node  6		 link	 weight	 bias -74.852
		1  0	-4.125
		2  1	0.772
		3  1	0.378
		4  0	-8.561
		5  0	1.714
		6  1	-6.091
		7  0	9.291
		8  1	-3.232
		9  0	1.247
		10  1	-0.421

node  7		 link	 weight	 bias 23.49
		1  1	-7.962
		2  0	1.057
		3  1	-2.046
		4  1	1.542
		5  0	-11.483
		6  1	4.713
		7  1	-13.344
		8  0	-3.251
		9  0	-5.803
		10  1	-3.512

node  8		 link	 weight	 bias -55.032
		1  0	-4.963
		2  0	1.241
		3  0	-7.651
		4  0	4.455
		5  1	-9.159
		6  0	-6.383
		7  1	0.0940001
		8  0	0.0309998
		9  0	-2.405
		10  1	-6.104

node  9		 link	 weight	 bias -30.198
		1  0	4.07
		2  0	2.687
		3  1	-9.611
		4  0	1.509
		5  1	-5.812
		6  1	1.179
		7  0	-6.567
		8  1	4.784
		9  0	-3.891
		10  0	-2.989

node  10		 link	 weight	 bias -34.876
		1  1	3.61
		2  0	1.267
		3  1	6.646
		4  0	-7.922
		5  0	5.802
		6  0	-23.326
		7  0	6.717
		8  0	-2.283
		9  0	0.496
		10  1	-1.848


 Layer 3

node  1		 link	 weight	 bias -1.419
		1  0	1.516
		2  1	0.801
		3  0	7.481
		4  0	1.509
		5  1	-5.49
		6  0	2.52
		7  0	-4.501
		8  0	-7.012
		9  1	4.198
		10  1	-6.237
		15  0	3.016
		16  1	-2.224
		17  1	-6.337
		18  0	0.625
		19  0	1.795
		20  1	-1.183
		21  0	-13.29
		22  1	-3.037
		23  0	5.004
		24  1	-1.302

node  2		 link	 weight	 bias -4.656
		1  0	-0.0960003
		2  1	-0.389
		3  1	3.863
		4  1	-4.216
		5  1	12.143
		6  0	4.699
		7  1	-2.889
		8  1	-3.613
		9  0	-0.548
		10  0	-0.23
		15  0	-6.499
		16  0	1.809
		17  0	-7.028
		18  0	-1.742
		19  0	-0.118
		20  0	6.611
		21  0	4.032
		22  0	-1.169
		23  1	-1.71
		24  1	0.223

node  3		 link	 weight	 bias 2.553
		1  0	0.123
		2  0	3.823
		3  0	5.278
		4  1	0.0910003
		5  1	-0.72
		6  1	1.18
		7  0	1.045
		8  1	-2.37
		9  1	-2.814
		10  0	9.988
		15  1	0.407
		16  1	-0.0179999
		17  1	3.39
		18  0	1.811
		19  0	-2.183
		20  1	-0.218
		21  0	-0.468
		22  0	0.18
		23  0	-0.759
		24  1	0.601

node  4		 link	 weight	 bias -44.082
		1  1	-3.878
		2  1	1.656
		3  0	2.061
		4  0	5.712
		5  0	2.754
		6  0	2.155
		7  1	-5.394
		8  1	-9.021
		9  1	-1.659
		10  0	-3.222
		15  1	-2.786
		16  0	-2.732
		17  1	1.273
		18  0	-1.163
		19  1	7.305
		20  1	2.014
		21  0	-9.213
		22  0	-0.614
		23  1	-7.104
		24  0	3.409

node  5		 link	 weight	 bias -3.74
		1  1	-0.0310001
		2  1	-7.376
		3  0	2.714
		4  0	1.301
		5  1	-13.949
		6  1	-10.159
		7  1	-4.134
		8  1	-11.033
		9  1	-13.703
		10  1	-1.159
		15  0	-2.087
		16  0	3.843
		17  0	3.062
		18  0	0.491
		19  0	-5.089
		20  0	-3.219
		21  1	-5.977
		22  0	0.524
		23  0	-0.151
		24  1	0.128

node  6		 link	 weight	 bias -116.361
		1  1	-2.617
		2  1	-3.531
		3  0	0.199
		4  1	-1.316
		5  0	1.351
		6  1	-2.412
		7  0	-3.381
		8  0	-3.91
		9  0	-0.491
		10  0	-0.387
		15  0	-2.567
		16  1	-4.057
		17  1	-2.941
		18  1	-1.338
		19  1	0.921
		20  1	-5.15
		21  1	-7.317
		22  0	-3.182
		23  0	0.673
		24  1	-4.509

node  7		 link	 weight	 bias -29.592
		1  1	-7.032
		2  1	-2.293
		3  1	-0.61
		4  0	-1.779
		5  1	-2.806
		6  0	4.056
		7  1	-4.043
		8  1	-0.672
		9  1	-6.28
		10  1	-5.045
		15  0	-0.067
		16  1	-3.673
		17  1	-6.586
		18  0	5.622
		19  0	-0.804
		20  0	-0.547
		21  0	-0.494
		22  1	2.807
		23  1	-0.0190001
		24  0	1.547

node  8		 link	 weight	 bias -66.431
		1  0	1.262
		2  1	2.118
		3  0	-4.158
		4  1	-1
		5  0	-11.712
		6  0	2.653
		7  0	-1.41
		8  0	-7.086
		9  1	-2.69
		10  0	2.747
		15  1	0.03
		16  1	-3.464
		17  0	1.86
		18  1	0.237
		19  0	-8.751
		20  0	4.521
		21  1	0.368
		22  0	-0.653
		23  0	3.967
		24  1	0.862

node  9		 link	 weight	 bias -63.96
		1  0	-0.982
		2  1	-3.926
		3  0	-3.293
		4  1	-1.758
		5  0	10.945
		6  1	-8.596
		7  1	-4.236
		8  1	-2.116
		9  0	6.499
		10  1	0.256
		15  1	-2.871
		16  0	-2.125
		17  0	-9.496
		18  1	8.788
		19  1	4.08
		20  0	-6.832
		21  1	-4.928
		22  1	-0.261
		23  0	-2.838
		24  1	1.903

node  10		 link	 weight	 bias -14.469
		1  0	1.751
		2  1	-3.579
		3  0	-0.526
		4  0	-6.13
		5  0	-1.761
		6  1	3.785
		7  0	4.787
		8  0	-0.674
		9  1	-1.636
		10  0	-9.511
		15  0	2.58
		16  0	-5.493
		17  0	5.519
		18  1	1.99
		19  0	-2.261
		20  0	2.777
		21  0	-1.709
		22  0	-1.594
		23  0	-6.749
		24  1	1.434


 Layer 4

node  1		 link	 weight	 bias -5.88
		1  0	8.98
		2  1	-1.294
		3  0	-9.815
		4  0	-7.009
		5  0	1.615
		6  0	-1.305
		7  1	0.267
		8  0	-4.888
		9  1	-0.219
		10  0	-5.477
		15  1	-4.35
		16  1	-7.303
		17  1	3.616
		18  1	-5.658
		19  1	-4.526
		20  0	-7.291
		21  1	-0.935
		22  1	0.905
		23  1	3.49
		24  0	0.699
		25  0	2.09
		26  1	-6.03
		27  0	5.864
		28  0	0.599
		29  0	4.163
		30  0	3.76
		31  1	7.981
		32  1	1.318
		33  0	-0.792
		34  0	10.748

node  2		 link	 weight	 bias -10.978
		1  0	-2.88
		2  1	3.013
		3  0	2.872
		4  1	-1.225
		5  1	1.097
		6  0	-0.447
		7  0	1.836
		8  1	2.754
		9  1	-4.513
		10  0	0.308
		15  1	-9.115
		16  1	-4.389
		17  1	-5.807
		18  1	1.983
		19  0	-0.289
		20  0	-5.609
		21  1	-3.046
		22  0	-1.133
		23  1	0.114
		24  0	-1.153
		25  0	-2.924
		26  0	1.782
		27  1	2.848
		28  1	-6.515
		29  0	3.488
		30  1	1.678
		31  0	-1.387
		32  0	-1.214
		33  0	3.187
		34  1	6.307

node  3		 link	 weight	 bias -43.143
		1  0	-8.873
		2  1	-3.076
		3  0	-5.607
		4  1	-4.317
		5  1	3.561
		6  1	1.757
		7  1	-7.379
		8  1	-2.107
		9  1	-2.167
		10  0	0.494
		15  0	-5.234
		16  1	8.734
		17  0	0.218
		18  0	2.322
		19  1	-0.611
		20  0	6.079
		21  1	4.592
		22  1	-2.775
		23  1	-0.102
		24  1	1.643
		25  0	-0.54
		26  1	-6.102
		27  1	-2.61
		28  0	6.965
		29  1	2.973
		30  0	-5.149
		31  1	-3.868
		32  1	-0.462
		33  1	-4.583
		34  0	2.026

node  4		 link	 weight	 bias 12.443
		1  0	-3.707
		2  0	-2.137
		3  0	-5.391
		4  1	-1.983
		5  0	7.535
		6  1	3.754
		7  0	-2.03
		8  1	-8.23
		9  1	-4.269
		10  0	0.795
		15  0	3.027
		16  1	0.869
		17  1	1.451
		18  1	-0.294
		19  1	-0.539
		20  1	-3.058
		21  0	0.721
		22  0	-5.525
		23  1	4.822
		24  0	-1.056
		25  1	-1.941
		26  0	1.396
		27  0	-1.285
		28  0	-1.367
		29  1	6.143
		30  0	1.919
		31  0	2.794
		32  1	6.695
		33  0	1.167
		34  1	-8.731

node  5		 link	 weight	 bias 12.128
		1  1	-4.282
		2  1	6.743
		3  0	-2.563
		4  1	4.326
		5  0	-2.414
		6  0	-1.447
		7  1	-5.194
		8  1	-0.02
		9  1	2.923
		10  0	-1.639
		15  0	1.585
		16  0	1.703
		17  0	-0.82
		18  1	0.633
		19  0	1.982
		20  0	7.959
		21  0	4.264
		22  1	1.363
		23  0	-8.717
		24  0	-1.104
		25  1	9.407
		26  0	1.496
		27  1	1.618
		28  0	1.268
		29  0	-1.906
		30  1	0.695
		31  1	-1.727
		32  1	1.716
		33  1	-1.233
		34  0	-4.149

node  6		 link	 weight	 bias -17.922
		1  1	-1.562
		2  1	-0.281
		3  0	-1.193
		4  0	-3.522
		5  0	-0.556
		6  1	-0.244
		7  0	-9.451
		8  1	-10.694
		9  0	-4.519
		10  1	-4.74
		15  1	-4.167
		16  0	-0.309
		17  0	-2.406
		18  1	-3.259
		19  1	-3.618
		20  1	-0.783
		21  0	-5.225
		22  1	-1.839
		23  1	-5.745
		24  0	2.604
		25  1	1.221
		26  1	2.662
		27  0	-2.738
		28  1	5.113
		29  0	-0.215
		30  0	-1.753
		31  1	3.601
		32  1	-5.892
		33  0	-0.185
		34  1	0.0920002

node  7		 link	 weight	 bias -2.153
		1  1	0.955
		2  1	-5.508
		3  0	-6.141
		4  1	2.238
		5  1	-3.032
		6  0	-4.035
		7  0	-4.75
		8  1	-7.089
		9  0	-1.532
		10  1	0.581
		15  1	6.212
		16  1	0.238
		17  0	0.112
		18  1	-2.488
		19  0	-0.262
		20  1	1.325
		21  0	1.044
		22  1	-3.704
		23  0	-2.07
		24  0	6.126
		25  0	-1.969
		26  0	5.366
		27  0	-3.967
		28  0	-5.83
		29  0	-2.111
		30  1	1.833
		31  0	-4.805
		32  0	-1.455
		33  1	4.871
		34  1	0.715

node  8		 link	 weight	 bias -46.066
		1  0	4.576
		2  0	5.529
		3  0	-5.72
		4  0	-2.95
		5  1	4.311
		6  1	5.559
		7  1	-6.991
		8  1	-3.611
		9  1	-3.582
		10  0	5.625
		15  1	-1.296
		16  0	5.477
		17  1	1.162
		18  1	-4.111
		19  1	0.761
		20  0	-3.27
		21  0	1.273
		22  0	-7.456
		23  0	0.763
		24  0	4.791
		25  0	2.227
		26  1	1.839
		27  1	-1.515
		28  1	-1.949
		29  1	-3.647
		30  0	-1.686
		31  1	-5.882
		32  0	-3.967
		33  1	-1.488
		34  1	-8.394

node  9		 link	 weight	 bias -64.247
		1  0	-1.002
		2  0	3.109
		3  0	-7.715
		4  1	0.385
		5  0	-1.394
		6  0	-2.916
		7  1	-3.716
		8  1	2.833
		9  1	-2.057
		10  0	1.802
		15  1	-0.83
		16  1	5.913
		17  0	-1.156
		18  0	6.836
		19  0	-1.732
		20  1	0.678
		21  1	-3.082
		22  0	4.418
		23  0	5.442
		24  0	-2.478
		25  0	2.649
		26  1	7.603
		27  0	-6.183
		28  1	-0.187
		29  0	-3.903
		30  1	0.543
		31  0	-9.473
		32  0	-1.875
		33  1	-2.308
		34  1	0.5

node  10		 link	 weight	 bias -41.243
		1  0	-2.87
		2  0	1.049
		3  1	2.225
		4  0	-2.452
		5  0	-10.665
		6  1	0.656
		7  0	3.684
		8  1	-3.599
		9  0	0.193
		10  0	-1.873
		15  1	4.146
		16  1	-3.389
		17  0	0.579
		18  0	-2.268
		19  0	2.105
		20  0	7.542
		21  0	-3.175
		22  0	6.608
		23  1	-4.3
		24  1	-0.671
		25  1	-7.145
		26  1	5.398
		27  1	-4.781
		28  1	4.714
		29  0	-6.031
		30  0	-1.148
		31  0	1.978
		32  1	-1.015
		33  1	-6.722
		34  1	8.116


 Layer 5

node  1		 link	 weight	 bias -1.164
		1  0	-1.425
		2  0	3.553
		3  0	5.998
		4  1	0.463
		5  0	-2.41
		6  1	-7.908
		7  1	-1.983
		8  0	2.426
		9  0	0.716
		10  0	-1.295
		15  0	-13.061
		16  0	-9.61
		17  0	-6.166
		18  1	-0.76
		19  0	-5.07
		20  0	-5.208
		21  1	2.759
		22  0	1.872
		23  1	0.356
		24  0	0.565
		25  0	1.031
		26  0	-0.11
		27  1	1.194
		28  0	-9.576
		29  0	8.692
		30  0	-4.613
		31  0	1.093
		32  1	-0.554
		33  0	-1.526
		34  0	3.391
		35  0	0.022
		36  0	-1.167
		37  0	0.629
		38  1	1.7
		39  1	0
		40  1	3.719
		41  1	-0.0310001
		42  1	-0.761
		43  0	2.864
		44  0	-12.278

node  2		 link	 weight	 bias -0.757
		1  0	4.372
		2  0	-4.205
		3  0	-7.825
		4  1	-0.451
		5  0	-1.199
		6  1	-3.812
		7  1	1.308
		8  0	0.075
		9  0	-0.903
		10  0	-2.18
		15  0	0.0710001
		16  0	1.247
		17  0	-6.265
		18  0	-10.649
		19  0	2.468
		20  0	-1.566
		21  0	-4.686
		22  0	-1.846
		23  0	0.872
		24  0	-7.372
		25  0	-3.954
		26  1	-1.56
		27  0	-0.186
		28  0	1.535
		29  0	6.196
		30  0	-5.838
		31  0	-1.813
		32  0	-0.642
		33  1	0.0409999
		34  1	0.448
		35  0	-2
		36  0	7.147
		37  0	-3.193
		38  0	-0.266
		39  0	-7.565
		40  0	1.32
		41  0	2.125
		42  0	-2.531
		43  0	-2.16
		44  0	-4.458

node  3		 link	 weight	 bias 0.511
		1  0	-3.59
		2  0	0.355
		3  0	3.347
		4  0	4.759
		5  1	2.119
		6  0	-4.445
		7  0	-4.294
		8  1	-4.287
		9  1	3.065
		10  0	-6.379
		15  0	-4.106
		16  0	-3.344
		17  1	1.851
		18  0	-2.661
		19  0	3.326
		20  0	3.944
		21  0	-10.899
		22  0	0
		23  0	2.179
		24  0	3.591
		25  0	-2.911
		26  0	-0.285
		27  0	1.158
		28  0	-3.636
		29  0	3.204
		30  1	-0.00400019
		31  0	1.521
		32  0	1.862
		33  0	-4.188
		34  1	1.619
		35  0	-6.002
		36  0	-6.237
		37  0	4.492
		38  1	1.351
		39  0	-0.441
		40  0	-2.394
		41  0	-0.372
		42  0	4.023
		43  0	0.992
		44  1	0

node  4		 link	 weight	 bias 0.246
		1  0	-2.193
		2  0	-4.611
		3  1	-0.501
		4  0	-0.108
		5  0	1.143
		6  0	3.68
		7  1	-0.466
		8  1	7.514
		9  1	-2.202
		10  0	-5.671
		15  0	0.45
		16  0	-13.267
		17  1	-0.742
		18  0	1.03
		19  0	-4.264
		20  0	3.659
		21  0	-9.579
		22  1	1.7
		23  1	0
		24  0	0.957
		25  1	2.156
		26  0	-8.58
		27  1	-0.225
		28  0	1.42
		29  0	-3.677
		30  0	1.354
		31  0	4.988
		32  0	-2.446
		33  0	-0.69
		34  0	4.377
		35  1	2.751
		36  0	-4.017
		37  0	0.617
		38  0	-2.93
		39  0	-2.45
		40  0	-9.36
		41  0	2.134
		42  0	-10.379
		43  0	-4.128
		44  0	-4.628
