
======================================================
Score	5.21667e+14
Z	0.000355633
alpha	-0.30582
betta	0.00689284
gamma	0.0728905
Vx	-0.885844
Vy	-0.423073
Vz	0.0396823
engIng	0
cFuel	398
tfuel	324.446
======================================================

Initial Parametrs
rOa	{ 139 ; 8 ; -148 }

V	{ 12 ; 0.15 ; 0.03 }

w	{ -0.002 ; 0.0007 ; -0.0049 }

alpha	-0.00153
betta	-0.00144
gamma	0.00066
======================================================

 Layer 2

node  1		 link	 weight	 bias -85.857
		1  1	0.736
		2  0	-3.208
		3  0	-5.38
		4  1	7.72
		5  0	1.89
		6  0	0.24
		7  0	-8.524
		8  1	-8.21
		9  1	-0.973
		10  1	-2.273

node  2		 link	 weight	 bias -6.315
		1  0	2.354
		2  0	-5.88
		3  1	-10.283
		4  0	-0.99
		5  1	0.968
		6  1	-7.16
		7  1	0.812
		8  0	-0.869
		9  1	13.007
		10  0	-2.901

node  3		 link	 weight	 bias -12.852
		1  0	-4.563
		2  0	-5.917
		3  1	-3.29
		4  0	3.522
		5  1	-4.716
		6  1	-2.993
		7  0	6.448
		8  0	-1.636
		9  0	4.259
		10  0	-1.089

node  4		 link	 weight	 bias -61.102
		1  0	-7.246
		2  1	-8.245
		3  1	1.54
		4  0	0.989
		5  1	5.281
		6  0	-3.181
		7  0	-3.824
		8  1	1.637
		9  1	5.044
		10  1	0.097

node  5		 link	 weight	 bias -5.705
		1  0	-3.9
		2  0	-5.445
		3  0	-1.79
		4  1	1.422
		5  0	-0.66
		6  0	-5.025
		7  1	-2.212
		8  0	3.517
		9  1	1.054
		10  0	-0.604

node  6		 link	 weight	 bias -80.308
		1  0	-3.096
		2  1	1.504
		3  1	0.378
		4  0	-8.561
		5  0	1.714
		6  1	-6.091
		7  0	9.291
		8  1	-3.232
		9  0	1.247
		10  0	-0.421

node  7		 link	 weight	 bias 24.363
		1  1	-8.851
		2  0	1.057
		3  1	-2.046
		4  1	1.485
		5  0	-11.483
		6  1	4.713
		7  1	-11.71
		8  0	-3.251
		9  0	-3.46
		10  0	-1.773

node  8		 link	 weight	 bias -55.965
		1  0	-5.67
		2  0	1.241
		3  1	-7.651
		4  0	3.92
		5  1	-9.159
		6  1	-6.383
		7  1	-1.329
		8  0	-1.695
		9  0	-0.794
		10  0	-6.104

node  9		 link	 weight	 bias -26.727
		1  0	5.415
		2  0	2.687
		3  0	-9.611
		4  0	1.509
		5  1	-2.722
		6  1	1.179
		7  0	-4.53
		8  0	5.989
		9  1	-3.891
		10  0	-2.989

node  10		 link	 weight	 bias -33.241
		1  1	3.992
		2  0	1.267
		3  1	4.06
		4  0	-6.117
		5  0	8.119
		6  0	-23.326
		7  0	6.717
		8  0	-0.427
		9  0	0.496
		10  1	-1.848


 Layer 3

node  1		 link	 weight	 bias -16.73
		1  1	0.58
		2  1	-0.77
		3  0	9.357
		4  0	1.49
		5  1	-5.49
		6  0	2.111
		7  1	-4.501
		8  0	-7.012
		9  0	4.198
		10  1	-6.237
		15  0	3.016
		16  1	-4.333
		17  1	-5.564
		18  0	0.625
		19  0	4.193
		20  0	-1.183
		21  1	-10.013
		22  1	-3.037
		23  0	5.004
		24  1	-1.302

node  2		 link	 weight	 bias -4.034
		1  0	-0.0960003
		2  1	0.176
		3  1	1.53
		4  0	-4.216
		5  1	12.464
		6  0	4.699
		7  1	-1.012
		8  1	-1.983
		9  0	-0.548
		10  0	-0.23
		15  0	-5.133
		16  0	1.809
		17  0	-7.028
		18  0	-1.742
		19  0	2.252
		20  0	6.611
		21  0	4.032
		22  0	-1.169
		23  0	-1.71
		24  1	0.223

node  3		 link	 weight	 bias 3.541
		1  0	0.389
		2  0	3.823
		3  0	5.278
		4  1	0.0910003
		5  1	-0.448
		6  1	1.18
		7  0	1.394
		8  1	-2.37
		9  1	-2.825
		10  0	9.988
		15  1	0.407
		16  1	-0.0179999
		17  1	3.39
		18  0	1.811
		19  0	-2.183
		20  1	-0.218
		21  0	-0.468
		22  0	0.18
		23  0	-0.759
		24  1	0.601

node  4		 link	 weight	 bias -47.819
		1  1	-3.878
		2  1	2.202
		3  1	2.061
		4  0	5.712
		5  1	0.345
		6  0	1.654
		7  0	-6.395
		8  1	-12.451
		9  1	-1.659
		10  1	-7.192
		15  0	-2.786
		16  0	-2.732
		17  1	1.273
		18  0	-1.163
		19  1	7.305
		20  1	2.014
		21  0	-9.582
		22  0	-1.567
		23  1	-7.104
		24  0	3.409

node  5		 link	 weight	 bias 10.469
		1  0	-0.0310001
		2  0	-7.376
		3  0	2.714
		4  0	1.779
		5  1	-12.44
		6  1	-11.872
		7  1	-4.134
		8  1	-13.126
		9  1	-13.904
		10  1	-1.159
		15  0	-1.894
		16  0	3.843
		17  0	3.062
		18  0	0.491
		19  0	-3.19
		20  0	-1.182
		21  1	-5.977
		22  0	0.524
		23  0	-0.151
		24  0	0.128

node  6		 link	 weight	 bias -108.625
		1  0	-0.425
		2  1	-3.531
		3  0	0.199
		4  0	0.894
		5  0	1.351
		6  0	-2.412
		7  0	-0.23
		8  1	-3.91
		9  0	-0.491
		10  0	-0.387
		15  0	-2.567
		16  1	-4.057
		17  0	-3.085
		18  0	-1.338
		19  1	-0.131
		20  0	-5.669
		21  1	-7.558
		22  0	-3.182
		23  1	0.673
		24  0	-4.509

node  7		 link	 weight	 bias -26.407
		1  0	-7.032
		2  1	-2.293
		3  1	1.053
		4  0	-1.779
		5  1	-2.806
		6  0	4.056
		7  1	-2.153
		8  1	-0.672
		9  0	-8.516
		10  0	-4.868
		15  0	1.646
		16  1	-3.673
		17  0	-6.586
		18  0	3.196
		19  1	-1.588
		20  1	-0.547
		21  0	-0.494
		22  1	2.807
		23  1	-0.0190001
		24  1	1.547

node  8		 link	 weight	 bias -67.236
		1  0	0.614
		2  1	2.118
		3  0	-4.158
		4  1	-2.393
		5  0	-10.329
		6  0	2.653
		7  0	-1.41
		8  0	-7.086
		9  1	-2.69
		10  0	2.747
		15  0	0.03
		16  1	-3.464
		17  0	1.86
		18  1	0.9
		19  0	-11.869
		20  0	3.668
		21  1	0.368
		22  0	-0.653
		23  1	3.967
		24  1	0.862

node  9		 link	 weight	 bias -55.793
		1  1	-0.982
		2  0	-5.623
		3  0	-3.293
		4  1	-1.758
		5  1	10.945
		6  1	-8.596
		7  0	-2.986
		8  0	-2.245
		9  0	6.499
		10  1	0.256
		15  0	-5.205
		16  0	-2.125
		17  0	-9.496
		18  1	8.788
		19  1	2.673
		20  0	-6.087
		21  1	-4.928
		22  1	-0.989
		23  1	-0.114
		24  1	2.159

node  10		 link	 weight	 bias -3.049
		1  0	2.401
		2  1	-3.579
		3  1	0.717
		4  0	-6.13
		5  0	-1.761
		6  1	3.785
		7  0	4.787
		8  0	-0.674
		9  1	-0.249
		10  0	-11.456
		15  0	3.992
		16  0	-4.374
		17  0	5.519
		18  0	1.99
		19  0	-2.261
		20  0	3.388
		21  0	-1.709
		22  0	-1.594
		23  0	-6.749
		24  0	-0.767


 Layer 4

node  1		 link	 weight	 bias -3.042
		1  1	8.98
		2  1	-1.294
		3  0	-7.785
		4  0	-5.49
		5  0	3.792
		6  0	-1.285
		7  1	0.267
		8  0	-3.885
		9  1	-0.219
		10  1	-4.042
		15  1	-5.674
		16  1	-7.303
		17  1	3.616
		18  0	-5.744
		19  1	-4.526
		20  0	-7.291
		21  1	-0.935
		22  1	0.905
		23  1	3.49
		24  0	0.699
		25  0	1.896
		26  1	-6.03
		27  0	5.864
		28  0	0.599
		29  0	4.922
		30  0	3.76
		31  1	7.981
		32  1	1.318
		33  0	-0.901
		34  0	10.748

node  2		 link	 weight	 bias -14.54
		1  1	-5.22
		2  1	3.013
		3  1	2.872
		4  1	-1.225
		5  1	1.097
		6  0	-0.447
		7  0	1.214
		8  1	2.754
		9  1	-4.513
		10  0	0.308
		15  1	-9.115
		16  1	-3.709
		17  1	-3.534
		18  1	1.28
		19  1	-0.289
		20  0	-4.245
		21  1	-3.48
		22  0	-1.133
		23  1	0.114
		24  0	-3.07
		25  0	-2.924
		26  1	1.749
		27  1	4.794
		28  1	-5.732
		29  0	3.488
		30  1	1.678
		31  0	-1.387
		32  0	0.0669999
		33  0	3.187
		34  1	6.307

node  3		 link	 weight	 bias -43.634
		1  0	-9.453
		2  1	-3.076
		3  0	-5.607
		4  1	-1.973
		5  1	2.136
		6  1	4.304
		7  1	-7.379
		8  1	-2.107
		9  1	-2.964
		10  0	0.494
		15  0	-5.234
		16  1	8.734
		17  0	0.218
		18  0	2.322
		19  1	-0.611
		20  0	6.079
		21  1	4.592
		22  1	-2.464
		23  0	-2.262
		24  1	1.643
		25  0	0.877
		26  1	-6.102
		27  1	-0.877
		28  0	6.965
		29  0	2.973
		30  0	-4.883
		31  1	-3.868
		32  0	1.234
		33  1	-4.583
		34  0	2.026

node  4		 link	 weight	 bias 14.121
		1  0	-3.707
		2  0	-2.137
		3  0	-7.874
		4  1	1.025
		5  0	7.535
		6  1	3.754
		7  0	-2.03
		8  1	-8.23
		9  1	-4.269
		10  0	0.795
		15  0	3.027
		16  1	0.869
		17  1	1.451
		18  1	-0.294
		19  1	-0.539
		20  1	-3.058
		21  0	1.508
		22  0	-4.28
		23  1	4.822
		24  1	-0.373
		25  0	-1.941
		26  0	1.396
		27  0	-0.234
		28  0	-1.367
		29  0	6.143
		30  0	1.421
		31  0	2.794
		32  1	6.695
		33  0	2.867
		34  1	-8.57

node  5		 link	 weight	 bias 24.274
		1  1	-4.282
		2  1	6.743
		3  1	-7.152
		4  0	1.944
		5  0	-2.414
		6  0	-1.447
		7  0	-5.194
		8  1	-0.51
		9  1	2.923
		10  0	0.052
		15  0	3.019
		16  0	1.703
		17  0	-0.82
		18  1	0.633
		19  0	1.423
		20  0	7.959
		21  0	4.264
		22  0	1.363
		23  1	-8.717
		24  1	-1.104
		25  1	9.407
		26  0	1.496
		27  1	-0.394
		28  0	2.193
		29  0	-1.906
		30  1	0.695
		31  1	-1.727
		32  1	1.716
		33  0	-2.822
		34  0	-4.203

node  6		 link	 weight	 bias -25.766
		1  1	-2.648
		2  0	-0.281
		3  0	-1.193
		4  1	-3.522
		5  1	-0.123
		6  1	-0.244
		7  1	-8.473
		8  0	-10.694
		9  1	-4.519
		10  1	-4.74
		15  1	-4.167
		16  0	1.461
		17  0	-4.113
		18  1	-3.259
		19  1	-5.648
		20  0	-0.783
		21  0	-5.225
		22  1	-1.839
		23  1	-4.131
		24  0	2.604
		25  1	1.221
		26  0	2.662
		27  1	-2.738
		28  0	7.542
		29  0	-0.127
		30  0	-1.753
		31  1	1.13
		32  1	-5.892
		33  0	1.491
		34  1	0.0920002

node  7		 link	 weight	 bias -2.49
		1  1	0.955
		2  1	-3.07
		3  0	-5.302
		4  1	2.238
		5  1	-3.032
		6  0	-4.035
		7  0	-4.75
		8  0	-7.089
		9  0	-1.532
		10  1	0.581
		15  1	6.212
		16  1	0.238
		17  0	-1.09
		18  1	-2.488
		19  0	-0.262
		20  1	1.325
		21  0	1.044
		22  1	-3.704
		23  0	-2.07
		24  0	6.319
		25  0	-0.466
		26  0	5.366
		27  1	-3.967
		28  0	-5.83
		29  1	-2.111
		30  1	1.833
		31  0	-4.805
		32  0	-1.455
		33  1	4.548
		34  1	0.715

node  8		 link	 weight	 bias -61.558
		1  0	4.576
		2  0	5.529
		3  0	-4.363
		4  1	-2.95
		5  0	4.311
		6  1	3.61
		7  0	-7.037
		8  0	-3.611
		9  1	-3.582
		10  0	5.625
		15  1	-1.296
		16  0	5.477
		17  1	1.162
		18  1	-4.765
		19  1	-1.187
		20  0	-3.27
		21  0	1.273
		22  1	-7.456
		23  1	0.934
		24  1	4.791
		25  0	2.227
		26  1	1.839
		27  1	-1.055
		28  0	-1.949
		29  0	-3.647
		30  0	-1.686
		31  0	-5.225
		32  0	-3.967
		33  1	1.729
		34  1	-8.394

node  9		 link	 weight	 bias -57.725
		1  1	1.221
		2  0	3.109
		3  0	-7.715
		4  1	0.385
		5  0	-1.394
		6  0	-2.916
		7  0	-3.716
		8  1	2.833
		9  0	-2.057
		10  0	1.607
		15  1	-0.83
		16  1	5.913
		17  0	-1.156
		18  0	6.008
		19  0	-1.732
		20  1	3.741
		21  0	-3.082
		22  0	1.968
		23  1	5.442
		24  0	-2.478
		25  0	2.649
		26  1	7.603
		27  0	-6.183
		28  0	-0.187
		29  1	-2.29
		30  1	0.543
		31  1	-9.473
		32  0	-1.875
		33  1	-2.308
		34  0	-1.004

node  10		 link	 weight	 bias -50.026
		1  0	-2.87
		2  0	3.131
		3  1	2.225
		4  0	-2.452
		5  0	-8.443
		6  1	0.657
		7  0	3.684
		8  1	-3.124
		9  0	0.193
		10  1	-1.873
		15  1	2.26
		16  1	-3.389
		17  0	-1.521
		18  0	-2.268
		19  1	2.105
		20  1	5.46
		21  0	-0.726
		22  0	6.608
		23  0	-4.3
		24  1	-0.671
		25  1	-7.145
		26  1	5.398
		27  0	-4.781
		28  1	4.714
		29  0	-4.961
		30  0	-0.241
		31  1	1.978
		32  1	-1.015
		33  1	-6.722
		34  1	7.92


 Layer 5

node  1		 link	 weight	 bias -4.068
		1  0	-1.425
		2  0	3.553
		3  0	6.04
		4  1	0.463
		5  0	-4.626
		6  0	-5.672
		7  1	-1.983
		8  0	2.426
		9  0	0.716
		10  0	-1.295
		15  0	-11.264
		16  0	-8.861
		17  0	-6.83
		18  1	-0.76
		19  0	-5.07
		20  0	-5.208
		21  1	0.318
		22  0	1.872
		23  1	0.356
		24  0	0.565
		25  0	1.031
		26  0	1.973
		27  1	0.544
		28  0	-9.576
		29  0	8.692
		30  0	-4.613
		31  0	2.101
		32  1	-0.554
		33  0	-1.526
		34  0	3.391
		35  0	0.022
		36  0	-1.167
		37  0	0.629
		38  1	1.647
		39  1	0
		40  1	3.719
		41  1	-0.0310001
		42  1	-0.761
		43  0	6.015
		44  0	-12.278

node  2		 link	 weight	 bias 1.579
		1  0	4.372
		2  0	-4.205
		3  0	-7.673
		4  1	0
		5  0	-1.199
		6  1	0.124
		7  1	1.308
		8  1	-0.241
		9  0	-0.903
		10  0	-2.18
		15  0	0.0710001
		16  0	1.247
		17  0	-6.265
		18  0	-10.649
		19  0	2.468
		20  0	-1.566
		21  0	-4.686
		22  0	-1.846
		23  0	0.872
		24  0	-7.372
		25  0	-3.954
		26  1	-1.56
		27  0	-0.186
		28  0	3.557
		29  0	6.196
		30  0	-5.838
		31  0	-2.788
		32  0	-0.642
		33  1	0.0409999
		34  1	0.448
		35  0	-0.793
		36  0	7.147
		37  0	-5.052
		38  0	-0.266
		39  0	-7.565
		40  0	1.32
		41  0	1.671
		42  0	-2.531
		43  0	-2.16
		44  0	-4.458

node  3		 link	 weight	 bias 0.683
		1  0	-3.59
		2  1	0.355
		3  0	5.18
		4  0	4.759
		5  1	2.119
		6  1	-4.445
		7  0	-4.294
		8  1	-2.236
		9  0	2.444
		10  0	-6.379
		15  0	-4.106
		16  0	-3.344
		17  1	-0.0829999
		18  0	-2.661
		19  0	3.326
		20  0	2.76
		21  0	-10.899
		22  0	0
		23  0	-0.00399983
		24  0	3.591
		25  0	-2.911
		26  0	1.627
		27  0	1.158
		28  0	-3.636
		29  0	3.204
		30  1	-0.00400019
		31  0	1.521
		32  0	1.188
		33  0	-1.725
		34  0	1.494
		35  0	-4.774
		36  0	-6.237
		37  0	4.492
		38  1	-0.417
		39  0	-0.62
		40  0	-2.587
		41  1	-0.696
		42  0	4.023
		43  0	0.992
		44  1	0

node  4		 link	 weight	 bias -1.211
		1  1	0
		2  0	-4.611
		3  1	-0.501
		4  0	-2.536
		5  0	2.255
		6  1	3.68
		7  0	-2.227
		8  1	7.514
		9  1	-2.202
		10  0	-3.727
		15  0	0.45
		16  0	-13.267
		17  1	-0.742
		18  0	-1.767
		19  0	-4.264
		20  0	3.659
		21  0	-9.579
		22  0	3.603
		23  1	0
		24  0	0.957
		25  0	2.156
		26  0	-8.58
		27  0	-0.225
		28  0	2.183
		29  0	-3.677
		30  0	1.354
		31  0	2.883
		32  0	-2.025
		33  0	-0.69
		34  0	4.377
		35  1	0.768
		36  0	-4.017
		37  0	0.617
		38  0	-2.93
		39  0	-1.213
		40  0	-9.36
		41  0	2.134
		42  0	-10.379
		43  0	-1.776
		44  0	-4.628
