
======================================================
Score	5.4649e+14
Z	0.00101142
alpha	-1.79812
betta	-0.0784559
gamma	-0.0499032
Vx	-0.134811
Vy	-0.0155762
Vz	-0.0209315
engIng	0
cFuel	92
tfuel	193.399
======================================================

Initial Parametrs
rOa	{ 143 ; 194 ; -59 }

V	{ 11 ; 0 ; 5 }

w	{ -0.29 ; -0.37 ; 0.19 }

alpha	0.131
betta	0.077
gamma	-0.302
======================================================

 Layer 2

node  1		 link	 weight	 bias -0.196
		1  0	-0.877
		2  0	-3.661
		3  0	-1.319
		4  0	-4.005
		5  1	-2.404
		6  0	3.593
		7  0	-7.14
		8  0	-3.783
		9  0	-2.911
		10  0	0.423

node  2		 link	 weight	 bias -1.37
		1  0	-3.074
		2  0	-5.979
		3  1	-1.638
		4  0	-3.133
		5  1	0.22
		6  0	-3.332
		7  0	-5.095
		8  0	-9.636
		9  0	-7.786
		10  0	10.908

node  3		 link	 weight	 bias 16.052
		1  1	14.701
		2  0	-32.232
		3  1	-18.186
		4  1	-0.832
		5  1	-1.533
		6  0	-3.948
		7  1	1.657
		8  0	2.84
		9  1	-71.402
		10  0	-44.656

node  4		 link	 weight	 bias -20.772
		1  1	0.0849999
		2  1	2.647
		3  1	1.998
		4  1	1.38
		5  0	-10.815
		6  1	-0.863
		7  0	-0.325
		8  1	0.558
		9  0	1.208
		10  1	1.976

node  5		 link	 weight	 bias -0.543999
		1  0	0.864
		2  1	10.705
		3  1	0.367
		4  1	0.0179999
		5  0	5.642
		6  1	0.427
		7  0	-0.0359999
		8  1	-0.344
		9  1	4.582
		10  0	-9.064

node  6		 link	 weight	 bias -27.506
		1  1	-3.874
		2  1	-4.558
		3  0	-11.142
		4  0	-1.566
		5  0	-3.757
		6  1	-17.816
		7  0	-5.439
		8  1	-1.913
		9  1	0.0539992
		10  0	-8.244

node  7		 link	 weight	 bias -56.75
		1  0	5.512
		2  0	3.142
		3  0	0.4
		4  1	-4.621
		5  0	4.831
		6  0	-9.434
		7  1	-2.107
		8  1	0.598
		9  0	-8.492
		10  1	5.634

node  8		 link	 weight	 bias -79.825
		1  1	-1.607
		2  0	8.16
		3  0	-12.889
		4  0	-10.691
		5  1	0.133
		6  0	-0.744
		7  0	-2.006
		8  0	-4.145
		9  1	-7.552
		10  1	-5.089

node  9		 link	 weight	 bias -4.377
		1  0	0.614
		2  0	-5.407
		3  1	-1.83
		4  0	0.308
		5  0	0.128
		6  0	0.549
		7  1	-4.586
		8  0	-6.468
		9  0	0.933
		10  1	-3.461

node  10		 link	 weight	 bias -11.16
		1  0	-6.733
		2  0	5.975
		3  1	12.11
		4  1	-3.637
		5  1	-8.002
		6  0	-3.961
		7  0	-3.504
		8  1	1.673
		9  1	0.124999
		10  1	6.383


 Layer 3

node  1		 link	 weight	 bias -0.278
		1  0	4.862
		2  1	-0.158
		3  0	-6.447
		4  0	-4.199
		5  0	-1.651
		6  0	-2.066
		7  0	-3.345
		8  0	1.097
		9  1	3.373
		10  0	-3.684
		15  1	1.139
		16  0	-7.033
		17  0	0.0340002
		18  0	-5.744
		19  0	-6.892
		20  0	-3.492
		21  0	-0.712
		22  0	0.827
		23  0	-7.457
		24  0	-4.195

node  2		 link	 weight	 bias -0.152999
		1  0	-1.406
		2  1	-6.835
		3  0	-2.861
		4  0	3.126
		5  0	8.718
		6  1	-1.426
		7  0	-4.507
		8  0	2.375
		9  0	-0.322001
		10  1	2.739
		15  0	1.211
		16  0	-2.361
		17  1	-0.122999
		18  1	1.916
		19  0	-5.299
		20  1	1.952
		21  0	-4.993
		22  0	-7.228
		23  0	4.099
		24  1	-3.163

node  3		 link	 weight	 bias 7.596
		1  1	2.706
		2  1	0.224
		3  0	-1.504
		4  0	-5.111
		5  0	-1.343
		6  0	2.854
		7  1	0.0770001
		8  0	-6.707
		9  1	0.419
		10  1	1.163
		15  0	4.945
		16  0	0.826
		17  1	-0.126
		18  1	5.239
		19  1	1.431
		20  0	-3.274
		21  0	3.375
		22  0	6.864
		23  0	-3.619
		24  0	-2.465

node  4		 link	 weight	 bias -14.904
		1  1	1.364
		2  0	9.831
		3  0	-1.724
		4  0	-9.883
		5  0	-0.535
		6  1	-14.283
		7  1	2.215
		8  0	-12.238
		9  0	-3.448
		10  0	-6.036
		15  0	1.301
		16  1	2.318
		17  1	8.233
		18  0	1.636
		19  0	4.154
		20  0	-0.0369995
		21  0	4.019
		22  0	-4.856
		23  1	6.802
		24  1	-3.608

node  5		 link	 weight	 bias -74.545
		1  1	5.604
		2  0	-2.729
		3  0	-0.278
		4  0	2.02
		5  0	6.462
		6  1	5.036
		7  1	-7.236
		8  1	-2.982
		9  1	0.833
		10  0	-2.839
		15  0	0.89
		16  1	4.379
		17  0	-10.538
		18  1	2.579
		19  1	-4.414
		20  1	-2.049
		21  0	5.175
		22  0	5.259
		23  0	-0.154
		24  0	4.31

node  6		 link	 weight	 bias -27.846
		1  0	9.432
		2  1	-1.32
		3  1	-6.208
		4  1	6.464
		5  0	-2.261
		6  1	-1.038
		7  1	-4.464
		8  0	-4.606
		9  1	-5.199
		10  0	3.126
		15  0	-3.55
		16  0	1.425
		17  0	-7.133
		18  1	1.569
		19  0	-11.641
		20  0	-0.814
		21  1	3.763
		22  1	-4.65
		23  1	6.441
		24  0	2.213

node  7		 link	 weight	 bias 18.211
		1  0	1.426
		2  1	10.73
		3  1	-1.738
		4  0	1.813
		5  1	0.712
		6  1	-1.741
		7  1	2.488
		8  1	3.663
		9  1	-3.743
		10  0	-1.918
		15  1	-4.7
		16  1	-1.02
		17  0	4.44
		18  0	3.132
		19  1	-0.848
		20  0	3.911
		21  0	1.758
		22  0	-1.926
		23  0	-9.049
		24  1	8.372

node  8		 link	 weight	 bias 18.859
		1  0	3.446
		2  1	-5.217
		3  1	-2.534
		4  0	-4.995
		5  1	3.945
		6  0	-3.171
		7  1	5.203
		8  1	-4.615
		9  1	4.18
		10  1	-0.55
		15  1	5.606
		16  1	-0.452
		17  1	-6.336
		18  0	4.498
		19  0	-2.589
		20  0	8.283
		21  0	-4.538
		22  0	-1.548
		23  1	6.271
		24  0	-5.161

node  9		 link	 weight	 bias -27.468
		1  0	-9.007
		2  1	0.899001
		3  0	-2.635
		4  1	-3.207
		5  0	1.015
		6  0	-10.155
		7  0	3.163
		8  0	-9.443
		9  0	1.827
		10  1	-1.076
		15  0	2.922
		16  1	9.519
		17  0	1.849
		18  0	5.652
		19  1	-9.927
		20  0	-6.877
		21  0	0.342
		22  0	-5.171
		23  0	-7.53
		24  0	5.51

node  10		 link	 weight	 bias -70.731
		1  1	7.945
		2  0	-1.046
		3  0	-1.216
		4  0	-5.493
		5  1	-0.66
		6  0	4.392
		7  1	9.105
		8  1	-5.612
		9  1	-2.68
		10  1	1.162
		15  1	12.194
		16  1	-1.025
		17  0	0.0580006
		18  1	-9.944
		19  1	4.386
		20  0	-1.973
		21  0	0.927001
		22  0	-3.839
		23  1	-3.97
		24  0	-13.901


 Layer 4

node  1		 link	 weight	 bias -10.62
		1  1	-9.984
		2  1	-7.119
		3  1	6.244
		4  0	4.142
		5  0	-1.531
		6  0	3.168
		7  1	1.004
		8  0	3.172
		9  0	-2.522
		10  0	4.844
		15  0	0.98
		16  0	-2.765
		17  1	-3.597
		18  1	4.363
		19  1	3.684
		20  1	-2.924
		21  0	-8.175
		22  1	-4.295
		23  0	-5.763
		24  0	-0.892
		25  0	8.092
		26  1	-1.649
		27  1	-5.324
		28  0	-5.35
		29  0	-10.605
		30  1	-7.907
		31  1	-2.03
		32  0	0.214
		33  0	-1.012
		34  1	10.358

node  2		 link	 weight	 bias -55.708
		1  1	-3.747
		2  0	2.636
		3  1	4.65
		4  0	0.916
		5  0	-11.329
		6  0	-0.588
		7  0	-1.731
		8  0	-8.75
		9  1	-2.748
		10  1	-5.188
		15  1	1.55
		16  0	-1.115
		17  1	-3.084
		18  1	-8.938
		19  1	0.734
		20  0	-2.381
		21  1	-8.749
		22  1	-7.648
		23  0	-0.646
		24  1	6.995
		25  0	3.463
		26  1	-1.248
		27  0	-4.585
		28  1	-1.118
		29  1	4.909
		30  1	2.863
		31  1	2.996
		32  0	-4.494
		33  0	-1.834
		34  0	-5.042

node  3		 link	 weight	 bias -27.617
		1  0	-16.299
		2  1	-1.942
		3  0	-4.649
		4  1	-7.028
		5  0	4.898
		6  1	-2.645
		7  0	-2.183
		8  0	3.487
		9  0	-7.584
		10  1	5.492
		15  0	3.673
		16  1	-0.24
		17  1	4.622
		18  1	1.218
		19  0	-3.251
		20  0	2.431
		21  1	-4.213
		22  1	-1.806
		23  0	-0.715
		24  1	4.634
		25  1	0.449
		26  0	-5.153
		27  0	-7.902
		28  0	-2.751
		29  0	0.721
		30  1	-7.612
		31  1	-4.178
		32  1	-7.111
		33  0	-3.939
		34  1	1.345

node  4		 link	 weight	 bias -24.703
		1  1	-5.869
		2  1	1.777
		3  1	-5.267
		4  1	-0.217
		5  1	11.231
		6  1	3.312
		7  1	0.0319996
		8  1	-0.263
		9  1	-3.857
		10  0	-0.571
		15  1	-2.33
		16  1	3.138
		17  1	-2.36
		18  1	-1.192
		19  0	-9.827
		20  0	-3.913
		21  1	-2.817
		22  0	-6.79
		23  0	-3.404
		24  0	2.737
		25  1	0.153
		26  0	-3.988
		27  0	1.525
		28  1	0.881001
		29  0	8.939
		30  0	-4.594
		31  0	-4.353
		32  0	10.327
		33  0	-2.068
		34  0	-4.401

node  5		 link	 weight	 bias -77.703
		1  1	-1.952
		2  1	8.529
		3  0	-8.455
		4  0	0.131999
		5  1	0.960999
		6  0	8.984
		7  0	-12.843
		8  0	-1.128
		9  0	-8.161
		10  1	-1.549
		15  0	-8.688
		16  0	-5.185
		17  0	-0.894
		18  1	4.629
		19  0	3.926
		20  0	0.251
		21  1	-2.413
		22  1	-3.642
		23  0	-1.032
		24  0	-3.798
		25  0	-2.578
		26  0	-6.769
		27  1	-1.362
		28  1	-1.902
		29  0	3.07
		30  1	-1.585
		31  0	3.025
		32  0	7.794
		33  0	2.517
		34  0	1.004

node  6		 link	 weight	 bias -12.431
		1  0	5.267
		2  0	2.298
		3  0	5.948
		4  1	-4.03
		5  1	-2.416
		6  0	8.41
		7  0	-3.982
		8  0	0.469
		9  1	-0.655
		10  0	-7.913
		15  1	0.983
		16  1	-2.041
		17  0	4.801
		18  0	6.177
		19  0	-10.6
		20  1	0.312
		21  0	1.262
		22  0	-13.139
		23  0	1.933
		24  0	-4.512
		25  1	-12.535
		26  0	-2.4
		27  0	-3.378
		28  0	-9.956
		29  1	1.327
		30  1	-0.951999
		31  1	-3.657
		32  1	-1.549
		33  1	-5.072
		34  1	-2.263

node  7		 link	 weight	 bias -78.235
		1  1	-4.679
		2  0	5.188
		3  0	6.205
		4  0	3.445
		5  1	1.92
		6  1	11.318
		7  0	-6.05
		8  1	9.629
		9  1	6.098
		10  1	-1.968
		15  1	-2.993
		16  1	-7.198
		17  0	-1.65
		18  0	1.187
		19  0	6.62
		20  1	-6.553
		21  1	-6.535
		22  0	-7.979
		23  1	2.251
		24  0	-4.738
		25  0	-2.113
		26  0	-0.275
		27  1	12.812
		28  0	-14.647
		29  0	1.076
		30  1	0.414
		31  1	-3.545
		32  0	-3.35
		33  0	-10.11
		34  0	0.733

node  8		 link	 weight	 bias -23.243
		1  1	-4.007
		2  0	5.276
		3  1	-6.274
		4  1	-5.027
		5  0	-8.591
		6  0	2.922
		7  0	3.055
		8  1	0.653
		9  1	14.684
		10  0	-0.412
		15  1	-2.235
		16  0	-0.0909998
		17  1	-1.265
		18  1	0.849
		19  1	6.679
		20  0	-8.826
		21  0	-0.657
		22  0	0.465
		23  1	-7.608
		24  1	-2.873
		25  1	-2.877
		26  0	-6.154
		27  1	1.089
		28  1	-10.865
		29  0	-12.871
		30  0	-9.705
		31  1	1.633
		32  1	11.613
		33  0	3.644
		34  1	-1.453

node  9		 link	 weight	 bias -63.043
		1  0	-6.355
		2  1	5.718
		3  0	-0.465
		4  0	-1.99
		5  0	-6.001
		6  1	-3.974
		7  0	-6.114
		8  1	-0.953
		9  0	-8.397
		10  1	0.608
		15  0	-4.158
		16  0	-7.774
		17  0	-9.61
		18  1	-0.881
		19  0	-0.361
		20  1	2.244
		21  0	1.684
		22  1	-5.453
		23  1	1.167
		24  1	0.475
		25  1	2.81
		26  0	-0.284
		27  1	-4.72
		28  1	-7.72
		29  1	1.143
		30  1	-2.18
		31  1	-1.398
		32  1	-4.34
		33  0	3.441
		34  0	3.715

node  10		 link	 weight	 bias -45.606
		1  0	-8.569
		2  1	-0.148
		3  1	-5.582
		4  0	-4.757
		5  1	-7.834
		6  1	1.57
		7  0	-0.584
		8  0	4.951
		9  0	-0.916999
		10  1	0.24
		15  0	6.591
		16  0	6.147
		17  1	-0.787
		18  0	0.989
		19  1	6.686
		20  1	-3.101
		21  1	-3.288
		22  1	-2.542
		23  1	-5.023
		24  0	-4.408
		25  1	6.409
		26  1	-4.989
		27  0	-0.656
		28  1	2.222
		29  0	2.957
		30  1	2.813
		31  1	0.582
		32  0	-12.513
		33  1	3.414
		34  0	1.266


 Layer 5

node  1		 link	 weight	 bias -2.456
		1  0	5.534
		2  1	0.02
		3  0	-0.25
		4  0	5.105
		5  0	-1.549
		6  0	-2.189
		7  1	-2.621
		8  0	0.94
		9  0	-7.088
		10  0	-12.867
		15  0	1.673
		16  0	-7.903
		17  0	2.087
		18  0	4.984
		19  0	3.942
		20  0	-5.451
		21  0	-3.111
		22  0	2.834
		23  0	1.002
		24  0	-1.183
		25  0	17.626
		26  0	0.253
		27  1	-2.063
		28  0	-6.994
		29  0	0.83
		30  0	1.38
		31  0	1.124
		32  0	1.929
		33  0	2.952
		34  0	-5.079
		35  0	4.053
		36  0	-2.485
		37  0	-5.936
		38  0	2.031
		39  0	-5.874
		40  0	-2.677
		41  0	-3.498
		42  1	-0.00699997
		43  0	-3.066
		44  0	-5.089

node  2		 link	 weight	 bias -3.327
		1  0	2.2
		2  0	-4.513
		3  0	2.801
		4  0	-13.518
		5  0	-12.212
		6  0	-4.799
		7  0	-6.063
		8  0	0.398
		9  0	8.435
		10  0	2.832
		15  0	1.668
		16  1	-2.189
		17  0	-8.162
		18  0	-2.291
		19  0	2.873
		20  0	0.28
		21  0	-0.877
		22  0	5.013
		23  1	0.59
		24  0	-2.237
		25  0	-1.493
		26  0	-3.069
		27  0	4.212
		28  0	-3.604
		29  0	-6.303
		30  0	-1.495
		31  0	9.231
		32  0	0.123
		33  0	-0.315
		34  0	-12.017
		35  0	-1.509
		36  0	3.387
		37  0	-5.375
		38  0	-8.547
		39  0	1.6
		40  0	11.296
		41  0	-4.482
		42  0	-15.663
		43  0	-2.583
		44  0	7.705

node  3		 link	 weight	 bias 0.449001
		1  0	-6.357
		2  1	-0.429
		3  0	3.658
		4  0	9.79
		5  0	4.124
		6  0	0.782
		7  0	-3.324
		8  1	2.224
		9  0	2.891
		10  0	1.413
		15  0	-8.654
		16  0	-1.105
		17  0	0.502
		18  0	7.415
		19  0	4.583
		20  1	-0.000999928
		21  0	0.143
		22  0	-2.368
		23  0	-6.28
		24  0	-3.742
		25  0	-7.555
		26  0	-0.649
		27  0	-6.222
		28  0	0.073
		29  0	2.56
		30  0	-5.964
		31  0	7.074
		32  0	-9.474
		33  0	10.261
		34  0	4.714
		35  0	13.113
		36  0	-0.878
		37  0	-2.431
		38  0	-3.519
		39  0	-9.057
		40  1	-0.0569999
		41  0	-3.952
		42  0	-14.293
		43  0	-10.865
		44  0	-1.24

node  4		 link	 weight	 bias 1.982
		1  0	-4.892
		2  0	-3.402
		3  0	0.443
		4  1	2.815
		5  0	-4.579
		6  1	0.769
		7  0	-6.79
		8  0	-1.535
		9  0	2.327
		10  0	0.225
		15  0	-1.478
		16  0	-6.855
		17  0	-0.522
		18  0	-1.885
		19  1	0.036
		20  0	-1.373
		21  0	11.552
		22  0	5.099
		23  0	0.715
		24  1	0.04
		25  1	0.163
		26  0	-0.986
		27  0	-0.204
		28  0	-0.41
		29  0	-2.483
		30  0	-0.415001
		31  0	-14.374
		32  0	5.885
		33  0	0.922
		34  0	1.537
		35  0	-2.563
		36  0	-4.073
		37  0	-3.91
		38  0	2.001
		39  0	-6.013
		40  0	-0.0990002
		41  0	4.678
		42  0	-4.107
		43  0	3.451
		44  0	-1.398
