
======================================================
Score	1.03759e+14
Z	0.00538915
alpha	-4.25922
betta	-0.0739952
gamma	-0.0754003
Vx	-0.3577
Vy	-0.0494356
Vz	0.117806
engIng	0
cFuel	399
tfuel	259.883
======================================================

Initial Parametrs
rOa	{ 133 ; 171 ; -170 }

V	{ 12 ; 0.08 ; 0.05 }

w	{ -0.0004 ; 0.0022 ; 0.0019 }

alpha	0.00298
betta	-0.0002
gamma	0.00183
======================================================

 Layer 2

node  1		 link	 weight	 bias -67.986
		1  0	4.189
		2  0	-3.208
		3  0	-4.025
		4  1	7.72
		5  1	0.828
		6  1	1.137
		7  0	-8.15
		8  1	-9.917
		9  0	-2.692
		10  0	-2.273

node  2		 link	 weight	 bias 2.295
		1  0	3.128
		2  0	-5.88
		3  1	-10.283
		4  1	0.413
		5  0	0.227
		6  1	-5.799
		7  1	-1.207
		8  0	-1.67
		9  1	12.025
		10  1	-3.181

node  3		 link	 weight	 bias -13.234
		1  0	-5.909
		2  0	-6.869
		3  1	-3.29
		4  0	3.522
		5  1	-4.716
		6  1	-5.801
		7  0	6.448
		8  0	0.553
		9  1	4.259
		10  0	-2.037

node  4		 link	 weight	 bias -46.763
		1  0	-4.395
		2  0	-6.523
		3  1	1.683
		4  0	-1.019
		5  1	2.822
		6  1	-3.181
		7  1	-4.24
		8  1	1.637
		9  0	5.044
		10  0	0.097

node  5		 link	 weight	 bias -1.801
		1  0	-5.151
		2  0	-7.587
		3  1	-1.216
		4  1	1.422
		5  0	-0.66
		6  1	-4.886
		7  0	-0.845
		8  1	2.981
		9  0	0.488
		10  0	2.828

node  6		 link	 weight	 bias -66.565
		1  0	-4.052
		2  0	-0.177
		3  1	0.378
		4  0	-8.613
		5  0	4.021
		6  1	-6.06
		7  1	9.291
		8  0	-4.508
		9  0	-0.874
		10  1	-1.855

node  7		 link	 weight	 bias 19.327
		1  0	-8.851
		2  1	-0.00899998
		3  1	-2.046
		4  0	2.875
		5  0	-11.63
		6  1	4.713
		7  0	-11.952
		8  0	-2.847
		9  0	-4.935
		10  0	-1.453

node  8		 link	 weight	 bias -48.209
		1  0	-7.894
		2  1	0.799
		3  0	-7.651
		4  0	3.758
		5  1	-13.199
		6  1	-6.976
		7  0	-1.329
		8  0	-2.07
		9  0	-4.228
		10  0	-7.587

node  9		 link	 weight	 bias -37.717
		1  1	4.981
		2  0	3.189
		3  0	-9.611
		4  0	1.509
		5  1	-3.7
		6  1	0.959
		7  0	0.28
		8  0	6.905
		9  1	-3.891
		10  1	-2.989

node  10		 link	 weight	 bias -44.08
		1  0	3.992
		2  1	1.267
		3  1	2.473
		4  0	-6.117
		5  1	8.119
		6  0	-22.296
		7  0	6.717
		8  1	-0.132
		9  1	-1.965
		10  1	-1.848


 Layer 3

node  1		 link	 weight	 bias -25.575
		1  1	-1.277
		2  1	-2.814
		3  1	7.526
		4  1	1.626
		5  1	-7.25
		6  1	2.111
		7  1	-4.368
		8  0	-4.7
		9  0	4.722
		10  1	-8.089
		15  0	3.016
		16  1	-3.199
		17  1	-4.037
		18  1	0.625
		19  1	4.193
		20  1	1.548
		21  1	-10.205
		22  1	-3.037
		23  0	5.004
		24  1	-1.302

node  2		 link	 weight	 bias -2.646
		1  0	-1.628
		2  1	0.176
		3  1	2.586
		4  0	-5.389
		5  0	9.084
		6  1	3.39
		7  1	-1.012
		8  1	-0.979
		9  0	-0.931
		10  0	0.824
		15  0	-2.676
		16  0	0.59
		17  0	-9.418
		18  0	-1.742
		19  0	2.654
		20  1	6.406
		21  0	4.929
		22  0	-1.633
		23  0	-1.81
		24  0	1.599

node  3		 link	 weight	 bias -15.72
		1  0	1.456
		2  1	3.823
		3  0	5.278
		4  0	0.0910003
		5  1	-2.478
		6  1	1.06
		7  0	1.394
		8  0	-2.37
		9  1	-2.825
		10  0	5.316
		15  0	1.293
		16  1	0.0799999
		17  1	1.643
		18  0	4.303
		19  0	-1.538
		20  0	-1.714
		21  0	-2.572
		22  0	-2.593
		23  0	2.982
		24  1	1.444

node  4		 link	 weight	 bias -48.875
		1  1	-3.878
		2  0	0.899
		3  0	2.598
		4  0	5.712
		5  0	2.221
		6  0	1.654
		7  1	-10.359
		8  0	-11.227
		9  1	-1.659
		10  1	-7.192
		15  0	-1.816
		16  1	-3.554
		17  1	0.082
		18  0	-0.739
		19  0	5.741
		20  0	2.014
		21  0	-8.916
		22  0	0.677
		23  0	-10.102
		24  0	3.409

node  5		 link	 weight	 bias 11.002
		1  0	-2.338
		2  0	-5.402
		3  1	2.714
		4  0	1.779
		5  1	-14.328
		6  0	-11.073
		7  1	-3.416
		8  0	-12.236
		9  0	-12.664
		10  1	-1.807
		15  0	-0.293
		16  0	2.593
		17  0	3.062
		18  1	0.241
		19  0	-2.639
		20  1	-0.65
		21  1	-5.977
		22  0	-1.856
		23  1	1.928
		24  1	-0.648

node  6		 link	 weight	 bias -101.218
		1  0	-0.425
		2  1	-4.738
		3  0	-1.825
		4  0	-0.253
		5  0	1.351
		6  0	-6.357
		7  1	-0.558
		8  1	-3.91
		9  1	1.314
		10  0	0.406
		15  0	-2.943
		16  1	-6.514
		17  0	-3.085
		18  1	-0.0410001
		19  1	-0.131
		20  0	-5.669
		21  1	-6.42
		22  1	-3.182
		23  0	0.673
		24  0	-4.886

node  7		 link	 weight	 bias -21.14
		1  0	-7.032
		2  0	-2.254
		3  0	1.053
		4  0	-3.582
		5  1	-5.258
		6  1	3.427
		7  1	-1.863
		8  0	3.372
		9  0	-8.516
		10  0	-2.826
		15  0	1.415
		16  1	-5.554
		17  0	-6.586
		18  0	4.111
		19  0	-0.686
		20  1	-0.547
		21  0	0.113
		22  0	4.603
		23  1	-2.396
		24  1	1.547

node  8		 link	 weight	 bias -62.235
		1  0	0.614
		2  0	2.893
		3  0	-1.689
		4  1	-3.427
		5  0	-9.755
		6  0	2.744
		7  0	-3.098
		8  0	-9.02
		9  0	-1.99
		10  0	2.747
		15  0	0.03
		16  0	-2.291
		17  1	1.86
		18  1	-1.03
		19  0	-10.718
		20  1	3.668
		21  1	0.512
		22  0	1.591
		23  0	3.606
		24  1	0.862

node  9		 link	 weight	 bias -54.35
		1  0	-4.505
		2  0	-4.569
		3  1	-3.56
		4  1	-1.758
		5  1	11.301
		6  0	-11.159
		7  0	-1.06
		8  0	-2.245
		9  0	8.861
		10  1	0.256
		15  1	-4.099
		16  0	0.0830002
		17  0	-9.949
		18  1	10.802
		19  1	2.673
		20  0	-7.22
		21  1	-7.019
		22  1	-3.412
		23  1	1.316
		24  0	2.159

node  10		 link	 weight	 bias -0.31
		1  0	0.887
		2  1	-2.451
		3  1	0.604
		4  0	-8.835
		5  1	-1.761
		6  0	3.785
		7  0	4.787
		8  0	-2.77
		9  0	0.394
		10  0	-8.091
		15  0	5.011
		16  0	-8.319
		17  1	3.131
		18  0	2.906
		19  0	-1.537
		20  0	3.388
		21  0	-1.709
		22  0	-1.594
		23  1	-6.614
		24  0	-2.233


 Layer 4

node  1		 link	 weight	 bias -4.815
		1  1	7.908
		2  1	-0.165
		3  1	-4.204
		4  0	-6.712
		5  0	1.969
		6  1	-1.285
		7  1	3.284
		8  0	-5.842
		9  1	-0.219
		10  0	-4.538
		15  1	-5.674
		16  1	-7.215
		17  0	3.582
		18  0	-10.298
		19  1	-4.015
		20  0	-7.291
		21  0	0.0930001
		22  1	1.39
		23  0	3.49
		24  0	2.378
		25  1	1.896
		26  1	-6.03
		27  1	6.296
		28  1	1.055
		29  1	4.922
		30  1	3.874
		31  0	5.843
		32  0	1.318
		33  0	0.78
		34  0	10.898

node  2		 link	 weight	 bias -43.316
		1  0	-7.199
		2  1	6.448
		3  0	2.872
		4  1	-1.225
		5  1	1.833
		6  1	-3.024
		7  1	-1.085
		8  1	2.329
		9  0	-4.513
		10  1	1.964
		15  1	-10.566
		16  1	-2.445
		17  1	-3.011
		18  1	1.662
		19  1	-0.289
		20  0	-4.245
		21  1	-3.889
		22  1	-1.24
		23  1	-0.62
		24  0	-1.824
		25  0	-1.452
		26  0	1.749
		27  1	3.34
		28  1	-6.845
		29  0	5.059
		30  1	1.678
		31  1	-1.387
		32  1	1.074
		33  1	3.187
		34  0	5.681

node  3		 link	 weight	 bias -55.975
		1  1	-9.453
		2  0	-7.25
		3  0	-5.607
		4  0	-1.973
		5  1	2.136
		6  0	4.305
		7  0	-9.735
		8  1	-1.574
		9  1	-2.964
		10  0	0.494
		15  1	-3.197
		16  1	8.734
		17  0	-0.809
		18  0	2.886
		19  0	-2.197
		20  1	3.726
		21  1	4.592
		22  1	-1.011
		23  0	-4.29
		24  1	1.643
		25  1	-1.13
		26  0	-2.807
		27  0	-0.877
		28  0	6.965
		29  1	2.973
		30  0	-6.824
		31  1	-3.73
		32  0	0.668
		33  0	-4.583
		34  0	4.129

node  4		 link	 weight	 bias -6.292
		1  0	-3.707
		2  1	-1.382
		3  1	-10.411
		4  1	1.025
		5  1	4.196
		6  1	1.429
		7  0	-2.03
		8  1	-8.23
		9  1	-5.527
		10  1	1.77
		15  1	2.771
		16  0	0.869
		17  0	5.06
		18  0	-0.294
		19  1	-2.766
		20  1	-1.972
		21  1	1.508
		22  0	-4.28
		23  0	3.531
		24  1	0.14
		25  1	0.26
		26  0	2.768
		27  1	-0.234
		28  0	-1.367
		29  1	6.143
		30  1	-0.113
		31  1	0.884
		32  0	7.855
		33  0	-1.104
		34  1	-9.807

node  5		 link	 weight	 bias 38.844
		1  1	-4.282
		2  1	7.086
		3  1	-10.08
		4  1	-1.424
		5  0	-3.123
		6  0	0.394
		7  0	-5.194
		8  1	-2.633
		9  0	4.772
		10  0	1.968
		15  1	4.24
		16  0	3.17
		17  1	1.064
		18  1	-0.505
		19  0	0.00400011
		20  0	6.557
		21  0	4.264
		22  1	3.104
		23  1	-10.01
		24  0	-5.007
		25  0	10.47
		26  0	1.496
		27  1	-1.522
		28  0	1.698
		29  0	-1.906
		30  0	0.695
		31  1	-1.727
		32  1	1.716
		33  1	-4.493
		34  1	-5.612

node  6		 link	 weight	 bias -9.74
		1  1	-0.735
		2  0	-0.487
		3  0	-5.038
		4  1	-3.767
		5  1	1.568
		6  1	-1.626
		7  1	-8.473
		8  0	-10.694
		9  0	-6.589
		10  1	-4.74
		15  0	-2.941
		16  0	-1.192
		17  1	-5.823
		18  1	-1.205
		19  1	-5.636
		20  1	-0.27
		21  0	-7.602
		22  1	-2.618
		23  0	-4.131
		24  0	3.604
		25  1	1.221
		26  0	4.215
		27  1	-7.027
		28  0	4.709
		29  0	-0.0539999
		30  0	-1.753
		31  1	-0.435
		32  1	-5.892
		33  0	0.79
		34  0	0.43

node  7		 link	 weight	 bias -3.814
		1  1	-0.466
		2  0	-3.07
		3  1	-5.281
		4  1	0.364
		5  1	-1.341
		6  1	-4.035
		7  1	-4.975
		8  0	-5.519
		9  0	-5.281
		10  1	0.581
		15  1	6.212
		16  0	0.238
		17  1	-1.349
		18  1	-6.256
		19  0	-0.262
		20  0	1.325
		21  1	1.044
		22  0	-5.113
		23  0	-0.31
		24  0	5.109
		25  0	3.33
		26  0	9.322
		27  1	-3.967
		28  1	-3.61
		29  1	-1.358
		30  1	1.833
		31  0	-4.805
		32  0	-1.364
		33  1	1.436
		34  0	3.205

node  8		 link	 weight	 bias -81.59
		1  0	4.902
		2  0	6.645
		3  0	-4.363
		4  0	-2.95
		5  1	4.311
		6  1	0.973
		7  0	-5.981
		8  0	-1.733
		9  0	-5.379
		10  0	5.625
		15  1	0.932
		16  0	9.49
		17  1	-1.164
		18  1	-3.677
		19  0	-2.591
		20  0	-3.27
		21  0	1.158
		22  1	-7.456
		23  1	-1.123
		24  1	3.463
		25  0	0.746
		26  0	2.94
		27  1	-3.401
		28  0	-1.397
		29  1	-3.647
		30  0	-1.079
		31  0	-5.225
		32  0	-4.443
		33  0	1.729
		34  1	-9.512

node  9		 link	 weight	 bias -56.578
		1  1	1.921
		2  0	4.594
		3  0	-5.429
		4  1	0.385
		5  0	-1.394
		6  0	-4.85
		7  1	-3.716
		8  1	2.905
		9  1	-5.886
		10  0	2.44
		15  1	-4.5
		16  0	4.185
		17  0	-4.481
		18  1	6.886
		19  0	-1.732
		20  1	3.622
		21  0	-2.266
		22  1	2.759
		23  1	6.916
		24  1	-2.289
		25  0	1.069
		26  1	5.941
		27  1	-6.183
		28  0	-0.187
		29  0	-1.126
		30  0	-2.17
		31  0	-8.6
		32  0	-1.875
		33  1	-2.308
		34  0	2.708

node  10		 link	 weight	 bias -44.462
		1  1	-1.537
		2  0	3.591
		3  1	3.094
		4  0	-4.894
		5  0	-9.44
		6  0	0.484
		7  0	4.975
		8  0	-3.771
		9  1	-2.058
		10  0	-1.873
		15  1	2.26
		16  1	-5.682
		17  0	-1.521
		18  1	-0.359
		19  1	2.105
		20  1	3.242
		21  1	-0.726
		22  0	6.608
		23  0	-1.919
		24  1	-1.498
		25  0	-7.145
		26  0	3.666
		27  0	-4.234
		28  1	2.459
		29  1	-2.67
		30  0	-0.318
		31  1	-1.016
		32  0	-1.015
		33  1	-5.222
		34  1	3.955


 Layer 5

node  1		 link	 weight	 bias -0.998
		1  0	-1.425
		2  0	3.553
		3  0	3.884
		4  1	0.463
		5  1	-4.62
		6  0	-5.94
		7  1	-1.983
		8  1	4.962
		9  0	1.867
		10  0	-2.483
		15  0	-9.767
		16  0	-8.167
		17  0	-6.83
		18  0	-3.926
		19  0	-5.07
		20  0	-2.525
		21  1	0.03
		22  0	3.886
		23  0	1.236
		24  0	-1.427
		25  0	2.165
		26  0	1.973
		27  1	0.544
		28  0	-13.558
		29  0	8.692
		30  0	-6.645
		31  1	3.996
		32  1	-0.554
		33  0	-2.846
		34  0	2.813
		35  0	0.022
		36  0	-2.625
		37  0	0.759
		38  1	1.647
		39  0	2.494
		40  1	3.917
		41  1	-0.0310001
		42  1	-0.761
		43  0	5.704
		44  0	-14.394

node  2		 link	 weight	 bias 1.423
		1  0	4.372
		2  1	-4.205
		3  0	-7.673
		4  0	0
		5  0	-1.508
		6  0	-2.258
		7  1	1.308
		8  1	-0.566
		9  0	-0.835
		10  0	-0.28
		15  0	-0.342
		16  0	1.986
		17  0	-8.541
		18  0	-8.172
		19  0	4.515
		20  0	-1.566
		21  0	-3.089
		22  0	-1.72
		23  0	0.872
		24  0	-7.372
		25  0	-3.954
		26  1	-1.763
		27  0	-0.186
		28  0	3.557
		29  0	6.196
		30  0	-3.929
		31  0	-2.115
		32  0	-1.415
		33  1	-0.467
		34  0	2.373
		35  0	-0.367
		36  0	5.384
		37  0	-4.531
		38  0	-1.671
		39  0	-9.145
		40  0	0.321
		41  0	2.474
		42  0	-4.808
		43  0	-1.924
		44  0	-3.124

node  3		 link	 weight	 bias 0.338
		1  0	-3.706
		2  1	-1.684
		3  1	2.975
		4  0	4.812
		5  1	1.997
		6  1	-7.433
		7  0	-4.763
		8  1	3.741
		9  0	-1.817
		10  0	-3.809
		15  0	-3.368
		16  0	-5.608
		17  0	-0.127
		18  0	-0.355
		19  0	-0.0599999
		20  0	3.9
		21  0	-10.899
		22  1	0
		23  1	-0.00399983
		24  0	3.591
		25  0	-2.911
		26  0	1.627
		27  0	2.216
		28  0	-1.131
		29  0	-0.459
		30  0	0.769
		31  0	1.521
		32  0	1.188
		33  0	-0.886
		34  0	1.494
		35  0	-3.678
		36  0	-6.237
		37  0	4.492
		38  1	-0.417
		39  1	-0.62
		40  0	-3.729
		41  0	-0.696
		42  0	2.656
		43  0	0.992
		44  0	0

node  4		 link	 weight	 bias 2.951
		1  0	0
		2  1	-3.576
		3  1	-1.107
		4  0	-0.454
		5  1	2.341
		6  1	2.441
		7  0	-2.188
		8  1	5.804
		9  1	-2.202
		10  0	-4.398
		15  0	-0.605
		16  0	-11.82
		17  1	1.465
		18  0	-1.767
		19  0	-4.264
		20  0	1.721
		21  0	-11.332
		22  0	3.603
		23  1	0
		24  0	0.957
		25  1	0.014
		26  0	-9.958
		27  1	1.553
		28  0	2.158
		29  0	-3.677
		30  0	2.77
		31  0	2.883
		32  0	-2.95
		33  0	-0.69
		34  0	6.665
		35  1	0.064
		36  0	-4.639
		37  0	-0.784
		38  0	-0.621
		39  0	-1.213
		40  0	-5.132
		41  0	4.428
		42  0	-10.121
		43  0	-4.269
		44  0	-5.546
