
======================================================
Score	2.56779e+14
Z	0.000677415
alpha	-3.53156
betta	-0.0488819
gamma	-0.17526
Vx	-0.0452946
Vy	-0.00448641
Vz	-0.00763972
engIng	0
cFuel	392
tfuel	316.698
======================================================

Initial Parametrs
rOa	{ 136 ; 102 ; -210 }

V	{ 10 ; 0.18 ; 0.18 }

w	{ 0.0003 ; 0.0033 ; 0.003 }

alpha	-0.0026
betta	0.00067
gamma	-0.00198
======================================================

 Layer 2

node  1		 link	 weight	 bias -67.175
		1  1	-0.135
		2  0	0.285
		3  0	-0.335
		4  1	6.387
		5  1	-0.464
		6  0	0.832
		7  0	-6.524
		8  1	-5.651
		9  0	0.706
		10  1	-2.273

node  2		 link	 weight	 bias -5.503
		1  0	1.85
		2  0	-4.546
		3  1	-10.312
		4  0	-1.208
		5  0	1.882
		6  1	-7.301
		7  0	0.812
		8  0	-0.959
		9  1	2.05
		10  0	-2.835

node  3		 link	 weight	 bias -0.499
		1  0	-2.313
		2  0	-3.642
		3  1	-2.277
		4  0	3.522
		5  1	-3.348
		6  1	-1.356
		7  0	6.595
		8  0	-2.434
		9  0	2.39
		10  0	-3.417

node  4		 link	 weight	 bias -58.081
		1  0	-5.094
		2  1	-3.146
		3  0	-1.463
		4  0	3.949
		5  1	5.281
		6  1	-3.181
		7  1	-6.082
		8  1	1.637
		9  1	2.585
		10  0	2.669

node  5		 link	 weight	 bias -0.73
		1  0	-2.419
		2  0	-7.587
		3  0	-3.132
		4  1	1.422
		5  1	0.793
		6  1	-4.88
		7  1	-0.158
		8  0	1.951
		9  1	1.054
		10  0	-0.606

node  6		 link	 weight	 bias -69.283
		1  1	-0.848
		2  1	4.061
		3  1	-2.273
		4  0	-8.561
		5  1	5.393
		6  1	-4.957
		7  1	9.291
		8  0	1.207
		9  0	-0.561
		10  0	-1.073

node  7		 link	 weight	 bias 12.842
		1  1	-5.135
		2  1	0.71
		3  0	1.095
		4  1	2.238
		5  0	-8.692
		6  1	5.435
		7  1	-10.376
		8  1	-3.926
		9  1	-3.46
		10  1	-1.773

node  8		 link	 weight	 bias -38.677
		1  0	-2.535
		2  0	-1.171
		3  0	-5.725
		4  0	4.233
		5  1	-7.459
		6  0	-7.028
		7  0	-2.05
		8  0	-2.568
		9  0	0.293
		10  0	-7.065

node  9		 link	 weight	 bias -7.84
		1  1	6.36
		2  0	4.647
		3  0	-9.611
		4  0	2.471
		5  1	-2.354
		6  0	1.867
		7  1	-3.216
		8  1	8.357
		9  0	-3.965
		10  1	-0.329

node  10		 link	 weight	 bias -25.353
		1  1	1.575
		2  1	3.648
		3  0	2.976
		4  0	-8.343
		5  0	5.924
		6  1	-13.992
		7  1	4.517
		8  1	-2.059
		9  1	-0.642
		10  1	-1.537


 Layer 3

node  1		 link	 weight	 bias -26.077
		1  1	0.185
		2  0	-0.667
		3  0	4.637
		4  0	-1.343
		5  1	-5.181
		6  0	2.111
		7  1	-4.443
		8  1	-10.247
		9  0	5.603
		10  1	-5.688
		15  0	1.363
		16  1	-4.333
		17  0	-2.143
		18  0	-0.742
		19  1	0.0589999
		20  0	3.589
		21  0	-9.591
		22  1	-3.037
		23  1	5.007
		24  1	-1.302

node  2		 link	 weight	 bias -1.865
		1  0	-1.308
		2  0	0.304
		3  1	1.53
		4  0	-0.77
		5  1	11.984
		6  0	9.195
		7  0	0
		8  1	-0.979
		9  0	0.0619997
		10  0	-1.835
		15  0	-2.862
		16  0	0.724
		17  0	-7.028
		18  0	-1.846
		19  0	-1.358
		20  0	4.247
		21  0	2.954
		22  0	-1
		23  0	-1.943
		24  1	0.223

node  3		 link	 weight	 bias -0.673
		1  0	0.576
		2  0	-0.335
		3  0	3.047
		4  1	0.0910003
		5  1	-0.596
		6  1	1.18
		7  0	3.54
		8  0	-2.37
		9  1	-3.72
		10  0	8.671
		15  1	0.407
		16  1	-0.0179999
		17  1	3.39
		18  0	-0.017
		19  0	-0.615
		20  1	-0.218
		21  0	-1.387
		22  0	0.18
		23  0	-0.477
		24  1	1.444

node  4		 link	 weight	 bias -13.221
		1  0	-3.134
		2  0	-0.246
		3  1	2.064
		4  1	6.839
		5  1	-1.636
		6  1	0.0309999
		7  0	-3.962
		8  1	-12.059
		9  0	-3.762
		10  1	-1.292
		15  1	-3.867
		16  1	-1.968
		17  1	3.642
		18  0	1.801
		19  0	6.115
		20  0	2.014
		21  0	-6.625
		22  0	-1.567
		23  0	-1.113
		24  0	4.58

node  5		 link	 weight	 bias 16.284
		1  0	2.556
		2  0	-4.594
		3  1	3.89
		4  1	0.678
		5  1	-11.819
		6  1	-6.933
		7  1	-3.416
		8  1	-6.797
		9  0	-1.717
		10  1	-1.159
		15  1	-1.129
		16  0	2.593
		17  0	1.077
		18  0	2.612
		19  1	-3.214
		20  1	-1.182
		21  0	-4.184
		22  0	1.824
		23  0	1.96
		24  1	0.172

node  6		 link	 weight	 bias -80.92
		1  0	1.385
		2  1	-2.248
		3  0	-1.952
		4  1	0.902
		5  1	1.913
		6  1	-3.346
		7  1	2.057
		8  0	-2.686
		9  1	-0.491
		10  0	-2.107
		15  0	-1.511
		16  1	-4.057
		17  0	-1.378
		18  0	-2.166
		19  1	0.822
		20  1	-6.043
		21  1	-2.451
		22  1	-1.547
		23  1	2.299
		24  0	-0.03

node  7		 link	 weight	 bias -55.33
		1  0	-7.032
		2  1	1.371
		3  0	0.307
		4  0	-2.78
		5  1	-3.479
		6  0	4.577
		7  1	-0.718
		8  0	-0.922
		9  0	-6.247
		10  0	-0.928
		15  0	1.877
		16  1	-2.72
		17  1	-10.006
		18  1	3.286
		19  1	0.403
		20  0	0.142
		21  1	-1.171
		22  1	4.96
		23  0	-0.0190001
		24  0	3.197

node  8		 link	 weight	 bias -50.088
		1  0	-2.336
		2  0	4.539
		3  0	0.195
		4  1	-1.081
		5  1	-6.332
		6  1	0.862
		7  1	-0.305
		8  0	-5.382
		9  1	-2.69
		10  0	3.427
		15  0	1.293
		16  1	-3.956
		17  1	2.718
		18  1	-1.393
		19  1	-9.134
		20  1	1.148
		21  0	2.561
		22  0	-3.722
		23  0	2.952
		24  0	2.182

node  9		 link	 weight	 bias -87.485
		1  1	-2.098
		2  1	-2.964
		3  1	0.534
		4  0	-0.655
		5  0	11.384
		6  1	-7.013
		7  1	-4.38
		8  1	-2.865
		9  0	3.838
		10  1	0.256
		15  1	-3.105
		16  1	-2.125
		17  0	-3.613
		18  1	5.065
		19  0	2.876
		20  1	-4.4
		21  1	-3.461
		22  1	-2.91
		23  1	-2.653
		24  0	-0.628

node  10		 link	 weight	 bias -0.789
		1  0	-2.493
		2  0	-3.579
		3  0	-3.257
		4  0	-4.286
		5  1	-0.677
		6  0	4.724
		7  0	-1.177
		8  0	-0.0710002
		9  0	0.0829999
		10  0	-10.522
		15  0	2.22
		16  0	-3.769
		17  0	4.501
		18  0	3.409
		19  0	-1.147
		20  0	1.02
		21  0	-1.709
		22  0	0.732
		23  0	-2.68
		24  0	-2.128


 Layer 4

node  1		 link	 weight	 bias -4.09
		1  0	7.908
		2  0	-0.041
		3  0	-5.481
		4  1	-3.539
		5  0	3.506
		6  0	-2.551
		7  0	0.267
		8  0	-1.043
		9  0	-0.219
		10  1	-2.352
		15  1	-5.674
		16  1	-7.215
		17  0	1.244
		18  0	-5.744
		19  1	-4.526
		20  0	-8.879
		21  1	-0.935
		22  1	0.599
		23  1	3.49
		24  1	2.609
		25  0	2.201
		26  1	-8.719
		27  0	8.511
		28  0	1.464
		29  0	6.25
		30  1	4.039
		31  0	7.981
		32  1	1.315
		33  0	-0.901
		34  0	10.55

node  2		 link	 weight	 bias -10.066
		1  1	-4.128
		2  0	6.313
		3  0	-1.236
		4  1	0.239
		5  0	-0.922
		6  1	-2.46
		7  0	3.108
		8  1	2.754
		9  1	-4
		10  0	1.274
		15  1	-7.049
		16  1	-3.569
		17  0	-3.534
		18  1	1.28
		19  1	-0.289
		20  1	-1.686
		21  1	-0.239
		22  1	-1.006
		23  0	-5.388
		24  1	-4.68
		25  0	-3.312
		26  1	1.749
		27  0	1.953
		28  0	-3.457
		29  0	2.805
		30  0	3.306
		31  1	-2.031
		32  0	-0.203
		33  0	4.333
		34  1	4.931

node  3		 link	 weight	 bias -45.611
		1  1	-8.339
		2  1	-2.155
		3  0	-4.217
		4  1	-2.357
		5  1	5.727
		6  0	3.665
		7  0	-3.6
		8  1	-4.739
		9  1	0.229
		10  1	-2.871
		15  0	-5.509
		16  0	3.859
		17  0	-3.117
		18  1	-0.216
		19  0	0.0720003
		20  1	1.544
		21  0	1.725
		22  1	-3.895
		23  1	-2.262
		24  1	1.534
		25  0	1.527
		26  1	-4.451
		27  1	-0.226
		28  0	5.563
		29  1	6.233
		30  0	-4.27
		31  1	-3.868
		32  0	1.234
		33  1	-6.573
		34  1	0.08

node  4		 link	 weight	 bias 19.859
		1  0	-0.648
		2  0	-4.441
		3  0	-7.117
		4  0	1.817
		5  1	2.698
		6  1	1.149
		7  0	-1.97
		8  1	-5.934
		9  1	3.001
		10  0	1.521
		15  1	2.781
		16  1	-1.001
		17  0	0.102
		18  1	0.0619999
		19  1	-2.766
		20  0	-1.655
		21  1	1.508
		22  0	-4.069
		23  1	4.822
		24  1	0.457
		25  1	-1.941
		26  1	0.0459999
		27  0	-0.386
		28  0	-1.367
		29  0	4.558
		30  0	1.421
		31  1	0.067
		32  1	4.458
		33  1	1.652
		34  0	-4.648

node  5		 link	 weight	 bias -0.219001
		1  0	-4.61
		2  0	7.468
		3  1	-5.645
		4  0	1.655
		5  1	-3.017
		6  0	0.393
		7  0	-5.194
		8  1	-0.51
		9  1	2.923
		10  0	0.052
		15  0	3.019
		16  0	1.278
		17  0	0.956
		18  0	0.326
		19  1	0.06
		20  1	5.388
		21  1	4.264
		22  0	7.373
		23  0	-6.402
		24  0	-2.096
		25  1	12.002
		26  0	2.589
		27  0	0.911
		28  0	-0.802
		29  1	-0.246
		30  1	-0.631
		31  1	2.781
		32  1	2.149
		33  1	-2.532
		34  0	-3.953

node  6		 link	 weight	 bias -27.523
		1  1	-0.0599998
		2  0	-0.281
		3  0	-4.624
		4  1	-3.79
		5  0	-0.11
		6  1	1.836
		7  1	-6.029
		8  0	-5.802
		9  1	-1.851
		10  1	-4.74
		15  0	-0.902
		16  0	2.879
		17  1	-4.113
		18  1	-1.205
		19  1	-5.648
		20  0	2.553
		21  0	-3.472
		22  1	-1.839
		23  1	-4.131
		24  0	-1.178
		25  1	1.221
		26  0	1.947
		27  1	-2.738
		28  0	5.743
		29  0	1.042
		30  0	-4.822
		31  1	3.724
		32  1	-5.892
		33  0	0.449
		34  0	0.0920002

node  7		 link	 weight	 bias -5.755
		1  1	0.955
		2  0	-0.933
		3  0	-6.579
		4  1	2.238
		5  0	-1.588
		6  1	-4.035
		7  0	-5.794
		8  0	-4.857
		9  1	-1.624
		10  1	0.581
		15  0	2.776
		16  1	0.238
		17  0	-1.909
		18  1	-2.488
		19  1	-0.262
		20  1	1.325
		21  0	1.044
		22  1	-5.113
		23  0	-1.524
		24  0	1.54
		25  0	0.401
		26  0	4.923
		27  1	-3.967
		28  1	-5.83
		29  1	-2.111
		30  1	1.833
		31  0	-0.455
		32  0	0.493
		33  1	4.548
		34  1	0.715

node  8		 link	 weight	 bias -78.012
		1  1	5.679
		2  1	7.204
		3  1	-4.363
		4  0	-3.844
		5  0	5.193
		6  1	5.091
		7  0	-5.676
		8  0	-2.473
		9  0	-3.659
		10  0	5.625
		15  0	-1.296
		16  0	3.859
		17  1	1.162
		18  0	-3.677
		19  1	1.094
		20  1	-4.565
		21  0	-0.022
		22  1	-5.933
		23  1	1.456
		24  0	2.717
		25  0	2.32
		26  1	0.699
		27  1	-1.055
		28  1	0.322
		29  0	-2.817
		30  1	-0.234
		31  0	-4.294
		32  0	-4.207
		33  1	4.552
		34  0	-8.394

node  9		 link	 weight	 bias -24.724
		1  1	-0.681
		2  1	6.771
		3  0	-4.083
		4  1	-0.205
		5  1	-2.67
		6  0	-0.11
		7  0	-3.716
		8  0	7.063
		9  1	-2.459
		10  1	-1.597
		15  1	-0.994
		16  0	5.775
		17  0	-3.713
		18  0	6.701
		19  0	-0.0940001
		20  1	3.961
		21  1	-2.103
		22  0	3.575
		23  0	5.442
		24  1	-2.478
		25  0	3.648
		26  0	8.259
		27  1	-6.183
		28  0	-0.187
		29  1	-1.536
		30  1	-1.741
		31  1	-6.494
		32  1	-2.452
		33  0	-4.139
		34  1	-1.004

node  10		 link	 weight	 bias -26.275
		1  0	-4.961
		2  0	0.938
		3  1	2.988
		4  1	-2.452
		5  1	-7.539
		6  1	0.657
		7  1	5.305
		8  1	-5.124
		9  0	-6.236
		10  0	0.813
		15  1	1.211
		16  0	-3.208
		17  1	-1.465
		18  0	-3.916
		19  0	1.454
		20  0	1.684
		21  0	-0.726
		22  1	5.409
		23  1	-1.892
		24  0	-3.82
		25  1	-6.899
		26  1	4.436
		27  0	-2.96
		28  1	4.202
		29  1	-1.451
		30  0	-2.718
		31  0	2.353
		32  0	-1.611
		33  0	-8.791
		34  1	6.827


 Layer 5

node  1		 link	 weight	 bias -5.41
		1  0	-1.425
		2  0	0.394
		3  0	0
		4  1	0.463
		5  1	-4.795
		6  0	-5.772
		7  1	-1.983
		8  0	3.048
		9  0	1.281
		10  0	1.45
		15  0	-6.46
		16  0	-6.611
		17  0	-3.579
		18  0	-0.357
		19  0	-1.82
		20  0	-7.414
		21  1	0.03
		22  0	-4.344
		23  0	-1.522
		24  0	-0.412
		25  0	1.944
		26  0	1.807
		27  1	0.544
		28  0	-9.703
		29  0	8.714
		30  0	-4.398
		31  0	3.596
		32  1	-0.554
		33  0	-1.526
		34  0	1.477
		35  0	3.373
		36  0	-0.109
		37  0	-1.5
		38  1	1.647
		39  1	0
		40  1	3.719
		41  1	-0.0310001
		42  1	-0.761
		43  0	4.39
		44  0	-12.801

node  2		 link	 weight	 bias 2.847
		1  0	2.543
		2  0	-3.132
		3  0	-6.353
		4  1	0
		5  1	0.117
		6  0	-0.993
		7  1	1.308
		8  0	1.166
		9  0	-3.422
		10  0	-0.992
		15  0	-1.948
		16  0	2.212
		17  0	-1.929
		18  0	-10.675
		19  0	2.04
		20  0	0.299
		21  0	-5.369
		22  0	0.251
		23  0	0.0850001
		24  0	-6.25
		25  0	-2.062
		26  1	-1.56
		27  0	-0.186
		28  0	3.807
		29  0	7.028
		30  0	2.238
		31  0	2.046
		32  0	-1.538
		33  1	-0.467
		34  1	0.448
		35  0	-0.367
		36  0	4.53
		37  0	-2.674
		38  0	0.624
		39  0	-5.269
		40  0	3.156
		41  0	1.842
		42  0	-2.531
		43  0	-3.991
		44  0	-1.973

node  3		 link	 weight	 bias 1.327
		1  0	-5.243
		2  1	0.355
		3  0	7.562
		4  0	4.759
		5  1	2.119
		6  1	-4.445
		7  0	-4.294
		8  1	0.108
		9  0	-0.785
		10  0	-2.629
		15  0	-6.023
		16  0	-4.78
		17  1	-0.0829999
		18  0	-0.31
		19  0	3.326
		20  0	3.234
		21  0	-6.047
		22  1	0
		23  1	-0.00399983
		24  0	5.089
		25  0	-3.716
		26  0	2.1
		27  0	0.906
		28  0	-6.027
		29  0	3.612
		30  1	-0.00400019
		31  0	0.22
		32  0	1.188
		33  0	-3.967
		34  0	1.427
		35  0	-3.834
		36  0	-3.037
		37  0	2.991
		38  1	-0.417
		39  0	-2.752
		40  0	-1.26
		41  0	-0.696
		42  0	1.629
		43  0	1.147
		44  0	0

node  4		 link	 weight	 bias 0.698
		1  1	0
		2  1	-2.832
		3  0	1.371
		4  0	-2.161
		5  1	0.0969996
		6  1	0.81
		7  0	-2.227
		8  0	6.908
		9  0	1.849
		10  0	-3.015
		15  0	-1.165
		16  0	-6.184
		17  1	-0.742
		18  0	-2.391
		19  0	-1.888
		20  0	1.886
		21  0	-7.869
		22  0	2.533
		23  0	0
		24  0	4.743
		25  0	4.341
		26  0	-8.633
		27  0	-0.225
		28  0	4.294
		29  0	-4.052
		30  0	1.549
		31  0	5.326
		32  0	-4.43
		33  0	0.369
		34  0	7.397
		35  0	0.768
		36  0	-3.867
		37  0	1.702
		38  0	-0.262
		39  0	-2.524
		40  0	-5.048
		41  0	2.134
		42  0	-12.851
		43  1	0
		44  0	-3.253
